Elliptic Curve: brainpoolP256r1
Field Prime: 76884956397045344220809746629001649093037950200943055203735601445031516197751
Base Point: (63243729749562333355292243550312970334778175571054726587095381623627144114786, 38218615093753523893122277964030810387585405539772602581557831887485717997975)
Polynomial Degree: 5
Polynomial Coefficients: [13, 13, 27, 59, 47, 25]
Public Key: (9387784635773906919796616382634185042318708286144781540514776446640056220217, 28295115078703545302474243907371486949649723755536810463553856707179988071726)
19506772969647722277787786407016232452411245086547735570389154473853301892784, 54303456513700722019546755208781095041769662301545399153649780977747766253813
28802828423360256424272620634838148642718209648232954019437862573692392045158, 28152757125448439757886056373844367783042043267183759720737130935921292882844
21059534873462428027575256912258086498417020917283117706141585991546921998306, 56822686781862309513853004654333829834072159575176825982724286340666819937613
34901222755089601123557912332832026196301667706358103432504799643078972113116, 37951956103877629078378259858583469239640132362677256921795412700235106160439
23359736955307085060473139324998781720415069482282454242283413450682759174832, 45119529479549603655660073905689023253650185172873782123364461394125800510321
55607643320268500556603215925483810320572229530104098028511440242272967912193, 10667030667654310784490861639324223690471466957037360823209941426626299002320
8159055843538222721328575159726250566949255872155110946160348007966177500281, 41729140274698284323705115786403104125363009691236257449631732037266840223738
70510126660400157812586073972406076030122788722917445422612158827958743865766, 47107507052199015193540014681073844318756978460106989440178890754721214425742
55488354081041470526032761441517841678407231694245999199685747421737439104338, 47434689291448019517445391452482776601240322195380956157570987679916879971788
30742282795069148232557052112574215568645188166229935863309198440685982005505, 26138382159724660272129722139495589395024799292608813536323610423473489009793
21349717723066108240644324563580136022051805859126304098523559218711182834402, 21608513225802257767917572107964160507300976325228620026648911872194748644401
54412782889025607884965809593868357911590049523359592487726164513375246712727, 70585491302074484716618026131983123060014536070599705422628062352810930464835
13284452778527117444109619730980473103587863295282262400472272552861984801696, 19043558680289900534922447344438228989257490679703920706496073425866045231702
40357477263770590897640303999638184632502357474421193614162506008285837214935, 33506760338627181425706486268246417051332990760646959143190922346483770626851
46126374436261389725662675224462104976408093433316507670678301957913831375765, 46797002872233095388677407639073981219516661841301322669730601259722122940471
41728009579639583565918356714655478941000107955181414444630754543256961963136, 74285195837682709903765750213825347981679701297818854692663062403535499831305
35937568581320466211579928250093897318066227300118418538101350641595293485044, 18104605920282739524831233094669687148308666104956334295594318301367613211626
21215218952698858092799232593824752181076036273172646133835400622813279038889, 54079345803227857498463996067092759188724532117227191706008752938895283240952
26481853731599203462281184748973380849073135813530552495131977057422672227622, 52969530162227446225892756710166148609347669407668847635764625831514396982525
61757769763425566593802513478945459638944218015986562983044309261698335781366, 23875832894705861084657480653561992933397646752018848904729334044863665055980
42180929168326927971672583168593366621972495571305515904368556460754331681250, 75762260171585010237509955892065744198955095914544848055218666410026288755380
57764008859595484891468250177729240476018155022058554128636810848153335654249, 10643153825454663967880695269242969910535617783410079868318372066005592502149
33198863245590392572412430524518943617226500566075865751620229961141177364142, 16197526216146508257087482836762938345855840997959895335698918056450170092246
41421836779904306415586305131764923530331581096271897254514359334560691536314, 29293980121426915961860987052382338670386405551102281567439873876520707070265
9137994233513089636421378932630971743530766929617438217829831937208723029531, 71498814886543720671997687941808650000006091215277651098686005633000913931204
76540597026266326751816485180189495896631969507819857092565437850173786186431, 72897010634737026677476561779566973641753211605074052715042712016769787901631
32175219004476303638415317812666314340869859277427365298741056857268687564127, 64927428155379649215022377050131861777663430727660216959466112095206560293100
37131991230287433515941381761687350138007832322551795829772702252596734451599, 72802657848531386302186267493635138941432764125844614330462354410894442314270
38050551459047010213751248706361643099603161376443569588654545448007783626919, 50507806523221535011361842566407240685164219576034930940483420752375988358358
50761426001865283990840047901352567960243550154917862265198692951473384239958, 4655873202101874681547368463244141387517659117275769831108609744789729559191
42063185017537597019163172631453828385986247066721874089043666844834942926197, 46817080991122240456692020534261528997243337713637864679936330875725854575759
27639761080737048383141675283429790238052613599693219685908632728159642272718, 35375894017110081108583620810724489532816362467946945550552712320628348462233
10764387438598806137341452900002554226891448064421200498782430877146772093379, 7358534962777506300419295067311064225647752685103131638640547394064913839022
47611260491349546737985323498971752479956934729537464943345008381224340631139, 40388606305483168265965691815220552581297745088017601176171866724053487196361
11526454129294056378330733103367942349190152583351188298645700693572626295042, 924564072244030442683921312070418689821784173107724560862433803688142449385
69154529928632636676458453926380114619231133738430879390040461871161769062696, 55028855429592373085976601566042384813502692724688542441531705119111251618826
19168855152424785706403931306037583969278858727123123254753791730948743133108, 56242572669874127795749200504169866402947547993833578133971935796881109314715
28855650912723126157876118116787508966493593571207478795646531593377351196041, 28817597400047441726406521083800413242128228655872995392322531448412755741806
18343328981972022359404701315458007163778597750670960682569466291844643791637, 41567109099122834054792396029979906210351581769567934584480591912891787487174
27404952223728410142315519885337496828179318150637166482170717229245113117665, 62151571338287232332350759636857812686352608704398379360888467580348407287527
54807917212683351419005124377585592765142983800380344692746177851252643214917, 65107824080782438864443207809685220085876379049376941126101075461687214143872
38784270196528674717710241060843839409643519117042375763479791969195338699804, 53450800901751672480492595509521856067899444852682756280767638739929073466357
76252354385550220078943563527960963747939380157684226717499088331399540999348, 45942656373090493183366253432145598498552318459799365680841782278438249388415
826514378076264834692360083701821923840793217516938215591240283651921403817, 36148292626834549612747112297026293452298796905923952510211604060626341067418
26319125949144822550477664597108681379405246549658866198979399233195017618763, 17232614985171995178629654154126049801535503372012270778975127772408796888232
50713533004075913686608487273337616417621844071144104429594664967064973140035, 30802525508636756305621585410222576289894739969552747140688195899799415962630
10856891091517971096681260934807048720268889156642498170261411612539487777554, 12710017014269766300571872353260380168655548016648960131685555341212030874046
2401561841578100967039080265610887814978820187813706801112268947507795148649, 51677292573024290307602479235775436487895239579008914263930966458274765381571
73952598557875848479992068307659036333116525292426716574278864858329676689733, 44913023472298781834802410272570664482352218146504161184692670845820797392301
27642008909892243107830516555418467089089481579998025735294901888796795022219, 28524048884905405236354083669434740675400101749377962733689937641303975476179
43489245470341818166769130957637039641648695731648033654140424084426283366946, 50867601048085689826271936439806798007361855144782257095345583797138573503435
2481946223138988910863330564340402690347889762889399704626460864454627457052, 55813708942232992590222835652165901730900214612027168413269218003031640385307
28345609898694849242926518722834227440914003376788421365434683929742821811386, 24682229522840209016435013335638568942649345600807617599147832499285724241460
19087144297886693714902443297563427846039101300663180556417917557205721680975, 51078700350328774615872585625131080484286251297911701645610978115338900854532
33934658139188921431695940703889874001069421009155763345734166837752578209592, 65152743583750562797995520919901935993609490730223743394361773909436804980896
38656734640855466757197622665525272010579295577940999709981042213601476952511, 64704565096624817207505153657975571151703560493590772922570785485324961879520
70543620784676154028095351096346173279396529687419652861610462996053962339575, 40089867553159613323736680965203891043045100377185714483458485355730300756047
47247947606743776280196374782856315466213374997128081595539535318972365291960, 39082140632637669346928696749545514297405473736545066376811425966138822053335
72575106548557440638376353771563921075909456340306345153380248933078041096589, 50287878632659399134124240677960592309695155415421030962981598303343441198797
69472650107997981250166549124869874253862650874483898663249838607443346287288, 75941476796079951654422084975853478547260871127532900275932807285010940205561
51110934268457981684380316448227264196356750510017424392425791380228820201791, 5170140455783187395698652769380163218555999713168618727112227097249929754941
28422334878520556103808542727184516984391820422304736693663673805272958238717, 62262143463516901335998555474683850993897025557095476768747269184496388730254
24942475533998068466356873292410014957979354227439739949399999648980988821782, 62568891943314817600100689467583660166870880580156342512799847385934033719688
71873734707852954516603731056617226838412825851009006574028367087171633238555, 3708037207303102967203630126260169167998265312476075137563473039554328374039
858512362677217963708030167155723058290080179431059908429381900393107556797, 60474092449491081281892195675686015685363134466006997892597427925192504574330
8611269197492881867152725309917489896390476826088997176994842984633525951412, 10994053151404521177433532476641742866159511469511850082732964254050503686728
69559100810993555305494070616745508971007721209146150262621047417570254289263, 57122752842412540506857448078148372572314965754347615577524962326915657067863
53042314638368114719632039764834287528712356987580675297171378463342019956180, 17108018519259485483066370862059200933120152211226376698960600814547210165119
13103510284379266209864466400793846597928871040090839813116406748693456145155, 53737039723762160401992356612646120114698408271625265396689324266902644669647
40483043035501756912770885236176689403590873293463421343610229772874348438699, 74179375062909460793602296934387323457010614399267290286042204031993573415506
28274161630266184485509451617331492868064548708384487872696508121069735189348, 7455431745418557429470388713039203186650494528644108913214362256417644940285
29003050107336107674656995541429325305833438597543378656716805688856887125524, 21436994237289788598269383023696660818332909267952555527727205552296180879348
23300832775522314538992788685543950901693959347151847872906485264062001202078, 32940721775322805368038903390147914174220644164948386920576351960389505403789
57528563613076297427014921853547859107968747348547266348109685616199833718055, 22966700470036925749273781650937018435050923210508245771189187180698618992078
28041000856738309060214958183810524436836062084723017179302269590182876599234, 59064802745963411225585380754667867636267338399979740724905581736488313336590
68259744598979612314119624245429920221325348742135656386590741499240719625699, 1783821255324779130405934685069140267635011007652703913005250051880989377543
21389707938084162491488627858831263935119676690447580089557772317397347710454, 17065334780993950425086391527911584442768802415091420830031929903478993641737
17811192441880784636571575832912723684228741595934077042340293166697063892656, 31252073958049265308065144836848230292641862821340904847734123425156119488292
31709380795005555695101377968466410766421181564751306558763012173592397269859, 19877306168869507306839684823885883074019298696764695715465530658092960918157
57748193925658238717512033492135890149070463744330419569619395631430926333465, 54604327802981070136226701075569050267767300497674545477458901972251306834585
47788083239244097269575008230989727464463218952004426400864159172349357306411, 62590747897634670206585608845037465706107138842660378444323859487705282879436
65983735867587107979259608626302500631784952098418133086607954081660054219412, 43870552607550851393775348647982107180265084659834400485525127179717737262969
53864199286206687375310447639854489553399104485267548299406672532822445295527, 24014121969980282358306841352773853987123509393437232350814079213374644617135
7416927933748356776248955755845623300650293178963755094678004157527771537147, 19693784902771728673812207840394780367748359952871407521259109621911811398397
33978744699200787979034764447270059684686755624587436136339395015239653766496, 6105863562571875702268876550276128832783015020592716761818151164287813815923
63104044318356144925637315739104134413082807291907921180091819859468611101776, 38519780211735471668677886855547227546996092630110149232298880739358434357530
66006945018866638969938952908568900144194384616493124291114325115018348567419, 75418682873766904352572212900093701234051128587002458997570218539426624277130
26980155941857462321227598392956169489435270054157326646466585070801629264710, 40152619732798868462712362272286876191270075107260581625109619213829124883483
44958144563361747618043009497694240843717566463249401362095446313282256793158, 28251974495151635825788174006582619959362182651693867961757275200439038689207
11974034144763697123571838115499289564464567941631732210906809734195911588170, 32152817491765048880893978520416527045383244621199027374998681854525073592319
9381956472469227503593039227411849423186226270756183697387179332142813801680, 46584686391042277722033650231650876331281092765671186500759718064931639913866
36656196986936723200497123646449289388183447730335850081720730467596334742617, 30954790231154377970701267304329214228778273585138695305574766061592768021645
38831817582866622547896542213153484765242508514447076785451772170348174640821, 50906419050276757366583826868166431135357881021626362241585329216115221215333
60656889093041872613133175953914680829756990345513237938268405551720138260376, 30127780877043092819317239095740711505798770619933641725538910069787822459747
63457484690089252640630005289049894631311197390624643588981677792143071395167, 16404650680569449372240251331408264210049880770701691797088796073942075461769
30808584334423236705316864319390777943997942629222457507907797052545747582158, 61063505051009821487292232717775878862158697760119778950912072672592083281598
19134465605583640948543635870387298408293117649856774442182745320639358554285, 8545156945323008694443371508993677517593234128581729075649415032075004646327
25036850970794696920765920510407434331546833159709693578038072344543378438134, 19541501726004117394002919412734154484869134611626001417807613847228992026028
26268352851367791288941597157821066119749350769366482738945054986228773223696, 1382699967047461116516806746334156572261612134800514096983920541410528039593
52170718832588713667300757093067478233743954933052990516356398779273832978213, 66292435958137962882628236200379907634699569020174449644439071437808492418984
30366184226196846741353963097542823094716052821589787071416439915079655554020, 11800875202917336607482706011804602548111460889410213370941541973200133180687
14116665931510073938293218666389205432156637461990830955134816927351610089451, 45093535769072589254075483311011883219901280349418827108689907385320242666948
69801670892124259103054402381126195705741362647940301640053504810835203921784, 19578702699481424870981667127748953442059252983242797451932258352984686096733
8831712962428867259414922660854113353924062300802516954400494887998671057286, 76408742278263632181161536049424802479596115352941979812863927293366200431927
14023757195451194756190574865268653384533974217333130185292124714036459131983, 23096794517180588801674077554194395311965844488475538188181190569362813196675
25997405857325844973215252645415981802405938259669489809025988661727528540915, 48125021638815560854273121029468390956186015325305772833621697321503523903760
60592698266456780441339332291921595028787880359650833814341981267142209634167, 11244923188236576927103215140992327003985733777880604317718691758411170369497
49784022395842060043916240278471253815811472566927426042998737590936489850688, 20700293341278975656658501706521236336348048451573335994401081141474151091973
23257240321642669020944873441161968116085188305937031736887802760778902457464, 61837875796900917880257050709301412651922153723690025527245053053587051011566
15128405195689842699614149432848404258836181974741707207989090669692284069303, 13450325244086005747305245255754037940053131166482469136712199479404821516773
16493318835161760120274417941465933697868701910390937450475689420237261892924, 7631025066045107713031022923156395199260034062517864820622698287102485127119
60511812369985112581479103816572631872650561133660424321820031806173247174638, 15194517680989737738779507684188083182337161093566627650616694767866292825809
48665516124798375844176032317342346656491547235061461037528004176540316902181, 15796016303763568885736613870888133936362586462535902173901400145020550766586
65031814018659018204345188509093273395580836764550190027072277713862477065469, 65923978014356207842708424824320426093764010379125131298294311114747299160151
32253397408859499298065354636659323145683827709253124486173676253981636581692, 53886519416596264717344892617893339302707658554218389936510526800200939437544
8241663299493742002968668412915560621788374606609241843142105475168135728741, 69780151273904296021776674585346236895350478612050742094220852904783180626304
39063356288468351696376047266834395767586822452334929665422021748233337953203, 3003671362630039207745779763311811774553160497140111645257012595634019504775
1704619276311477381658311543874867138501684699151673437155228441726547291825, 64950318871748391304022599500698882242182617315138918872544800419041749545716
21880150688864871317080852788696378298102938466329451332920120817171627534398, 34242101650396193255615738249711774012689210138394779224132646107679112258709
22873788233897455319749213265492672949920948201998852670608218670936392990110, 32677740547773829590031635497852026243249585339142609962302467521867469818995
3642766628803222890171377111611815364262736891908264124830285909666029613710, 62309808579940088803013528740923550821814602231548905646044518890506482120680
32055600423666770549489249204208742531606273076222509571681323027209054263030, 21925981624315609100473474525432978418600993960223727635789999618710443775251
42256548860257061255433618327897631416937190883354514643616677182821681059125, 51627604382963624279416284868345838378789204516234029751127627295172977669908
37969820329924681433532793286993420685326803298763732223012713819606297276601, 74717405990753320450829871520965047634104441588320138742452801869181836507360
31747242176425719145951604859144289339308777454011895200597165458672278397790, 66290406087707229108048131614757304396099716583869269887740003197206559202993
41316815698553737545224345824487642318150359964979314492522670638044751092361, 32048956165037085084146620529909888840810059528351846331861478502266015252513
23467371750304293611062005963389659385527284756485268705065015824370370023682, 44535181453745568733707974970371646747790824505863950449114648367992695242924
25788360432337494797333411027421367342623262831607360283005512784186299556407, 60976492264158173555939912236902924986995646487733668084833726983394566717423
74226845551602710891686970064996471671609163033877171301546418134917999811511, 42156126845762765060175836340010800147813681455134617486937975794652716455076
11108634500717608094454354809931414387096891794266511147655834351985524424833, 51855908460213345213417413162491706889332575411813260041398996703605662864372
71356792838329683529438401127276738608576212901409745544255232392453851931928, 15081452530921751728109437798264392647889524281151128226991214966644961961795
27099070326188403266293607520260003220610647293218440276650870821073138584381, 17940265246491832106470276963130764555496079968137845668760309499335575129714
7875387198736256742452732946202152517959300478106912484220674154589704825522, 65452079442671998053146828906305546203752544608317709520473255777788853883517
39279475924092838495353388677876781911617181259252460021564705277184155156026, 11764108399135645676681904281694498017133456659420370825238514272168791490537
72119048935712907531520230249927748763319879738617402884276193664396696807743, 30159645287597027387565046651814218488721928989328250637441890825080333964351
32002140644655933572788810453728537430285387867579340884999104151671450929679, 14955731575664166329092516403562052057691501792722042034138389252325007764115
50504901296548809193001491449945093973033625254229386799836984624649333626098, 50667709307086264122128436574774879473213750417773520387925807091871102112943
25502804722065636367458419915406843765741785013704006477233829678530915792215, 44130554721998235261154836558608608395594522350398338822916687206915408864026
52698369204304286303042501711787035172845182104635143307175925300384367709712, 14106452019787464544329053480317407279610776816267172029081505783389564623181
60175733415005995586216326002842062745055708453053747118034950698144582216295, 46631475320042961146084889242546858294305154587817060516891046806231506292832
1467842871682026268685004147391921398255218673681358863127468477914950170764, 48050160574824900865829997189889583544361818667945169856205251068227226188688
3613255430817860971521232264539718505032131342751107126248082315632984097157, 60153576566441653382569503315272498113077863780899568773447765665492165350672
69601528060736102325663662885949406438495519229630458708129551871424784479675, 23263772915095091059817905320237907783702399269111454388348235399651762454047
14974743727973310670781471741607750748330549570761731909510934825002657844085, 4600856711995031002208772415446353013577283958451713187938768665587379939940
18119253567236629717257124000233561581639218137572848140926146935370003582459, 40342475311364248229967377037435212718419343529765253265747531235958660378826
28674759678976515808973729584927820246784353555050909849151309981438767015673, 16384911723247469459851254588560322453437666774446328320631613546971984162293
5784770921113213387661289652244326551439646353591113080239712651048893948122, 55642584108636791808242244632674459899109713413742206373763062255454341531931
19316126938815280385881258720279393638121623985279686599741990584145925170506, 39644309189993523442585946080728828647138771763708726830780452202685831148797
6159290743177155466923579660459688936225459446454801701816512613284111663574, 46013841217711187323682852842807216112645434963175156952103661873165723308710
11586909790491430682680891240730954713982707288265765513140691405840208468545, 62049955144484002249064972612974662997159131095705302205855021146591543290477
3976228288237507519866502071395159386508629823367683319848817246227548104309, 36070853516231749250833790233792818447485620998528351044701823185567553390950
72466992147136817770471109679363412437913048496982504444164981387615021125451, 73244985207771868521106994231438897773842551507222469265915846836671083470632
18355893049016017639197185937136378394981357115066795220453189972471489445653, 31354662994463217511391463713324629077959516074564583563412781006601713367268
39902233894117252671550902669329564306485104553510739750722813597314646161301, 74696209764589857224269363178501761259144045585443024785114319904644017028648
11214964724859849420871131901631365484590995383674461867327648562954868942732, 10103718852476952687023522250693516043256728885380047466720500275375374803549
2277929396142794705828310805043476655340241588894879566177517305747427464140, 54158877150187888150833924835768549160754041054111490206601953857524795720351
69713891451478405442756235326849757878690124850041232570223722553182546796184, 19736027581229657123210370461929176825460027094684850826318067390283893202913
41350899506231135299268433829004338687494933420470889844424097867640591154012, 71860533357452828001874083392565831159348564110109430216014735750358552642250
50548135647502615552828691256153377383092376792119911430840348770070192718620, 25418155870703548318847987616088651438370691250327022878147383205562276447203
47152709186387385983268842467387563885353260363779013156756751329167273234135, 32496154715509650861521211510900432816141402615139331098142438197560132915454
30643282824854102483814522644579585014626598496173574014286117520300991615292, 58770730471833588012813441801684570418421254443367467142783564110802417989297
64252124814161672371984629762748130196399334544496193399426290605378650678923, 15971854551436126141102471670437159986565272613277412219200059237445433948341
40404695734096669308435425625227484469234471519217343269185231318488730748695, 19079812974990306784450062221894367774431387746097739860910695598061103359060
56120586214703668264527246154370712707236563919775730378658098111402382228357, 44778521118247271824593656841686907165799409242791648462154066163301658424566
10915679032593736864166495571134671685546313142714042541004740437917559502715, 49209894826041793682260317916287224224878989498667329402067219980513909553279
49114850931772374624311735455818574233733274517044401065387826791113993306816, 64311458893669625321060825789875668212236974152031613818807178927024926781266
19333098502004845346470634342176153770521178905583507302634725830620286222345, 74719309534864057585785444040192391116588837340000430137748694628889063452299
38216980483661663103436215052095915591899940513757702633742539243945650990459, 2474972576556468118234599863347480517980624063820842089292242698251911742247
46101130741658823170167760731913704949217890657779046645915246507222969205583, 69102934381141641037810074771069168062930437063240196751956375155317807845801
63854353037346702487047201106753881860092682735641234493874691694569861414682, 1551961624943397532008300502145633932026496664410282482325822714384536301322
60086136556893789832645211094890620161341196751624222153688302280883736598978, 36724616130373819301962210283612256834817647602353439140005961871312587864314
61714835971433738574615254411349842171210959538364747538205900951732512337940, 57194570876546329309969461012123101448617363344107939390702876021959404888470
2064101692440726235023335585715763693988149718094512135580548526390930767122, 24675972173246661024142589287925857167737396009735098740910767367767366786268
63095793846615677638007480527523085895140374935445135132256766317046162428885, 32266477126056027727120486299656362475209102530559232525941372807362132077455
13623820700201562954888668079669467118178451867020971423052509302547500890322, 45858402245036961785005799075892746690529622588242398419076711445021270681042
72357719065761347682191316549974692471915401755073398881965256300491031993596, 75362001589651087596645751356782035294688392301618851211029182049162214776720
41663918799793187724555058448327208667761349012237885891072532309440393032980, 19078965513393525235294963648605020430836716504931240095929905562875713163474
15616813180372753475971008527648641630843544623013911794353564562136036736860, 41164112383779250555800577125368488029968484498863754338785632349787172121157
15338188516958364325134341515353006801375539612184215069703274272743481522998, 19801873599485933013637385249220507997429667938355661848691242308375594035309
68850784744749915725173839782209132809643635290278483683371759084293897642379, 24837997287026093161726474407298084174882593995073971466829462795378472996516
53077219356084504554437426401760533552357810650408425910923481981023310103063, 73378060919423607294985157365569261256186558699274418515629334488800160757402
48723558725693203856706815350742242717835814381025554062149447031503715742187, 24948421364066415831190959488705771536040818226854678184939870262197146947127
76760172616299503620726201665812669508022995710298650764078962936858366471391, 21973966271945997148248529288531568770153796962087839683840228448231299141410
25861795875625087477081045076265233984576142814706759004384190018015021632102, 48390986767980862053441645465394153653398916690721383253198106164461136103727
20015135197162096623965307731688179160025076309271715758319226515434760875736, 27033117178246578720804789720133926929689952682729028666514410726012565394544
8674337703523728064832474344156591884760253527870275437133360092901389035518, 49326850494689600435673928823193510391917880312631341474242390983401832169754
54070608910959828007654253377262170994056817302918863147452237888523310301982, 36936830765768252160540978869197978765474661221874470551660839187586736044252
3012676416087191828622502965745825090099420380846433670085901603462407037307, 66884178561850220601166755262166553363160220617584936590409498127090438686944
54839762809049353264107782619465616886301423666110072824554903651947340957492, 30183054366510860138374639967886916936343844694305199278460454743664052992028
54798960368887674417688760304235366200385456952750162656093575523501919280725, 3737699564161006506081332217400314413548171281799831435984926222720907007121
7925961393490622990177004911983927197134593740286336147324405591971827993661, 33727208638583536594008109678649500894587046473245618247226915746385946481601
49204049121059348974642475818138616199148208062429934371875824647930268713321, 9577721989109673951431153823853169755570682039133123251681838189618959510838
56696423861401531462638467241968837419055138122979655077679064571449361029940, 72389956052544793759193616343796654803090522576750424772089181643376834542079
74228236470583130842333736758450699165228507813525451473637999611207416541946, 12226706443161167977084049849292406370288221167800657989892387980167541531857
5035607763293669049267902983049889659363589413664029002113566204057485841094, 36883625504810061244039166653193090426017483137880775387611226856497374377888
66157357604473768691380726044264978094183107688393414583272453970916159022680, 63396526661503574036162071821051741932777502899933239208208360555877270764870
72950802041326146899786910275958780946813160866414895380037912469751397646776, 50713160700624374851962833258068944410958683534802030210530431114550212264992
6744844909560318582379982110945735476452519082367714141315352730972096089389, 46992940386746417648988786249040542943478477392262342442650102709252102072819
12271613768490008304156224939249950292379182766596500905300526964656382818065, 76751301692172291987892321680771487786889616758744937218911728365311852141737
34657232782833732164232370485417323040993337343916993355256415954531012124326, 47486832751468726953875268686192789880273433350809342121407416092196928888378
51645237653888240277389647248951677340488735756593088183004476195422129060733, 68196454447731486382936614695414828754162499799343117089574101665731281226750
770786499930626426811010089675246914196008439583948136191488773130821081491, 24998545552555458663389232818866035528987749162821706351790424210318890701627
1894596307687789751750602399261786015392150216570511868362900377787733277910, 38778475420412410392023086075393896316027843595213213356250908620872305784213
28755122855201769715522234317085745482054063777334753738046895251267602494010, 60937291008459140887839617941054551386572447841209348648540602861102696123244
55392669246925119228352304593785848232502897047770544842563237891509007969338, 70259770445136397308490715562940659464235185867172809707173895026192484035148
49158140407226577971109301028088734516626280745393145239917864210460230744639, 72014517569965731514922866333855637173611695890231347853853329046368887788483
69196994495502115866540020046253430827232497377630264177632690937237645266585, 54758883089428283672366604628743153357500023054859576569980032953610057561085
14859519272734139132046351441165841567584205813078578094957923261762226639673, 3918683979402991442529778815474508607223700863832539667501081858788784070164
69407724957467836223159462197871579082287339771729270336908387530410957578777, 71227345188969150108794693193642406591756075764196323054647402252177530109805
66965411787087504180325979035910690441377913397674837733452699305933796732077, 40027963517542732558256698314045708062002042277617784807265314087522462470581
48029807980094828025951735510299463687285922834463527014472555816364608684137, 20923213190410329973797793407204829298211958574027509554802019482884390426196
69130782262284794516580399758659155393005398612333940217609549176443631145336, 43794842806832039246974934503953505084844510599030481158011766927325929997188
40870823293663061567454815916055035224868242572745649091347611745460929216710, 47615095680521601353099317523500112239108560575329718043986602163609704845374
66387500907484237445506858086320403607210462573964063345806520697845419011523, 34191899862298084758573760651643538039681539432933875039986584253325178738826
15588889252321545964020513832282986151277389220719851195112384002985492097885, 48518985374763419656886848517596206314543112152615861102812240770520022548707
30987765784796964963538082997246708748151456555921303932750680746424375272562, 34133674581558766023338970740844730996826686503646535926957881964404346625843
19504220343048806284209236907922453528965760644593429048181194435181006400237, 37315815491971491617859144453227578689782374852812234178032458456787737971498
75262226932586492129422778681375405091215253957020343946249981971353376437201, 73645311416728909659588989204300836639617526967913859156478322844543905380493
6089333035515705524505122041682238331669674961487008815010004771215917224410, 35893851820232425118470676987685016043109984266923894693477700980996701841081
6571782052120648976480088582701312120796864137311381945962198655091633742174, 5646816352173427754058042961023603911636535352043635568511708676752451232234
46739412373142275859921249089802534875535027347229781461979840747320103038301, 75720702177903709301633806789307750733172344642613203903449469818751717731158
2701829252239399087351076365015924380552173866786945891562388146372706002266, 33412219945200392587633498272950353425217652259658671974017595684553987326837
41788136027014746913755797864005423742041438487037195779257711366960000754817, 53947665807099736434565486614906851803524480209998550600639579149091438889675
61925033512639254810040701795548962122556244314254358632540341943253965868785, 41923683555259391250006450758175931972518051437205214539231407318432390882117
34563906402104358727147261445055150965793129542236186299533575640734532333367, 11420579502444490272762145097724184179787542801238298844861993945400333305654
32272285665823706842644797984996491316534823127544231020086491914562691238258, 10351541020123391179686720810773057440003719006859110938098651438568197607306
45283854533771963075416258882637864609575243667209743189160106428879466837576, 60862553309069876693445998186852247948215514644469646598956856976989003953313
32948333643102634596458951041311544239909186530355519550098973797793267412408, 43678020859045271171987993594159274549599396461846425790548100682737282408524
57637564978794886243707122413056287075034374801312048575119592675591272982234, 68859495856887708366537287850507982075627462088127884599524002308591892680226
40632625932031505106552672554610436996836723048075952413737810153450960507748, 6215235221779047094528157608054936631476158615404718634895185626897303278263
42068498035842031733858416258791416671129074595407648948244527385719439131040, 31585300461814268665422196255447591365959439238145691691775295000139920894756
41135383094153197413125328897660266073183644165166552897617237430369836820101, 10470447740486190156716122081467639956543401036744427961705516434022486588978
72909302904139072186319338279713286664223790677841587365537928623098787491481, 23966331386110985330760245388070533238875497368412607531723756880404735357977
8884053869364919071883196800625096395084872751164260182700328824928435000724, 11596850797542851512504953568387301793227574057197440718956460429403921775952
27414062472658147284263409584250472382070452870137534865414877458513974295523, 57872757543975473842267146914596840766393617025456447011494455097020913081236
6776676716633200050533296232171206064270354717766229910432721923342609593306, 7751563882583284776338548029242374380487559562659460565308308829842908849431
25699960816797985826353431116485993298275992429482821369132852557326084639887, 29753382681404249957723183767819023720309727440958230736682775110519106161169
34717024144559430998798549886932843914643137007386425790869128779132481582556, 46290235963878497854987769330700596158041452943483203891755921727480155795994
6929244918032812891036931240101688170778004321664646556798554089265539242590, 52559884798946381542628811305683753936439129660923873732178958348666773543102
36742819800470425436848062905029711114702806693197170166835627644317042411277, 55625739061505172834261127230142576558663491045147625846252564162877650649869
6010439387936850131117523756325233386227254867775646130414840319670662919169, 10516684325061711995440568758944249093701060446248929800152697617411850698375
62913240858653579919898021267524494508983428854581903424160115719821245671283, 42451915615948698589725588351900911239896764556064997791124285540643801128302
6155761608555478255404216365364562619632711803635632680261503665193033385824, 44997067494505140916239093719886938841113801090417186668009190417885662797887
60293511817357247956459931852143044452812841168073222670200247862660905045769, 21015407055894672250206112618925737097628663917759598388162395043438909187776
41340834446688417711740124395622780585153788450969355395385631104689711721776, 56656838405212945614929869068030085290851989930093143052394042173999114556116
18882597037802212940291589995512208068514350400848238020201059285237853102102, 56601502483726469775051812346042902529146204553617025025880862471291381574480
