Elliptic Curve: brainpoolP256r1
Field Prime: 76884956397045344220809746629001649093037950200943055203735601445031516197751
Base Point: (63243729749562333355292243550312970334778175571054726587095381623627144114786, 38218615093753523893122277964030810387585405539772602581557831887485717997975)
Polynomial Degree: 11
Polynomial Coefficients: [59, 13, 54, 53, 40, 43, 11, 18, 33, 11, 13, 19]
Public Key: (57112525888187967675072686158090434679696402392184696993659747076571369338215, 50352271447526916425869399660478774416392554827091849067354931567653011358388)
34487570697629765387223565646600645028525768648922482061893147284861965562968, 25773615619726638086890673284018856415972311181620203222061187932350896950860
3228941996810073720870135106989814344348913145524466237478268191497254685404, 39224066828392743682194249644025422146882153171284852481867628926987371389005
18558831893128361010271963336680582635597572219392033739773691474643102742854, 74292777296172743053333981156024723867345005039378458683420095054231311347007
46445961100952772503248978882090978385188067584340474476476274228657748163247, 55212937283471054024290113054163016954247109124962503719898676115709832193697
30397091562113400299672554918376828521732164846896269011118409584566624220899, 41267078361755876957665086886349962539420819494587729551016698717941383407742
49023245310670391965459044817514417477012301899169764460113533034897733010287, 42370050185245258912030218258108140966801878868534050673094351318734356617818
53685203929122183266189283618012531427994538399134609097398334542620374981677, 30616866924658098035170980983999961194851750298751512757797466269959073562518
36975456643415586886421808271060580203314780466775042612512275122595114732995, 1016102067501399966156628610034838007853279178363385672441856684149216160392
849959230504312831703507856071115134723100827238412784926392527714775049, 27411289932712788387949507157798099022325023376129065445556326038988041382627
3913370465674561272146160431255030311409539342133159702787757458804631737528, 52774746695372475311142681981381443340962985027937876074039897661343033733106
36344953469845186856344513766495489860874890197925260339120424764702070110690, 73431724911247512596182787727544055953346805686215835189977496514845958732283
39670208505892466025873985679703570226987936425885123520089229415296836471100, 52621764396411727316370710011452619457660326473514061206310770655216203063243
15088946062084109411570082293769913949787379796892592764065568163291474632802, 38090382642239553192230072166514969719743341588599846221452697778185090645511
22509816819038878185284036236680258068244556363313360523683295933018496656143, 66930958499127775376798064898660451272349225032162520497592412459881124206781
73534080963957992734185802386729512741298869166388190320959489415840491137052, 47144263556558573177782357035545956672502507821978187725962758914948102232937
27986884291852961274835683467770774627060561698607457223922420886261790686871, 38460762469066718693503281301387207676776845761853432082460506527861943940210
8927637099570798540819925289316736981226597606527368704146411946962073732899, 56132396676855511096884152387284845950984891696508415143339513663601779709020
23975838350309842471717433992589671533793035128043047070517880151314016577165, 35482511942274826184340652865315396442238604323093605914098907079792924276369
40186718260789969497130019654384109643061832982713823653778799251025620559959, 36096968316644011036542845703275517387794256115095814546137447268843656558005
1641250061972008382776300830129549103368366767870870369772081642618065191734, 59426847008687587599521549744492086297120004854705196432939839437429421314620
4573986774332787731098073422800133470880507947499965472584481017984088287094, 65884102146785822281661529997247563583306855812714414981794776262214370043546
26948112087460161673434455705365841055032532144482189252219596690813691715790, 7354764625686021165521812739611973988390323440130340873019687462697039268587
49441702676997638348425015206135740771118623184547185240013850296895602193044, 74940198696681300760998044145035774124560962728648840534661126046352301565989
15143524851399462779980012934950429338817349912534786732993003133084668750188, 53094098638332527973863958810980209249169858615259318559330114867475687824826
25546645492700795420127978612005333413777393646250061305731835728527755113160, 56098257190797037049519562440337592730894244100763733856341148319644224479267
28155832342621499113086061188274101104316098487623669640295848974023421140981, 61392564371526969267615619586755941129927036290606883919227373299764919106304
14684413293654365268073536597735228097469178513362437090279251155247241076110, 48682532479780844030729580454062610405145287385671997137821135200503334262930
45019411027003278722785449871261573065728034446539597028300579890850979915547, 44367594859282483361323818244568378867405521983181602883455098675087581972330
48505220242683782805987150419711613012093133626828049020055613462373351681025, 42928350516873867689651742918670413162750293401151281999857127923942950313623
41628716780836724620366244448744025189190272316171157172073829655743212223708, 11748836151701846312869644281434501367370947122784485714997530848561562459998
45836895788976217719908972505583659973480121014773486628603308405746704878659, 50099906889769722273422244776223392577964819790237174783239001714925827406785
20649878601197649173411882156488535209516331934815231431833464636734495803783, 36309905589552882850474845529371495783044748888906523087057121139720619604946
48139930598650889664467253129152354784230247923770107520217650502783085015165, 57427009155497423941923436927501570219349394414256788068690169319018303482158
19212380433625840513560308221774956985164112984145493380306716743999143139163, 29320997956705675342845724264010897935037462992450711142621259131159530977056
8304973214688347217107314470441188941883279114862241777944762068639388263467, 66856672587673662245256079493387127898616974097368688633643429753086525116487
35264154914723442213535982019656541730454584085155539214039675028876474641818, 31729206396825294198167233028386692587827103309534120506810760772506862475869
69082965292733514752642866166418196359551969946884992094718263183106508209772, 65580300874202176357452113634421649090290395529829207006673202940094506293709
25227517244378200591291758049457666352386321030978960560083814524866752335610, 62175334064066460823702708243784851686244335354081044206414236494257495889263
5936497791892940499526406311374418217387689324568300304790759286383409639613, 32304380180331977850260079758873820460437657962958746352576464435671198467938
57648159118335013938072741385233880582110414931653118514086090699513902011335, 65992291257419630157668112163012894029945665863701953458640029436885428855691
71082216261607685029178163296242455245303506619348369741548351379714287349925, 68547113478778216768744199701320890981522063141347035844535719312046943018957
14594196360781351544252418096183261765845248960551466599701635779729761081514, 64159889020980251807971571715524414731849121500710352720754797930224396366415
26402245687983800396892663752164779349166137900318513076908380422380501456015, 13598239357875949305581809642188550338135502414752580959790632419656119435006
31268904430212191583084892919109634963823549187789660567560334255216722052674, 10220816062698153628049395160956975031279987659337621202724933379228270967641
37180116053703630810964706904872959385562977467632004432979048980108388643462, 15978897725292313375958242880356044752030641704566831363641989219576436931184
26360028239612740481593982447910235365308512289732016847621787927583628092216, 666183160963746345094705427392083271763242401087850238685645897622779609757
32334908259267114869729091958634832569218703369473810322001334260310176602342, 65680296068723286944136955564309289470434228280864472412102974234943008010306
72991917313280857809629353456333431085406801079496098325654517321845504066740, 75876085737894326554097641102434746301331259871649510120441425314470499776973
26535486390101844461127890482707301375545523495790218928775246098496904416409, 65060853466170199434330758706117516207342281007463128822139055635256382319939
42511511807849988251807684544691602013335073040520775504667236265268230165300, 67552568654709935561042792055507735776660928485052808457761393892494170907325
3928393658791246376296279224270382923778309179062829368874828060728689139190, 21980805982351752584623123252742064037704192033089615942267173757064655932962
16456213566339300591381982997004582520068224925294565303208955469211127495420, 58295799508360354093250306039683737973018155807786529283456149518083694226079
5002365191496692095461215566688484824139171647106954448080116007841663134533, 15280925042491959768800651792569515210041283408245053143872048248974531297511
4884146773431160025508660726883413736295127006165038882046953761245135630570, 55845059488513959834893064781802862770793091162895340310204993869758885027360
2388645224417598477804116742956914844008680550081882150790624166402336783031, 53765193564567634504296526136170296208582376416661771383477568373062071086700
52793023362211100847928282263182372875969431445085384390674242654734981506404, 37891929613404370768617278568910785857869750022289562404418846136778142628449
69591252939863749797289721853575664361033756029795253506787756933132014920555, 15332416420564195789135296259531261105812871600645115808128086315587311407564
1791085845079388827810925865767290438510859801691480011132999693266328396847, 12458700357322709777213530625334789814952264023270415528076629062678320327379
49131037015370958134370366230448673582552080130781793990071033759684066865495, 25336454825230145231335530090011017344661697935451800562993777459975536316275
41990906579461826273114436050297612451770079187348744570406981003710340391275, 49435280987628498479359416502264072396922853005244412708706204395623621995325
5101905456491736220402494983031668022064621376074797479591383827479769226275, 33144938162549637815760079983798002579158948891705854343221089627788606105079
42007401390382343392559342187953178918852773916262930109012182924488569214826, 45741545285423954646995786375311885026365160310592873632483730316382856946082
6357485412180541887645068733886651667535368669580306620926735186679374364054, 67811886401814108127278204896805191948783863101147221370437112323230299190839
25558328823140799038163017361982264762084813105834761118673146151060676824922, 31220189681782826344535472909462322640360502399411439590966196900291910161347
50282930033941889758652184749168023020894225822655559208496881926866688078787, 21987170477985446525290535119049345986050079148468402261505764349661800032393
38781340227503699610685151553122810182093507404583226921663123954264837134251, 74572223911888156780129335718591710593507680093351094117233140992813239590972
27974020639969822858188355095518438216373584990468975582988998484040451633690, 31471699306317667448246669292670063712469549661274546320161527221072098276457
75334751351035186574699818074363018019512473140486761677271395597777525538818, 40437689921485549357829369542266002659740425466413589331965506079202420074439
14505801228699385558448577537961427532753663640965223805925741908140628519457, 47409468819972292952358415458859495372698131261992900901088876294111082721908
41986319220495774548011975269357007356460522051843881482065256127018388786543, 46711681646382310531048031832206325560988213671974095294759699735249764609274
4905218132977607306754984089752115688937674175638341290860065012367034962750, 70098598687434381181242521175948529097040016536552229799356491178867405084984
11708418647400053831258359415603500540126916283993332016302891353388671846869, 63077602036231380966988412319154102042708870634394600629648357338445069773973
43311750240801596565904549249093059642539974573271891345736466907928345447134, 41481773561317448986191013912110990531735049603538281678586010439110057649910
3581956098945758553004568840883214177194048262642431721780860138537428324900, 56376323643285322157366675138233041695323583843251977965881916348719601869173
33283920976269849719075749123310012350341743105792767760971037647130759151966, 43694057148831091281158337877002022413350485933572537027015600598590580141125
12538868289678360176091975379859630894069314839741295761606579726245990579370, 48935609125213577943311515395019976816610702984133086336733439557283785060407
68759685872976615177432018845724628687052261438983379161481616661114079098521, 22427516311286663646008943244139867172182065440860851802277664478767321259030
1297842762300733707461643231491554815200330340668308699932925013372384163640, 821686600740316741562447533603930605986827849848792812577247846184181182535
14730872027782414156395212280526833982633121264154988743592460264365001985716, 64759326256409158139587033493277214077939244065149971236494735489250036661795
71936492836532502791052655988274434933650586556801787639788312350952849274680, 36934014110092571071011302859168859203481506279261288856417466208359804825924
67050728288627279463489063785028064313838141149302462003402583845680852241414, 49719654158650238377786896983167124405975121953621205005709327031054663946207
76186281933270468959041906617539616893344894482219893240621789217331151948340, 51142203239256136938663321853487067517027416451724393924550626441176132907795
22807782009961404150390977388458803740866145771870801302513982775633400932333, 57641888817418476977070286934119215249494746085776148597954954837041537669621
61819146220010690219008030447769732863673909280974477364248851341182270220509, 58104630423211795720687926756171089361626573735057006392520903318725739814321
11663320688366904510708600235249987293142560615281358504631400936615197329560, 45069688435395558931980948118874859275263420480032440999238777146282870108934
70650061354982290685724855639214502220701889285488155510773092078052521877433, 61522327871642645677879606123107872996105964323970585575446957363324544407275
49176674327444699994901422679612122730333495765061238362603684547346561838159, 71979959364535105950133448948089187400890667981551843591918603704940120121410
65267930344635766671698230579252471059180449822203471911402249734275180597054, 66767802768505280069592697090891075542577434542053735607120737449734398647655
15637181176191647402515712174339109528205985455492615405688852275174873332191, 6095547082514285333252616950932058834462919707211250626716525280762753041960
41411350964294445054963075416287469052166658941933550655612625275028248404122, 60391603805832226707973693673635094236768966577339383605723704979836559599311
60446834866836104456835837166676901165435646186519976263066776468601057245159, 22374575073607665102540439869804291326651780612551949696108841723750767646391
76835179657077265611118372450560155815355307560469326668488477259060146778121, 27678949985344129405969466163380144513456364058572421033182420538183095362369
68541242478970012842060176144004031213827766669641915731769298679123474510193, 63773647317778876122232706085001887798619704389992913932716751485815391675275
50523870480547013286580069830579069390084128350895169626361434670528368291964, 55685049567555354296972524105346650432478844960925467455270901528449699209536
19187764514467962180375175535679923019975907552279960071208621480727997600935, 17301683489324949840510492579369772646281918432999260187888420295449044208578
60772549084731995906978231092025570001324070887686794882887118493647065942924, 36706185668438679732883089625392000964910018723510442189618200127419194416548
13717930849342826801336697252859969595393719071776358586338226445228612821184, 5251951056245424424403092996745725661264561433782188106708334957227228091915
38264002973200119215874745533543863886188407168023384647293401908123014826156, 5581173488085626845414388483557471443714928638433180790846126933616701248233
46679882554882941701922722689686155376251053669362696000853286375592127273832, 13493461298194221819204140967934610185290124768125117214463240556187649819587
52629849507748742327898083900175479466626387378673298672488875640256177639715, 3221090336953132082726099246610472110057262041956401783819035894782784278756
11745587896397406584440856680219332699261504737511256826727789531425199644877, 54637119339412771064082565684252609386419251153304818460209874427795636930417
54261327361516195728903355565090094579401398216446494112383476091397046662563, 23833538360564330820192055906542615910660178278607158574007066735656682273405
44315318321840729227338929229756014807983632428632659950217381835693718170568, 66050033008728604937703137308672123580220774323615524703775604697308057758419
38864541558852993263935381043470347437671619122298421388722117579788595444608, 131725233193100845142075810754447104083133473626032178859471990450202124803
53399451324271437115597484750720529624872898675720992509177343525854043649274, 51356359381230124254565952839781617376391984099157238882660426379399657422185
71100532814728603476867652032285657522212190408092765173588230875569045246259, 74936406227404122963541433270609796178645643804057824978675308732576134402088
71131805597516612504380527937098304252484296203833679075397412697242930099126, 34117706861089989837667833145934498250071576859900491470253098773389734516323
52552868047386035476793758553284939737051375485887700843411113906242454643505, 42815285402845407619683232742479864678884739595102300458585732380698072813441
22271688265500585785329100888474052643503560433037739213495700577885052223488, 23838656952248831089012058799761481225666754662276499240645430631753037275613
14987957893735163983255100151500678889882212238600170721647502117024755028580, 35204553304373491063851232006142336268556763517925687866663283241648514804014
35357025695838513765763033959498653455567230223431600933933790692340610800141, 2762191007367576605582924077169665082740964257649070745807131312062789564572
32197576557636576902920965005810665705075894397905071649126005244362260543565, 35724400136630322336716638586643313759527310256404070307991915940724643659601
61229652608294359125440249026169440102383910805438510340103689161089667775082, 8170645101597749374247377833327704292157843564128666427490557511095329805515
66148764291191372642904839435761205657744742795984300096853047156576445940671, 3044914893723651733362150112388498261368230093910850469569489776297589774562
18118070624562862034409624537973372724959101688062545787928400454142860124924, 55387667164876566963773245090054444509735116308553800287618635860669051953742
28728229521002749916667586705349103778585972684391771836600722224501239308819, 50114692602541659082583226739110785654682521361616596038743762040603932982511
46452561359034256269949231163840735363610432535751031517737016910826452248182, 55594372961021679091290331264053432243958465959312646569591202387344877554306
54577695702871912814766870801739282039093444084496021553821567274209670698384, 34656219114478665741603036053420474905698180177801442647756259508903723095725
4824587407560114137767423734173104599494435089768544502810849619906917613058, 74454243763779216707767278214309400181722464891284072055039670971137119922352
33097045002972626773073239855065360373575455991972482335432883540962513183313, 13363239709429189013447402565559426049028518074021724853537448069079603039449
67768973514923527819832736854670273668044795096098075062093102663720718892778, 703079762286059905740789512832827150320232204704261267040594484669699862015
6343162773763267029524221397673120769563664135567662967641773406557257123286, 52871189310022827293198606845066216005175550026985177372612777180186651936055
4805334859866784014278892883085555848765405488129998600393719795124881316330, 41666280718366198171139260600390476119361721530459304272606183458626302166656
1846597867499559376189094926925949450115868645812798665674114090712057089499, 29953780290993919625133025543295330793603333095946941015011518515255028900317
45695887530552620977837639260542385430625016195578384915295149358771374047907, 23410054691191344794919666011099910847629087066633277378625953863203013142583
27410456504108090330184633874574683344186435058117460856674035953011020704840, 37960756357471701497919739310931900741168132411571301143247291134342580830420
5211586428298135232429067235800718261717130700822768704834358686988250024985, 46942890178641622938441655690904367510971497284822812162695299758432244273090
63440671408596903177864571155611466655635989725220933464185205696846550609775, 32566105068136902388185228059539097759139160563607647174756169575043974616995
73624658478888630716788284545069580819569709762301068129614268058891884694590, 22918576449225246816384572573604771599080603707140490842908114693378372912892
14290577009424832710107295805451368584809359363360899434252699566032327506944, 46883141623872486163599753409676941682804280956645269054634903087341334920918
8000547405553877131026214101381353210076090797722795784331858746275055522671, 59343544601651941467116900893616139520696956630851607354573897631926943519514
15622953712577820970259300337627905885015032662162744736906778822126578678451, 49988303838116932713962400860936548106416726312342583630179013752090142364519
61309441650388923942052159563075902866739153676262985968817027457314971776319, 73373546007751335011284619107534599891630372840552143969641622939121560766067
27280758895325526851012893784619620152274282052110908276455569753549220647133, 37401919966686097845980781297332700381418599577776461199116726752038177995436
33624896615041428347311211237471141465076275403950181213383479412222609516516, 73042022279608812618068042016864550587061276629297689388190121613517362113791
71561866462779322118244316245524097557796506430568905301787321906104740099669, 23595028105335577417518014468691227952598598986376175925257158392717791474032
56020926617531131249299879096900193102289446662442095906764922054718527836073, 35206770978991535436319075393511808237748999534309073759363443683393245406956
54549393895578856050316709402891354171480003157392279403831316091677266531349, 50769986637385276565624009614802826724162025895575787174302477026272761281597
34323164436339953166572046351415546158018494207664329819464009572774896849458, 5715253817410347636413164062188708471386185746658788967319413141068550717583
32282210379623734656580347101399376514249817456601942313852755351139740504939, 48501726874216255898624080474904389386160155021196912759123121915405423028545
19401801954650352236722301127831233446715837468210642200500395017431637161006, 44785017077737120051395900199111329335245799943845403453325964890196929726247
72273046072767342480850324933543112812481079209484985817905878675578454359928, 26684263350718730685634313518770911582311710609156116480670522678466308277821
69625601063607299054254612180048903964158225933261035497755171415134757152457, 40169212152712590780155170668652208459109709034931913411425533328568873802830
33588903999187176841833795925311092987386434695084030148552107801144282680974, 21573061639263289444925007066696872076231392189165178461563943823316363444634
30566824344501913034404135843920705444081261189169755894042255964198347945555, 30321427045770174850337377297879834116745913408218148764623658941962352599772
62596356075492830422464134372482325100245694462469846747730213275452259639058, 55367686135902852363603481989079707869410391745604220239332120858564224477860
73024352256556501563660449634686962853504381670782148005786134458028874682030, 74031700133352600861105988602395782326854568776851977136313112928682996841298
76187656765787169867566967449356366194756793528855443911682153772686403062995, 14928026282662476946192480382547823976266742183214721960636430520559854462507
2335204943582964462567827370575226994738164814240271066294296890027971686903, 12333663914827820513352880739247605662810701212030603698055640870387824659476
29710346787180015423572539979734742213465964146945559305485910248139259719457, 62165548489366309238357517214695728342749499966642899645413766399596107023744
42687092745614242690915644268458346101675155651819763380805990986274197117551, 15408368423037628448395977534742898700892454984973371524827297167242106588769
20309204708542754221216457459902916467269293179897619195139002333233918404059, 37087636011773255665975503126844881272367186697737290209929548445027036948515
4703184303536571868758879178565131405771927548624940738533996925978032848578, 43988172329442443786435177281832834920596056033645216736017870831549548630665
72656577413395457021450784320407792419714274581003776821550668547334358357563, 54029884863642781074748892671154567011102969457264522437445253008736918355448
24851213534800517926628997173302814703884342921675924100001341476081336693891, 75494482830628273567423745126128047353734556220455570326359998780757129077435
47956157035987498027629746527176602676984331197377982417364962503409991340135, 36888677126366949524288305693621764874656895817271153216705220743129650540014
64054771171299413021450087955724176931319360806247462606480073909757718518665, 48515991437304278488899779388232466531112099352475870941802729435308111297094
13913793256782976409608706903522116413553036145807622532869819276824573450892, 41090431777562023321296060565746424070832085951845806754356642809496871265492
3164914533218097852909731120239308861348655825993328429700316675515088504714, 62818778257719340353457503586651571095707737671245691664783309923096840345918
66048559551930622826063551380226216032625919891082339769678207443460325190185, 72146642388566209626248383772141282850806342285108482426360021688239126575285
4970449928245518381690470107326124480519218389341335659024713272188632569044, 46613549988969461360543282715570980740103974678615153292387373317830544439009
39654130278517329497446306602654599543783414152057254437293503069741481694270, 35968913072251868895170476670499246556981823491745238105041980402606764747470
10678989605190158487775079300193907331724266078722951216397739429613923407635, 12948038058941349802205137731535099464076087344362957640996669481752474105643
9280237244307600044681621113059181429742405522614743441285831341702933044604, 32959489523946920534500658907241119819085788404799126347266961832557586088836
44570791423326217764167206490269889760243731852845940150421330482931233843919, 45892910377084288389688628234924446314094990591146222185292747985282576471923
71397397451228039610945485277716321077657091191414363114919795640320220234084, 15856373215812599697391826209945862187544850801080864758436907357530119773274
56339669252118341708259330620587535466781826767649539692781363423398680721135, 51925394626796185434910724455940635351470246799800809142451631351484223979307
4820394045994657928469903927169727107974744903959145785504300993417772864428, 12694096292312639199787344203926841307915987046181116880589373584954749267345
55004576530096149759233883501532651005979033077047848707427546033790007113452, 12387554819100682722722753494329142107696220191642200046663555247089977007396
55158168097436518519554073317839670482620758438175710773954056465112458092939, 17975061181144232117611057250200314873088545039499648776937222719118369199930
21712026394507732892965725754029604932129008929723138183152826277098583027171, 41822892442891000653225087795683740585247697909925979644341306789197712402104
68094006716604463368304189940022192919056310240156434926537397826321075563792, 32726574765048019703492368762911548315894721654633083520086235416633546518823
21373433653130956437832296804779235591930606628074934197240691858555643239414, 27974747477959688204365798057782069797937693315814328472135440958048532293577
1431471670216113259536450485928430410098329990737801917354001691630116639368, 5169512519703984535500657221347429711424238699667585646251546044581731975701
27261788207906692527826050527250478287812588891490975419710382105287571913715, 16064512926957640272953807752865988290704320911555169492169306144715187954187
23425986158052559453754684303372932269774923692924158754724269167384913797162, 40487884992966292086209265225378138566147535511566382330612046797559964396520
36134299240539207163099438348368584924710029172296725188173481023376864494139, 470662574489588249679306575099482473538347032514012457772363204889166435214
36354989545775434573248406974392368791886350709298313488027797859664311721489, 29401856768905371650989997132065592169007909793160118712021978170920925745002
19862152426682021435333441603390056425278658424277482032797492608369749112817, 57403909689307732212850316560112382392491075892559003696286425708536823237273
33508421261698591925811308548967680637182793661975968940784476292267864407140, 13671576865044478229782407958074231925087357151336152944065100824726156948764
43394492043080045731356508167588964471598148339607832291417923487377511421756, 56506381490020493948152304191077293487340290788339454385432382092312702619364
58527683619318198466808419665573701554230093869722100024764402067736739214376, 56017208698453639946790781187151081007194141106604791047018495355285762743922
61346359689168607335673570144585381632668473663686386235641161006246895012972, 26484258442188727867655548265493299821604406211142811001284129968302278416506
18497541555006319328965082377982496987152070880109039431946401185937804006934, 58797868571830582431069124424590511656023400871069349226424955093410915755840
74236422325530625358869130402464288484271424917936449866211623962589315046446, 42015599868606472533430508643063277775708664622385705772275615777939621497078
50342938412802561971131638948044847725588378825187805390068406719612214338760, 65166896092816378135369733532321882671057823335267773605607560101620180703886
30898436017104352938667199088289997599030263880176842639908407013719089191280, 27368514755483854267736765924798140907605479087152466264841831009807983013029
68610068783672300277695112284535963379365718723949845658348926904604166377140, 26178302551772034375789576959457967859883061942587189046138565055217629620886
4489948304396324010734845678412228492008546063324878791413987362124269025823, 1827030873949949826345876799879760168190390432247292435904424269742977687701
32754488988431168847486837220243350611804373498209637018725570115977951241531, 4823134631163445731979494713624060339593496160793426471927944337178268333544
70409339164076729809650267097811647980291790830214696616721293395936123199193, 55736930417944343609512360431183228659874790409849741461886394958890742643188
53720601466429262096481756149345837780353810816241727107583460472593381065134, 55412782742780545346051812214136509545195987956148071037004983837422600618865
24323651161956207270413379767306299978044210764311266155098936783163160197755, 73314277803076313078574388103019539698373154963100762241759906401760697995215
45907076574830643950399316977456399971383444396501512755773512349033619664304, 66379770764690220217996505423162297383229987057096808217384266920381072576072
9706184853638381651118011936952631160612939126162450825117049979522668800312, 58893273547798324873771652662875911987537798674145533941798160884180458829282
2823327978438838711539541840895086411457382041060022935021064417706189106632, 61883349898440148805495241875762527751316804934045783693575471179090468652255
52088173850293768766268915087130389473029210352357290825219730368155986360730, 28091706503099888837151254747005498606797721395554935265732836696288478055862
51831303790338898223704890512034452704153389112237033499573609315985320182961, 38421263591824605788150751307303575248679016176201958438928937071133643608097
5950979364296538734776710109190762894812077667867629863632180502565491083581, 64600254392606962445757073458852220438726212415780128052051348531007771576473
12227111671811845440762394418491600921846567690076842624030058635890199273084, 62117458635969173303274997589557409291962859033110301900320552539698878076696
19615431521001266362960938186863688302029375796310221798651198112233359905382, 54259557030066630894335208765209817375249855099600125056939546868892766963311
73848951944546941915446834538806655986398489871587978430567459194548273872560, 74000780954633814792651037901108158650010336833359090468661142581383818589356
66242720264188606368466358504549368005534052422779979474589010234424630032107, 65564070871134490003807475794014950647614326785531305052273837729323387608666
8371711004357070965570853919827735339889238121998582150850801559381582143988, 43486169776537280752990341490625960955622178194499664110826713269022630857549
12472174944667297086891362709230892390006314823947020261557956887211074368098, 44683289028835549773476998403900904908550536538738476405571203727625348070929
38081271917308526234700997721161870280156961990991533780418263704660601871686, 8277262345142912491572866665341217523380536033831152458931068341537884895660
10249069127121156119926385795172848899083140273700184711939297574735313966210, 2108974628947264546435921449655476813351138762956341333272342961663175115979
22584808496031217124121748084607109775379790591768801237601240602701887321617, 40939769468459928697779108595208276629130664941780584924237868051696385611324
70171493900728365145412827057109037505414947470494354448320520625767086870764, 37295868285913877633828251517746689688505277138358704297444243992337693478174
42398734359403814600591738552281303870839696460642331654561869864897070239581, 34210314395364788835229149993623251725886608945263731075313257124632244837565
36562656805810931264635269704223352455967033140672756343140277870778536240238, 18454493587393763557993392886240937726827081603830523348605777970606108097894
46795827839827346799309155622088841332012321910796601031111941341867973391498, 48808143951112765220289650201185247684543756356939119363984122729252944750846
16318469691213056349744989549559223317966665171558163203540490580525219212601, 30931552105773871769212375529852220978973853139389975473131364410636534545062
2426012486629972155571594760620402083269750981335257065049696497887658130135, 36222268972733845501007273347805262709855361925684126998039067057435226095406
58223906984142030742359850295680205205479304654853363202814974924603902866274, 7348601602619001670352203769030211664040429703115336809284907553424190813014
32525707128045542565499391567080040029799383498733301518617355373426063815210, 55779479879222182657821507034591139860362928020362030709373626551210892041809
50187737844724393152621971848227827960015499117225528575399331282495112710484, 36888349101761894898588096841713035259497583519373875666896683249494353383715
40679507352501776103645542355995333984405657048956310250731132252346229307009, 5911543276817784113594029891782895392750793219035838406729618096901197203527
34842961598255042790554444622055835892836865488699839471917054577298168378951, 27388684289810619737235451989342057473103575781985699874178038400558434126207
26323775964419874037424560820893871714221243516064342469105741474139068151395, 38067725333834297179542246015708652608874784691398517862988279152936591425256
51365676474411685190561423412707804423379876771560682253342010861100473192160, 51392685579701413398325330608220054322572162683330309863457629778573274532903
66587673462733291512952377472894218181820794091124756567558412277681397767204, 32853874696411531271332575811787968969135789180965540042750832525129338175906
42054198636383620007178832782637361011893348392047103035071919453341047737297, 15265539640229290019197886240572387830892027237914702266937665793109636348626
74864410034121588266948183898340397153219865655654771008229947320906725797571, 74751863251570500073448893009360462925945161096350749216411604620136318582889
73341880601988233234842144049296763927848932086842017853163939207098260920973, 46925907392496798081422574165807540629210315975177473883126914167970812547576
62997301519038876672182382237656358457958602950193299697369201428574420052363, 4023023904402204508431267335420138503549308176268473772838796020690628756654
8048737742790025114332857919419334561575896888620648358872103620546943737505, 75406806179645024356777342140545860982697528085819052453750223867965873313290
68633741809363820738711410446034754964558370614258195306391184964134162955628, 17772222712137064932068595293173834648095683428894481954844195344147792965184
36320328179487150719460399684541379492161189844972061206445756671130558513786, 71541966247076722742801801925010989031846534061773209961708629292833491464388
47124571065172636581469430701155546800663248400040059535573524800954235175386, 11778232386480162887777106447097068651410072041403723176014713457606379969856
16326494274064377530167542736747037997393406292389822117505677778139259569533, 75158191550107896252008617450510157074016388876877183593175983487942765520281
26862109461037791673884460115352369819573150706466918042739386453260180580890, 45131789403138933301251024170198215763223044866169017193891499621132578569101
24032862443531995434179539341034250079678368102964359029607535621081876013202, 6724416916572525748398021172211018618835450364869094356321350129567492636885
64008264811891001005115315674629531173385153700480100794474933316085339106681, 47960303988380673081371535014088286429693429646798978710951742471585129934141
38409512785707598639295813999592670312332967661708501424970422414591857721996, 22162706601449967983084375175900677312426364443835680350298121134751931525002
45274064996478261192482602811970211147904890368791856299982697843371085091341, 18273582178066529867741852638889411850749469160853423747826158231235274733684
65216293876162800997558853722646341240417459077860770014839929275466486022415, 15488454000822755957685660800890992920087920791714080322849640272905346700937
73435233756339998669128901482777595494684495721804886374146070586380270129143, 70108024768548459187523317768882947421884695795331774109837128690173349746044
12972919567411447500799214061860250966862085488555182591232931118112695856468, 32417892152296588445609013090087315663410442999168522983733738860903584958136
7495536692501582687738126914473857079236369283183018851644147274110355191345, 56971149882214508984902049499844726209464987671689158372214913916382666881459
49393581726747317931283648790335742747921999805215595183890251992307511641824, 49253118309081280348440600169515539209703034538449437064910866845327035529383
26466902903003530858614638911657729835939796194202673578674960820165916699877, 49452463506278291700934023019298070078951131740038449118582361830663148650260
58821753177919506302638860007212780957251226070224278876880318566674467082516, 30744011771890818357173669194086572669016331132041671094806231147216145687894
59412969454310335452731574297734725748219058071260929786613741529557955095927, 29239754047749085643750339141002897849465218042940488208529264748167122870872
72943733350722685289106141422821644261836161154144310476601595212882627248625, 43700425466965781590610104836479087562590342930484557167892149889946387675786
7056433127549913753945961153750875004474252031740224676222143120602266363259, 31671108057562004425448755119832447943597326889386195320452352378031477149057
71167396600122180101413650288888601877000072515743840447366101817444675111681, 14884427676021442338061425239655994225770355593166051628045398062651630660270
57409333451587490687473805021630725108161374616764216256107955958033857993043, 48253051531297456828919119101764756293763850595083226392155194199935777701780
18985667964312548876611663494973919471358852866265744272202315507338924255877, 3695044847056422138382982998661772222093821221510104003474375602710905987034
43671570389955587700279742997494952303536970623573149631514479679014067322470, 2658148744833665925827738891386509497616052487426199175934885538544761076466
2524410171244042809974767265965947619211102676111981198869557544928212381686, 22049261415093295840423027611691890011278882687022775830100810735978431992388
26266562458491095896716449738343006138036844211687885137384190439238869677801, 8307050948156985505827855851893724486453012442174607124945189690262592549281
64813393301485339050613238073975899433984052686259201115486830472012403401168, 6833896535042724799483051484272014963435881147267934178975562082058696383240
27437994515166782820070165556583128627139981794379083733089998438860802953487, 49904529209139785990173550505366874596691706018126171559239451471929440106118
74991406163338158283172852545666163942551692929446248265123426607733236738862, 75293023640723590172298995479409861993363713287303407223555539439333536588494
66865196109057341924309616504082871935902946797456925947492447245444954199247, 12403233571486251280310971511494405094381426380908603985895823349897807825216
35604444638161109725276365963780247983848424681832563459196328401081991823718, 42240777058184617012639414846714690576675481762854057781269582577539231824171
68622069995206532740011579315069550630183933120075833598796400237471361705820, 31193804173668754419121674834668689842036658245435916806172640780306210646917
59873070275154836641995706288779399996413962464221161152001145978269921562815, 58148606449753526594209753895664403079154195331256529641320544886081256254133
26773809909508258883777862414215499856102175824937904868194775972840070403836, 36804557077000958101324363933239984445219575293347028155122253324181666225744
44091379060115501710491892153860208423844265836882221269037543432808710260457, 64611733432706434492559132458830445804084046520594160343644348895215581434987
27407827591875687866812511761858413811183131906747373115031939045891040617073, 62776899865687642915947284703192864730009268455501483667723972162640755756324
44922433826174144860622981577772459319999745296936033799770001438365280223023, 7078405810040711589532114533596316229546156299150812774706000282303090561750
69714655321127176461627330541181616350533683556503978480164117642672361303739, 35004550080109987616483384799466888960729736547849494321210548835543244214828
65675801212260606357746503379322539131381579921079450635363063682076957974549, 27656644166274334288489791055126953214780508640147198691840337349175389658883
33810332119365135615016089948264409475837267781371414587223816663206375175295, 41354049466129065523358692516977738188797396140236116451198122437713819881976
47916259104014968380980877029517263939132209434430138491992294784618220839464, 55825827212107443901272925851564396642420045637864292771135601213271706188064
32532569038580682777063759056363369441621004024273462786950940449820675908177, 48308360754010519784510031779013348486386911174788877135276275215632528647340
15161967126131510987016210341492868524905381244496532977083681944462034260761, 52489025710299086798776018267378860019993293372348844328367715343839317697306
25932608884935323313008329995615040623616306006096695048413866256256844428994, 59348566545967199895081953952170074162025211863382841569763469224173400448180
71342950349970867592567340458796623595689397811306504141726733730930532670113, 37514579720376260376380240552290813944932306288985307096010346316825581783806
39372331788960266650100472542837028017523636684755156029328487920832902405055, 10938764967991383363952357604157175082981001830772923428530913195120331888962
66684248478432122715837463653780528302752765558559168295150645794729980009325, 14448129675861943115023712575833048489078838447765788881203950553740410769630
19422771652802917933032523063880519752166653844396181638094716436444301888199, 52682015843656330064268458722649713931112464426247705402958437898745299957020
60659090492542503482372453342492349609333547886198136231146769488728647710624, 54495313558628934877216498031949856159559064342608195998290438877737698960103
75658186358769274819344424125401731452749114963009335447970870996135635418297, 39527231780640975776168467384789808962258193159463884528630715842800806625157
65822009940535200445296515567214447178553846317965080684554749555218717147043, 50305553896726168797565208245067879508695677496203320303779555092895024730851
62838796628145605309477042317540972969922622774392115039311512175486470230739, 73631445028723929480737169998151068696163792949284889313961288577445884299820
68253285982163663699099003216174810945025720588492099085703008649832216097, 30443635336223492941849637256770951394603816374567397368276101311238261202418
10534074084836977873282595408004712944685191763702332502631048023389762338484, 65496872899103009047563771030410365406231585485963653330526631736359664353570
26406301626934304923598937683733791393214805699417124597421941738441596311870, 61831815536093302064017856610028806440744406766237871010205512175181348754043
33637317378918409664646828652563745106397528552326275874209496797404680960183, 75238532343407761447203380404679559940250140907939727170399311380204592811899
30815311668965095851112605449296208949473118779240495291304083628089499967447, 24545058127411691455828369547736125574987330046988829252630462601421605751416
67524713361137167697197526726025824331910089129970126148713944231512333653872, 40130408178437573552809220287169269948401011099534479719273115004973777185175
22238512707506907917284861655351144533908089384459197002564309359868800727001, 35128256868148525506198271702085608273977115968389543178863200053845375129654
25017191094230724354347641089036551012005238032695824987574961965825549658736, 35552040134172858422552049613093717563500162357226097533567639045219981289949
75437958978211008340059885818520539092601507588256287343606112912493619684366, 76590937166164000832595900708083058021680719150286443962143068433878271073779
9221056402875939505888990215104814015354314837913832545565977475536103451941, 23762256245214518203453880722559165539632692062392483876029608175812405865804
22959527494004158125255845268831294846666039707479275149126018137388409108010, 53586642433892622910267660257304437540321027681502292130636808817017541470926
35291356623094448187732274861934006423958094539847279593498237016137673672298, 66424567516412419503383473181576505265719065727810922380879028704901272137604
63131580641330403235729834950459488685109189112041451577602957030951877793075, 37434658970267095248046131317101817481605455154312715996244570204187075527007
18309828226465310982908639579491069279506395514305410531134499892202713843418, 46854068100890271490127110060627790865272180443129255253343446173512590025275
8586898613252115813721428529581167719002069234621796521789735434427889256787, 63599074629612700776074797722344632646667191780603896689054290150218894315974
67461324124954330551278703753463687711100518837118156231751154368691943309766, 13644286333483162677570326921965415097344203902627812586586433056839633076911
63325958583836964856932618556285727211873114927407677055779179618433740654825, 5866184827168975765638960529329351865373215881950189646150848389101523348369
32089492831789700513304943460993892329111329241039153782716841278182708015775, 69099977307086879038945228860670746516130035618550494109089857043438066264900
60817349328784657507965425053226658702382528681497629570789965960833997711255, 27913477136041648927568473710133735079539802007738409913072626496788183334919
67275887098325300671926319323801945197631573867424377738445453310986050639612, 73121830348157674960958359022212300387225261764725454559048278463608257087260
48272386791306371136310855672718788170066021799950616420897757684355140068768, 1912454407355125389303796737766336932556397951211661201389277158199419122395
31819147578122507869239322305771802867037343845659390654794031715715417373076, 57240418664893571582159027203831670234826924561057354139548792534129577187744
48417831920447455607312124486195838087903004623712338021790034685620427134338, 6530976559154342523107124075788873497167653948950584498391610738157127836207
74793933072572893535776300979902220930322229628907206006963001849336931079228, 32685358585032502265668044951818297306864286789306309849588937740677317854767
8856828682688829595500880272377312205913404702334347859035920312154397425688, 50016679046381894890772122416672739555752037069755191939345292405209698888573
35308774756411074376946516997443937624410213120669537631490546214149917961742, 55404801750006563801463588134639492185341680552870931836478554345643837660142
8529994027249059062270629420311675868297238758903843765127905475602781041801, 63782675193622794127762905099784084973177214898936271364654981442191001077829
45397989591773038220479160908953713369602834565252936180074859056373534229963, 54988306683366423400849725715765330303585524667905580401864256591651320336276
50458546827348264164102040579184260072892265432195233932590437143061286360361, 12852896020444115994382198642115105133581121870381654017900195307174036925808
16911110710714177570957787339604982511105926332480706292246139884682736378993, 66088361329659911110197938498301568524871694165013596664625818656977532233579
76604984604921533491937995597584704999659108359336463507759023460947958810545, 19471680589413736402938931348291980768908933075994681077258974232319655230435
70046923817405165400412907020797654225341989163954493609456815003053745671062, 27823403777595452800897980470813286224910110589391319832431212641149003518654
20617826622953133678508422101952146284038801485428792022326537782660782596338, 8100019601388450673018277233554857988774465305505851122369234021593225814597
39300288542564504168882637959155744186809043245945347014185133036279510014605, 3682600866132511365327330816595152286350399865256937687792687486077322647003
65428700345522031446136270332728734941932582168119072075525676716799009718731, 48161472512249215907661099049671362862700349995129064544135736313901733196023
42211568410011276805138544094272237968270835629798709510388513157165658603269, 70785972088569041885564478415126643833253064274944958378889975085200901528924
7161872709345823514841534310069249358258276808515848596125800778180532452889, 47398246450137637394593308195984064032311509181134897300054209934297522577551
60271280320496833337546898238268131979516688115250184656153199010393078051153, 59252398602923851571589878748863201077903535392938829906522384084481977423956
26546339328415325983824653466607108570172515536299465915918254689985280643941, 32183854123116634475213263458154364597313020752760583238352174801579619208138
1277166285713896489953445562157690759347049262083946956565922818111170465046, 3398310823119560159736307849190998500946154605895403684597168689462269504731
18583272339709998849821523936346433936822656368939298121289212232173777892750, 12158039563986977899461780798524912996807228661798078006711374507238385955659
52822886286259916489553160249662425256770463100457402900668030602168259597482, 22719215334683244574813611654057857828459861148889401482054383672325588788952
64985050680089988112375819707906159249804804309870629921636544648933061440975, 30047077618278244703879636009667161543452131260814586898817154960334565504967
4444396279370453154515460232941035377404997928355269051499653685800620786932, 69345247025495034531441256670861260513666808723660814629766433511424236854274
28378851613380293865289029895647458023895801444591400698469657389754344980370, 3611212873486248533654276650311405381664811085181855161705622520559958047578
34882497721468515358872576554394500523053700859162834705952119205204568468237, 18494885943314246647969225792519758858359317872788801771126787995383168899411
56363090786591426923144683401371827880864449154998962051213196435960584954304, 12164576252447598331937272526900560400664836571211570906370101533094192141822
65165026829169993891047120208837612815948096848100016065819412713714998858374, 48320920907404027357418675955995934916005230920407040333484447983938540758198
36345821225086535466532406363489893349984642794374935326739314306437568255395, 11588996539024581738804416974915247891530693492017114127008838641725974260178
35139909890690221274132339730147835634339247814127493544531634444562728543021, 7430235981639397047626260836432396798194638275059436047556664610023093275587
53935259785702208165117859750352167521821295019472914110538787456829165148234, 14798547188824279008254868047617009654420377502594703968716113338556087983668
41424776542446745802218693140664277954296929834927963239454748850481661914633, 54175388887973477249167876998713463385954602865031766932355894284172981460675
4983096136662813009624889804784615924836308056739768748820977675515922165561, 49606100375112709508179043430911274928794593830317922194843791912015788654761
6044342134483798613272268639437087198212250483738163283797953714488748983653, 21527175663045096333920858237414754923724004269690311017111102453578510350106
27472416639506610433571020416149123725797609522521777827269811144801205589316, 57822108843874497138459843851701965408648437599345732945191365791423729729759
42852219122929665084194198635753401233082326735240568641630098444583100115157, 9986045338724526747699205037156736771812984422817683106171745500746932483406
32464827921158518203543774398407042465338173586112870365449446974030709852502, 65932250136834020752382916913118702962297618658144798901051360396392494363387
54557164748637337406568615137265662637519145605474963597188509781987221134879, 18278611745786923198366706937134219167243559590203946025410458794268709968797
