Elliptic Curve: brainpoolP256r1
Field Prime: 76884956397045344220809746629001649093037950200943055203735601445031516197751
Base Point: (63243729749562333355292243550312970334778175571054726587095381623627144114786, 38218615093753523893122277964030810387585405539772602581557831887485717997975)
Polynomial Degree: 10
Polynomial Coefficients: [46, 48, 51, 46, 14, 13, 61, 22, 22, 38, 22]
Public Key: (68643233907764216543739627400065086083675851109248682328965455181552008079747, 34571071156489819951963954627566229617644243602945721214864011546526215904276)
76285923872406223919157947248420457997794250586398695346128881681231227963392, 16168343468763231709623431051143043956124179864893193349742836388480020965232
26613872398321043517530743449877071410786537641897368248553192776074847985024, 14086651303355304305297093850776756745480806678077258636094796279165210582414
42191594144202617303466071933334304812025199040700526288756456624633862693444, 58503224793156966187731942189178788275932754598511641755942068228678611637788
2605730482843371504838647726794827563685406044945209655402270759992275991169, 64987109953524532126576408351024216578341627898008291881408845853275086850911
36648129742537142869895707580162293514698109269632898958530100208683062438285, 12546367716519456987663748419406963909497345019481415020858005128027136562104
7603533823023520407915230387299537491233724121321818135991735777587718119080, 19527133826259455797491455667937898846551814068823974879807438711907992714840
44641982941873964905290294221406095026562411864473697511373084118964232902033, 49342282025338438478580042793959829365723921705297773981584179225734469473249
27084016034348348410499044188880597828096469505692763316118784410616066021122, 67998935695107383899899432641923307231464212637646893562829660571719616597851
46346064094062718369517958661189297428071726527267093231899775722942716378808, 14854011282302375452486253433950493422592721953795348570986261426718945488499
1985558467103871479883860194671312390018966278648550465494442181138128298996, 58712144852628201962079474212329733377564891928734646371868893027371398736451
15391662331579476178615508973023617124221114256130389181572963757200650957748, 28091357701788889658328427408110454421112135023149566521122599860427937730482
71752106535473833504035223797594967296701416427899232567253135423697570965427, 57483038548508300045743173237812387650632500484610204993237645924950839820899
57922437910574654014097981815776858492919270288093187492335025529181246297653, 6545264622077367424006259411227394267160513260856805680163141451722353928928
9712754189727430146549345688213447204557083978278607933245604104677948556685, 24681699917993284508335420219611393440420723669074853289794051639243061330057
20831043054482340189188198579130977419752876733734799684503124852954408703652, 26745045460808845365420839833309945235717347688435620536750022007792919145304
73569225643020148273489124965900323416205021736687456930353072335949781182767, 49259489947845811498351068938257968167732202941139348213671634056643010259109
4729680462695432293755510862703689368202003503147882270885066772248480047370, 50180653163879379577041862631891099124515053963474342158804992388522542519472
60038884889239671487138895874047090431523237901964627488143594768207495906055, 33988487540375491533545999605950643558341540754061153265827266854446644810316
63457151910590240007367790316372230720798878992335291861816800335831736603676, 21570339312613815604103099125493779228603605523116740821563630184231111351550
34086959412096521828813454542143837165851647116778928474328554145931264063350, 39566017135045806401742910482368911736227497650725244606215221811797487566025
38508869890528475994788396006574734303555043128508536252228255924624464382842, 14760467024547574850680894776708771425723548682565819656058012004475298798952
57317928936042752964789456598165107461771061632565932660752898831732719355284, 27641453756352995598044890095271861106488028599844734833467196494675860766466
71827656751113497807493457208684975321357159664140803664107932236987542307404, 43791504753498604628931045990679031688363155826403987299772569441691290118712
14487406973023747582305623188390851010255927577295175179675490151304702894470, 72856284276693234433326629329750057976221335253975744974528104199839470004331
52776097013203467224132549039020535917849798541390974671189352165654220406500, 25819792371028215985393811631739493945379253289732112688760221580249490335158
74070916628638768141595630438403546859294533688401917694981525963305281135714, 20663837490772528815513642646615259518680817715661090891340388166236238527280
17235266276942539041485554438074549678628283870964855500646026564509639708309, 16412096420010158215680647941829191028895851647346215510504373150458921034208
10344560520414548967879262781316933685181221967006532306112029672533176280937, 58416233993895783315341398104976075419143462074810713509327419691234378976717
30128578124865004137701854361782627458060929656288401218809316111419607164736, 15220009916156700031323248577536627917818311180161485103223948877288728028615
36342298365735731757876257160271161382384022018294570112116464120474733666274, 56941608432487029446765131563677222803070556281381422739892065697856061562419
30772670517989574679417691876193103995071097616835541242989737691877663119116, 36477880858086886397346221784434189095475100059699275257966419287233410794952
11303655918556770295983620440651881314138457863332272273110978088434870940924, 63361993484187962969699592720421701129325949714610225769223037956321003918598
34645975503866795558566117658223759657996698706904838380243641342674107960313, 64229446324491352441142156856616547105258474628266816945297830804207226481251
39200260805369542067013452976436160619864078113800029238574367551267937758762, 53308311380236043355906798928140493431253202678945780631925893415348373840925
30909743120035164338339211737775076631279507503123615788203669906642508602367, 55181625829224097800378126466290395876269015134678172941099046995063328261001
9285527018646022302142705849678719886297851243172762998714723485736634490065, 56682170480836745755274849781131008234622884183380729769278830405908507659140
70008532981237879268455461867349016013142691857662521891865022287094800269383, 33101208642323637305319839502591370729691528582203457649138762917557810149445
66591277025329946948047646908766633393474755289420602918688786364862825050171, 5408131125930684483513019775630591643988347157614592613093277445698929591015
39396828251744745743790003620502879260116117978254943995504604740231484741213, 59185828359965970082387422475536514007546202479154835248399757719105888679906
43735802996795615205570871952407777053536110524651751990104115544112950375240, 73984523103561138214929005452796867832087780799075446471794880293836217532073
53948695829858858592061241068374356641510116178061173399136995234319786929452, 30142589274194950072357509910243790485073901727784553834322648112369119498931
18491326751209723944413087783047909928786509946374532427617422664657004878558, 35716672755457772045944831685648984656049641496650478324899577431063125886681
71666593469716941631046540647460465832911106138666471697149062153023014748399, 9786747448192509556409280359063749883176404416285962840109711059226548360468
27682401902557002909387865346337667646803666787538757459925531556669833471120, 622554104835117964759757827610072368452764132300996622718703581173128793864
9192376437514138074218344966686409991085631903684060862166841058885353787599, 47670794244267214403241851070984636367647815541594631006530271217768247885391
48432931213784442369516204914304203778808245247741917511210129197699806473055, 15990499576947313187922682726275521714364742793193667203747360709065029122291
40156007167648855188634393805768727413314810711521399326979219138374311749210, 28413277182425206828052455859170172201558370714381633179332166587955633271051
58935402213050808982339069634332880469041603382438910433384280246602067859661, 43909542661526527854810823326039889912773997592876306455768282846935310252590
66207796965224530279409767645519339462533529780109893978307212282275046796531, 25531740094666902593401448780356525820923045901045430344861355133749670274576
17550395387078589013611832425353028886327132239082422210884766660382891308947, 65646761234210408130563296098052629940052118543886267527732413418037848071254
47622042608736561518470047235202820685640106462246218755671078257567932746302, 47642597839288061882852642408522337091339129229325444101116479933538936765433
58589104866653920688053889527847130751805427385186744689435412713564505892091, 44278352428941205290512037507374980609574958841004616192847198862822179588548
62850635320573530834679793694900172507246188309115733332489179424709706159728, 37053795795819110649404127938273345155274977097143372564452835137188747061577
43484005083962376790839325109069054227059600709882633989458897729311442425908, 37224264412355014711946728704341568373384290140204661547763421711112062610159
21713632636027688587082292254545162090597211848768704454789666912171409231882, 65765820978700545774963641860851151118095318798168845674813090121171996756235
8936780359882898824416870796692564049664446701769968110317489029641170629557, 18123512098872015897205458351858577695272260436148631046546829927066102892262
13112608656671548036605605848607258951014521510221912547227659614843946136688, 23308972908970648216803283478017417695437509793709471852885100790234308059181
68232399042020692429438368979799990570596115312189791971406329249589638432401, 53396956375341929468754213664853166021808972424214990628360252794349724597540
33267904361353616203986400689171745108046922511335203032921542610569187732055, 71238033829394505019467011757576447844112578953360482729424289770153756494402
72950843977778855647064492336706831678382558485462090933475151202785518058442, 35061198933494184922664650314344284525771180687155453502364643326061174865267
56552902408901940384881902653275951432681021813421538395877468582372417262907, 72517108389131753596726522759659210333400751502592530676326762906726277348309
26884417336412856197223530057845260867787034788116095654980660579505874937199, 23660841310208452730522164356969779006583936283900953237285918284274685778145
12815374113910930398229203982696584871693609163383911646504232234580591314252, 41057583100627901001647021389923235152693406897208460552674996021159808333546
4596685532832343697518200454441623430488932324308866531044507079133884419416, 39799878997826432815389079357633151812888494572737912105234700902324941303492
4256010618083139692977616098449960462078217747372098411028793220623829288719, 6286154285540747256920737083031739873935757051287919328423254089961862709063
54698148984718057712445102081659589938796162484279570622607093011684052585268, 10082382378899943427613032023953613898229958800716499042537176472915782279439
6072399631271719514243613962063744970214559964887517155084019565260208696221, 5910208481408948656061659898134860656927249772711581733853084296047461253032
66774091105944282921408785727484189254623410878807341259389577137431095233197, 50718511722931012259693974331431189953150495411517868548383692772277986482246
42900001194478775330505148107683721659582694825833772256949014537938442398603, 51870595537057764099810671434889742669821058772118391227461313166182592343175
56652182769921273468191345848651393762048769833765143977350259284343483238488, 34209759851195826516605843501513746873886135808019507453828370158195747529715
69291235317462027504762670054911472506164658303713084326029860938042951249884, 45521428836898763729746495497638348214298501061539576987451312387328950422051
52900644265073806223156567568229542038900080214956965674857828829235717176377, 47539003010446319651214269284188015781589853988211328860996667330805383261804
12206134929727176354844520599319179563276393710578398043265939612968094289479, 24977179215365629312951061091409109600258805256898402020560881352749690515682
20393633941644411320652165239813771785045521668518954386895775156196489660510, 35068934493343485737165517003036311040810474158764883409643714781363161332938
13931650545397425379751538628861128929244145946287201979138282983497406557074, 18272361567699307079088787591259100238349103338281029977059667773380367106313
54923260279052133686946712781957324896735597894772831590743501048891307332706, 73710511623596957521928584170245854502096454241483458938682449618871876370934
29860674626860176131770135068078637093766879281171175369270066264375305247622, 7226117467192711947965524303709489985787431007225576463729642849389127537692
23213958798542453451287355661627942188104671732016292704824637858280654348047, 18303543262070290581912557452487607161917377243594651954969341092187652640746
55014569885703473638694976469431603748004817680053057441823667118173272206237, 32909866701679504939876579275332220898640644013894788102874389730993788684417
31562178583511912150595192830274408637835244319993216706653527226427571099558, 7997646469458902069937670924056001783849379422161305078013593452701173124213
76324778227889988721749945877942174082063876964011547516478729808416300567678, 12617709540282572898389268236659952074221815260510387129198008424942814663294
8747231700079003575411886430323774785551692675035965705674770743827179216811, 9263048602998451990309509100191977680195205871825000190812655041913089633594
21726778780852148257735807097762537424018875416955563301276563602343021823716, 9125614298643018964468942841306068419535418744792705871303359074926252210714
804237115067830238854920714777240819853116483908491039879328540492311561904, 21493647647503854119058759186106261369642814362096363593347444690338211706990
15629788662766085042492845780665103817582574370605875826828280573329125892980, 65352852018194252250877960032878141849115300306815320945359304201219224872269
26319995935380060028452626192929228111475798642205840883221379619456178430442, 45213969120771670773803478421920850823665363216061826908965512756144566134177
34060971125507480638822659056629199782837504964645272267715770191238842479023, 8391232325228698098953060849369740105265374272120483015077977543919464199591
22478579253810531726014199146219334761817858735197775325253414863208357757235, 11967136428821020055108087226750606603114125985240245105823974814122493154735
23893612675883653773905507417879384872672377111379218973791540755067618061230, 58042590959887669528766810260630370237249069191858556583225569328709999891629
52365245404558951837878523543863792304782830491950944192617886505904505215245, 33106459585023436731530006174288322377902139420081791054289904905221370088013
2857719661583803214411139108424012798166010227751157837497166721331870195577, 2872020938700815440511467288737052096092858700029266326246685608820181618441
52092620010741673369075303184572808011429620214048677118576141091103771006668, 10889577292523902286421091548356785469901903891011511487619208667462476691073
13549459523544880754359810290561370529118097311381389953193334318135460802283, 23868083473263048078254484885982734052987409862009384760789634767977177841297
51943777835208832420582478461765486384759367775765939455809144188197024287789, 53853892952684714706047731798844718143507816963864642116658625772781130736027
43267986815028887460175765340694145666866571051748291532687362175587425049750, 56951522385288239555714394285678169621013462051815700987675207287573343923059
65964750212236793961585906312711298054935551861161216498037772744203376444064, 50486840471214096553261423247150892283423449708763906862232186560339857737891
72667536032366925859208499876517566953060266079330015290179281549845455468672, 6870565820967978468817525983435784446925935307437225030960630441956630372651
22171100090756020635444072966407854912099022205085466959712976185602587553116, 15671115652021638502547996072295414256460466561570471401737185478643094165616
54070769007257655653025817483580390437663466260355816406282485141817044942825, 51485814502710644935327808872247439411768291881410790860463262950871760829853
76343114044561391259271731608666847379786805149800068345766161560375150595040, 15241228215256089062201878208023404541033884546689455912497474047943922380140
40256200441471118293058076755026540409464136836120760948319055524586763604136, 18134950905206765831482490849825621731203077627678205893728094835206602103170
75085724625050803518301031075416821481172165853549983443903260783829049417592, 41688464973529698336546780337611555828533989037332359036506206356442394544587
21958678115991467261038401488679142678272952154608163200619637622291370493196, 54291117637337974723228480533011848054718537362041051327759478985776912645055
36733262833925889204564648153146662337520888561380275692440133246103565346092, 36751308379314318991944419235138238040952851107151902387343693101613711989515
67931196568372179266033287530141630883948519436583128268995888665923562194070, 17156474074886093917185936108307802085129791082509179513667352207299317401833
1529234018375949236770486353991796319410279775876121338916608922607019077093, 23182090552314743330548048458824997427839518657579234415098091577424134224617
6021072594043118642861485911305129924654602640699609300123934301487829871798, 45550033573431393913302121739048127944349403430749019535063924127662763301191
30924076379471995106120209339361756012794242828894442685768034015992766440086, 53623471295210574704477104862791481045559214591541346984397699508310673932591
39025042359018136325694766185188524040230813199369901048896247712530841046879, 41403881260987746713394938709934144661756219362436854533130979721123556778405
19222552405810921008367350261837771465513683835125544709715351746031280988007, 15105608302000912731252874313956345409374214113004610239378965798195687067088
70203636856269207153147841075834371830909632569623949908296228153070501941823, 59625701389088333004190409154280798511032258122501802337724993859727556752681
13830148295041890766680118845456467470581269136429242269224006305396896212063, 36766818699853543293655392306520099485233385624987058322286293597376776059140
11976383612226491246501992833754335976734474946160356258335014869581358469466, 24046684285820299262953938657232749061891012333632232470109245598686773962463
66280542597055430471858878129211894086141474957617027694872753007072730051778, 43273332786104525516329838464862597218463533114095879927708907076349334455437
71394907240194436786755687440145415288246786605858763937921475115234246755082, 1301857353025319224569919612496718849373997569145930582944880898871357375921
18532564649786948016091875072417250276042244982516173148151696520155759108294, 49241856404480873436357837339062638721149110284493131435053621968074957809672
68771053403463738626873130590587524691812629234751306526490008840898010948111, 31238849855081202884201325314171522447350171986426689683987253028478180014425
73814426852122848106573439588681960142216620958671248974567542758791828222803, 4006186545046232109546534604067403154434826420326212419351096349214585637590
48461231802528949388271511085269171949383827141203410635565755423640927868022, 27679375073925101614529285310489694059352466135302656619888956442418774611076
71227178117127892479320440271209091561429257108650835536482725357224634368978, 25602517486132611945681728269842877901703540790767964713823105321992227109672
41619323487176507147669690590965881088851483834144382349365676547664613077425, 24593987615873028217277287369093373868038314729099298173257824622968802338719
31738723406310623647013464887639513669067912562469826066373076198925730688363, 73212932798949876504970679065466522794251753684785837456904783813649201346989
56832245923245206433814115454361261051520350928293197639680436359788239751610, 61007088059937391958536592412093859979136353711175646293295470867859068578900
35001120699074437224153003191223827559472796605845788814081303301378162051224, 23068211693699565199426097046892555429083816619814525822518643934046043623849
12725555206988024068061520721477277043845878796288928165701102075207200264964, 53953302755917105549386434760598844453221359766824199716206952235925073869695
59074838215628187551849622337048507523432521031319169316851747589814268843778, 75110859894160031126973071757047947653214740897467610792581129217559208956650
15511088440432322864428525781306767124020178970863396905768995898986917070481, 10160433089780311898978036977125401961468962287957416769610465902717212360204
27672591708698775002079147473607227348112590145514672768965258941042268287190, 9272075844316396756222620093226407609105422729247255825094559759852154933478
35735795393812254531405991949313502066680210506377882528049361665863824391563, 22092470652187451505599515415109673442478422999836783356339405274282198334823
67771240375586084399508725971107504894614556783993586520248055685170695537019, 26657511081860713243636808332113663801284463734031939701144021962182379624687
34759998272945190883721951399134718454077124754891387764699136863623213052688, 61375451070097128152870217713199394699352943492703064840835924969709320042811
22783132697367337339273929618497738395534110544239964885314059809898116209455, 72873570634243386290985599660283916157875384478382035553878714954431930980761
40733912079983904505204166110422725675253600134865196808798946550782079167560, 9509440510295917623105134878288008347999598879968051002891637396728265629889
42487499646526255194291705053755805514364199158376625690874077903367246249006, 67365730993678706031154094761926711064735906302421240281969112086414457194129
48088963513266753227342847866698226978246305359115120786986247492477749472682, 58678152739087969745850937544500918207645622455826437914415341614172632361198
20090667794249012302021561292255106712934009819984575004536899788235224756154, 48856204539433872996330851415672209772368150233547370497576799736166485996170
52267304750438631184658806485492295606095352878966628326603880892909550901464, 14925340209993555180957811365804146001950627995801373733762965206611354906257
35472834378169677677438788506614166530916336145404409049930444137050588639869, 26344417476836767302433086399655806367521248067510628319805750306984080914755
23579067003764602141483851597617719958347372525400348291957564161308808279540, 76114159035243887561497764359758976376744756541982173983159623964833322913045
60263202941332900871140152429743244023308071494269484448515946727736263908335, 10454416527244453443534710624827544792279707578921612938557834276998995277968
65157756638018262847030869910199460927048250867452833214166587337675098912411, 75570115309985758632760867970093469868148515941287147083367807157266781709497
60959708580968297135500707788632418420571899272460412573674642733992069086141, 32574605854282027037601751629785515058005360029900334447252682115409666280858
59013649567115290660280476861636673399193419436994466614626216194612296484079, 49409239004748213182575943176439294414893773630292851444654080722081106189253
64159418550152539302395724009939171257402688520294050340875564257785577459018, 68624812785406669286859773436497330976157137858235749262299579897334477486069
45036426091736903063687514557174080376870914892789627450215535365672880904672, 43415990266772395147658465788044315390284230716660067097475566619047702253158
18639155991974995222516907849942815174391479132995632945650494739323411386710, 27583794799256126364574124198279822521589714586584032154159548795662709306479
45818985496313224000429588135174227988065677611796077570169062987504991977397, 32761679926118094985712457443288332882533828987443635596368046500984516685360
75638124511578511241361210420004281272979887750141416841602767344244022729953, 53772225932511724270774082278995353136814866492981443705896816294871529725341
50060176788415013970597805914521439909909212239312643548842185591502293988875, 27228611587143796291342372546744627821167642747464959001043812959791583599764
634705568657604099419591969751540400051975886210388307117856957813572809721, 53850201981275101994322604914752127069907080096742161113493656622146689428676
46143861197866996134360953206492145826426668507280734754548174478945580506356, 76358688908611638581688895909310375121012293887847470905134899892593887454687
26862239308701202837129058568563344307085605257097494211111013950228846187820, 76450377776117579902612298202452169906062158361211170968570621540667187568238
66392646067906797336656587068152775753541361913051614636041590436885723176109, 4268912566463745383296569387218745030300942286064088731648075003417846361267
57755812135693856768835811182312293114041188121144340596895987710525999498382, 6093648404284782515109969819163317760704520623348854699485712810029204742664
34252476661558824808198441716102912804191672439515178000148489680698226302844, 45087475772187924986841965812745923456402142702810602455663717839400616938111
23956077557264697177703290830863771349370303938335680632682140987525197617494, 1549706608043038896043230475616316672427295760500471482917068464140612757972
73246758352241194499014550419682152739384955548643180274262162575618949948809, 53300554793464690725081376820468572343243747932324967761483723238887702589154
3309551964075009967846777223520704200865205049149518227847778489652844404487, 52578934418274708087822268682100989804132555565191638779973086347646935702744
19473232879060009311359399888149224834691875710080040884069500916288154761882, 39671960465960363038301645371699900860753311373270712093412275416413317575929
42734029676203133605443573191796730646292332569645811521121350997772022198601, 15927122261114580600087628808863732874549463394957840005714555604913210033051
955626413954830790468371990173372634182812630386076876218577393709068921136, 8692471931668335632446554343473808247311887780972305711061542677113183868662
75943149919509416270751743947560301615160812355413686525645042152985272328204, 1065813213288453947711822174643993184794176342934363075218409124740549793628
24685733842932571726288913601188850737993429291215756309061515367170570681935, 31777507042408301407723434986437849363044608981627771323951336032109911752483
17376699076146572900295823450816865037140378412476679196042890748266031134178, 7884824426759568650671943987550376091540197186242006098455925752199147079526
32494858848138704714883755356567007583562382850570556950129300370806203606616, 31074860547844131214188419785829424965534420914801870904004374438952962794278
37768711745750120271284476733287961047274821636456822861179081455553581789902, 38878149779792076497737761068493041784085488103839061681100385983912838075033
70552481236957892922045662899455100815009711539494132658460871947923963704621, 4242425647431882994516658941241603258411956975496889869774815035633503301426
8609563620363304383775438240675928329730143624366307945807843209097971992394, 54029196763810845837439985845001911190514783288320955001466259624040444336553
37910965158241639729291352393970610566759508048469865204249770199304310264231, 2945975832336413943468714519866998694277211359265736365662211647989576449034
47118501406197793944486744715088846474603109808076327431904271407808625798200, 58071318533210292864707961224140963977380551358385124891818154969203725888263
27400221469008925020729913112294035743819303739814286884260436863718571203522, 61341554226895732480578844248988990549937036253384645341160959402945235974550
24307863564096975959708160196140147282575410526450275205634125173207831388713, 45548456458725246342769149008855771714789302120474309414038522852987558512481
22457627739008645847949908055838455091617249944301301828651052118598983561383, 18351708082436304622064457517067599721837864685267448859130118276494575434933
41884438393834124545137556766658722254659375126418864846992309931484394219860, 7522745952510511753707039834409366923252981704723323704304624412325931870958
73918111029580497569553508416261405376494383746082398340194781823310190215502, 30723151149174579697768641370331347955659042285548964755170927279591783864754
63111471075322124241988256502307323657658958415947422601449644305260954996912, 39638971494793083501063411192319619968733949595985176628555495175372758589890
14266613950704394067764777636975391519691155431254825420935335774894330336933, 76738841883899049490929901598929704300479092061039726328169737493430178561647
43371974137512770695095756478829162270679357067209605028992475846239584597276, 62604646816777269273065261604141189012488571272047038550079757475877029379321
73154018825164326415821332688795531680769898556844630672947138330443665664626, 22982223547531658200891455951374868981053128379156831806478665340631083145284
9543746573940968739893896917413183122195422590466164904571723704597952547570, 15800746140281781136670504449483404763878413518700332679057893081975190516383
8358194613891245233149919791743771540343633545563003499729524237241089817636, 5034514569804400158249854857119182109946141598629263722987962145246326488359
70126874654265044010790748856759053235107798275871282331195940097370249998163, 40097126770788985571356877577574089148046396029248206903537618483242462422223
13393165253543787322862135697122318601280089361822597818920861398069478088591, 51390763789412102017160948273248532169109599595905604360148366361024990087815
64687386632382738377509104917571425031058943035577705562489919898479434205985, 37793171742548419881894914343217018069185971651196647848628743086853714717573
1230401585100513779920587768320522420806912293983282140831704048899673509684, 1928461358217344533805827507909746591803521866430639446635568068337403689797
58001566018351150090381497885663177651302729623408336914730916715765280138497, 2487355113604545624311123936041174783925027093080429867205043260461018330669
58920861758335593046290025429859595327893933783876319589951391868801074043592, 20076549766043273586546387701171705856890010764188835676285195810708161779631
45930473318347962022374256542284929032256901101645153473211170185858501399686, 52050754638436825406787320594481698819559486686963116640995477776713805889683
2847479691931854331847583463518645110562569574277727057281904067162048551454, 42336004613773454278070758550341699612658993111244888516806284443262641086658
19652499266927276602700286188465744335569761351968646263899792183658935107361, 60936192672089421719138003885572474753237704201122157588980901248691967057782
70985605980917159034453229294929009186006791845502341992618989518611905762630, 36525435493661663915550675237875748914510268572024995655061965351797092937162
25281492416487084385274163837667644718175382197688637846669206235492461306620, 78461108227858041622695302269220808630124865421674190960553264020691263035
70279061759211439814066767029803923588470977976669802606657615685062806470342, 30349218361560768012891130479886757213169788064120662165919722539355218250369
11208577608502512851055957434573801578276794465462712395910545287724336374564, 50802507853622398667689677763148691760643133125514761170516718627166343218134
19793304362527452722709189479136867107923742587469731452599808799581036756577, 50869390455871950709700921459060656946025026828837743062983152454722927936295
67724830553161973385230285889739687835697461446590949256939678251976079082940, 59223210036764949448025975353617192802062656751123592682723071707237676278671
74446115557492368877701921493941972960324723517016982781957572986927717638441, 70116555838231232713656599121736395613628239889132090016560980924047916061550
32714670151952233569251802715160874920749350997102053890306239865314481877927, 55317137153563040142800517004230827226839468124533298767942428880440354987771
63727711521108742076749877035330977288900781134674014391384660849946799077176, 65372284424850750924818530198316203371510047723246346460063829685045435494042
18012398315926982941960550739458802288796634386068774769373358091015986345497, 51771448766355277805354604876358992524220163480285351203270873011120546509208
76249464021535856256300000717838728480416472622473565484646166476580784929592, 46628414069547399964478298228608479444728800239944568702457315621544622733480
3516360379522132665060258225926142012922466488153435840534885723048090806587, 58936372708056660733860354018185339303359960910770082659064312334711949121026
54039343897773884832373244703693987147149353679851852839182988377890574024937, 27809116247570288871214672798042928263703432515040766294975755978431585948533
13920423029709410788015061051514257338104635513038068171936607997276894857605, 4734502988091868994212136868658589680424745884341513051444610442635631328747
33919007139676095371495052311376752751038492433482897293469508816493089682745, 3595795946864163969413082628654381136636817016286217858434611433670121302344
26600747591970005547145030338500002445711615394829740624907747117520986740045, 21034352261262308347171833490379165723070118561087238737600788630055539070121
645458603580583309356855688883774644158620760073433930534094302978554334530, 70632359762083707295623767249458271187859508098506739572002368851954166187329
26495305768002954416187559298079379674410749720267333504637228268705090178027, 38597072622163853681244432429602597257123832767941499529036027912498508894710
59235936770028975047572054624829126660762790212928996915376885821662751162763, 60335925169325152401969011242813596733999386623790630960723903402753711940192
50788968549204521331240223390670688404219684170161188889512831724944034159351, 18359060128742437292033807581879692790952115118809503223662704833039106931531
75622443701461939160362515124770313342469372890363839898625442561329671234225, 43087474375449029469866889989472132605940532935216447953029167614688334175689
8179967135579975877761685864589443754262318618704806104151153374987390768272, 11273153059003510367667656343589177034443599062700959341061189889044306507906
17980327408194598554848886980301486279769819644847175226854096019130745579948, 17913858872411525839475082984353633059973533092600374547268217025470016714476
14937329014612972751658925908414639295804407267253011487664891169710753426604, 53030868624930580347346255769815925881811201101728042822176223219882068372301
5083059979939359374761626599468659793259184584917649618250963337297423029742, 10364326481479468827710587946975730912855525297996044456429205264219314087583
34080477191782000744914210818497101556067176903408812907911018515839340946288, 22182088228866644461940415850266543048539209683131170391904162071858705755110
6226022460598721844719667864522255622044639351808266238154158553639011567510, 71620675499511288040886501704163224784755534821114672430519505326208424160103
73925003418734495889455671600560916949358508514178127953380711242266457042790, 43951037511488880873847327377758096499949387947031736462542403090462389990516
68896102094896565325116546629141512741597578909239727009915731522637668774284, 70850302865142495700573015141060526301263789846040896433476196873952729223762
44165049610440154053682975479114178566767434392813056945335597668532653588520, 40015358368463855896571353493600690767129691144563999819305449665433802632022
19608723736227134101062921550246970133327343667494928814441510454646342064308, 20599571630209797293949235612969856293765026731542124183172748329237074279305
49082287106578150191751960662686252720251073924891097321589449292322467051246, 37322944687867056396666147257754079074043749505128219873575622239127457099253
16769118475824406040952138541724540228524897206920621637783914948752411643842, 60504968618758705999378556708395742317890933631452901475387717514304563071569
56877266792012054592516612512793027848261082788835120910333249068856129709969, 31129052759393605448980510907855566102894254295481639693490135550067557611670
55244317573148296073766551888009038916729350686991160810089951810167592498034, 41212578744263237464843601210670773806383887352537843562897651670818014258904
24196544545360420166006365980578014428801794516802508534196561515816880656663, 19449141257683982762036494702296136621990298618723286317377438791998307773336
6051217946615989524753267325767168622385406371491715310110295112935310584125, 70743179012795810194255975592556103115302944122909420924499393806126217324907
59829894302931953579200103330137901142931673456980790413068040668655233903854, 57385425040552950718670426059398345243942874181791394477616754372856638232047
76548343714383050599341901694133118972223186020865275258598837893038771945042, 48568011333832033639503784909401056396732432616868990758513215949462828214477
24642796158980208422858613172335211045984461879940756997792560638876431645761, 70203342867369770949482407864190326540531306573675442570563293517110114508779
9344792451639285137028288296680969424878740391812190725700553844110044488682, 57470309342868091791212960815965184073316223957805724430635180559823673631681
48329241631585116062936701210578005376759298933956535741224634655400890159960, 12690189614239760291610589471476689654083523040952201297668891192620770115591
5659154278193547139781494198636476909709941926414941287419857560844506544752, 36696278721473660894385046316293992138225878928826944478627470421481540889399
5901101949840975198588393191141557133469392627446054820171190500269033421039, 21064659192746693830173219121940214158595516365195506705587449479146256849482
25073852067969534766967164251486092190846465469957928135060694314901213233259, 19722059843684799632777066910171459531012930069370838174927047294952995342308
31600341821357918029169570841058302739568926834908194651130333032087322599610, 62070218688778293476431453953157346384368418604926215990458404094435187364213
26713547443232678205316815585691535890693364160925276989380507751237305807077, 29785006622947153953126974068711072571032773633175614802631899521410421959986
65842807678578925078340749685775470885743734750082631801734323874146662237323, 11222787712553484104008519260211796834233140732562613328201858221185170429570
30778265183183769455115639823005987123704141070958729409778639800990905035529, 35471679078421111928879043282937913988474144139595231859602058454613725108461
18806020685582737270938515250367546343371724310375718940367391108618808505045, 1944025412976445649566920920017731142689940489246925379631854517810843585082
69617408325093997984176212893093393885686930021649191165766646403905971455957, 65462681789095865818831977834931685925938043360170157865270337183124897563074
17000604290493907120052813211966110680663846309653734585051919363813498233025, 56037386935846028244572094233033338779315494777511968155649744743209977371001
62911037836512339548953518999378782088982586706828694359611746018986210755004, 25437210646602660557524703989309497620034809169140319521033306729680981591028
47165198313581069835573570902833451764574480957337166807624420275210711415646, 48968912029012265260349554006527980421623465883637406117957955166699640465699
41503814288986721178399428546696307524497277162712766534489942018424649973070, 567447064890276255989176973167406134141421215422872711320375076857842018039
52300626526573167628222181097401141414648453114282644850554741698377936900334, 5966418023680018978621926358991028861298794105220295932069250750769914617119
57319189618350922515110319757354997275816279896061756582016455619818180538345, 3963893045435568042322390471650152931839623200890106598867428003658296934431
62191032678467927120621275230988940740313274550703884717890355776206911521783, 65130616906096993065681553386009505173373425783761486793695747981199206774471
47913810533849110971930668872263301548646906105053396850658806008076718165537, 48489034920285497613282035973058212381079534332591406961706791197309945276816
72981925447327705832487353138289539382370483227717854849947624186639353845442, 3719277821438519172128169935664444052349507550511822328336225373291547982488
20949652589909167805364877686415626445466497332152007530150541087287763456136, 66527471574273535874516626191079328153412574233834611701947063516372110327000
68366305007581678773807386427632884663851982924184551738275521098578438956239, 22148347029663282768451306435236888252155956671821247044752826082548779938718
12839014213246507928823275963019340800125172351034763046472443105759860630174, 29877497375654844384907489630067001101178824093333541819707104882424018646728
11881884569683288227944069466967233217529303563351294677949623494698711888998, 29923111109620814161645724702710838725514628284574456657016434765496639466721
27569724305466939883765316376743607093265481241555143471995315935784249513283, 1499291906217031052658135683231441245164806844191844197805245455665284678437
27607286955482261578216701289973645964268220931523414893820097892324039359237, 35259321020841585674036855252515709169959359262297933721250556860065800958673
5215059997757918849104240605589903978785697060391698395184609919136228917035, 48090959496325593355863143139138858709076664559595707062568187747779769120434
26325165053750822292513356959904954997953563358350600468307379832799376473945, 55344328182375111968225057473528707713979353028067197275663201404316124322022
44765707794925691117294004556282921480718965687231965360127145160449792660670, 2685046562227765634284429451282462478952117410988417215964727317990710776659
69237911535579127519740372536129141271212222329799086206721432427127551163934, 66826334103449187035971682441457368628250579968735854943910168361378978491847
35125885212426852558949244661205726701645362347286246146837266699916685364034, 62116815082726863328394765494592309250926627175271310248718328907407987668654
81019580602722547777596523611183866363250433147551780850196116761110054541, 72775486480469559335857596928713923177136798753505129956588850278832312461768
75290395638520132060627547398044000465574134821913830506210683202707568769909, 10069697159841547453601251216387110029158152225294336454050702380064096815117
61854349870467502004126176717667101224934316856805982258767370242738920374011, 70519201492595138798740279957001857116795726591756804021797342236577739940635
70402873734170345368460475732142144448683945457581955804641632661850160553632, 51125082196807625975715606281929246694917787862530888962682759016493743461836
30482300059956133071911433235177745028969700629548480569315155032541599716209, 10677578252004576323180206443065026319759564462348930513660276107734186284876
62356084875919361782585427546077196373665087734102574806686400219402643995188, 3078871836412238680418527236346065666277997699984920768284807651357230133127
49734626170325866113393203875409086706927640497355935058679980528232934536893, 50448562586043013086987203787906237266065221604851696731503848498259745406208
33615352272259880540202473568618409325571536661990973288767830234646950115308, 53490487815944584977886596023251280007061686402917800071686006330910561674542
30214696679253108570991917779004588860220526960850660652607383657710773277759, 70422021742850865995186468720750396630146610475506304096551661386859790912110
75236554480113266581442979313025465509923249619466895053642049238629094733437, 71409518358244296454433515367467676114886876748585377216187519308636701153313
26857666412099461920361379275209623390565073534546318374727710790148914892768, 21994114815037655458464402432766732061319884226080918469493198900065560704632
12070950010270592750062200714056283105010102305579638907630766857234753991645, 24547528972252814328023795355397632651979403179031488035973110247951332141596
2031289271451399117924801160007628114801791142353109395957451384787120163384, 45555103529843139559522276152446028851801687579392466702019119750430645384216
50822299638126999654250845115601080346012186855301635628777110520332008703934, 44174231242537922094818149293289062722396378131534899296068294585087675779810
54890110812948748504931675166167747411651636255546336707011799272492347705287, 7581314406586371116026197276694672841855858497159738701310661272466932723780
55807254091905126501700026041407085253634739379261646791898538459780339721142, 20610492103496717758214006229158425532007622271913410462527051000861074294646
72953787383597935803013517907439118535631668503951639391064910729433821918397, 52019018449363476286618292161180538387167527176521203426307032415407694695703
22534459976429149457124584109930399185366556904460793487588859215236343404643, 76477934456741348833617337816379330268996496962727610219395450150231543618352
19878133167300614848815073463920114035257619747797563551955694901045952290590, 29541094446795403080945247354465186822393435484870802408308817256224818264643
23078305867048208462993579626692634183388517247729891035782876475649685271750, 40069807184766191258035640687468195895005229083805265948965688412687969833954
51792256063840931093766076346729753187367372243195782140781134256702419393631, 11014369056559904402471542625292781739845322161260212977036547261115437233225
68878601275010696710211839209164169715616425271796499041271204713314414457287, 63729426055500220717745052569539976351798349763236764395686988355526953332719
13396449748888676692332950480247295942706749947717183530126229049037414494542, 931047682399692735315012493200219854111771331521509904321762325255646363914
24879203813701861788133834950206152180566459421836969706729995196078974910930, 75866960304147783668169399810307132805313692593913826335208068328529781714423
12238651035689671158117570089667003773869213678804282957077020790063165606602, 50402670769786484999394919588181588811700551852614165101929437896197610187322
76514292777545274036202110481980000161745903536008807849069385803750129231328, 73572473130349632673897358281469649029969652993322461083949248587053517094163
19190930929831611098946030928942952264065127309405908742171625335417324588756, 6426928213207392124587340529690035273116220030229807082718390444778892005110
51690401539577675982788753407655559255679183384746288448426412788446824573712, 59492354605760002744738683837449910732811959868080226502036801936035237947296
49581494856380675549134891617119170590445397445192904551192689944992132552228, 62372102537654733517953113113203409434350348305003086744412348953497939448153
12661147639572246403102116485784696825749719158547994950082826513174060720625, 48774976663982623235193237400817459891211164134499980602166130992496623212866
39524973320956197027993441131645843397218592813874386870396145278799049869675, 19462003781057427880529798314840729903516298843887447638629381852611330539828
15814049528212863773939949570994372446913734939394423631706185497715663233709, 16566593706119221977136662811345158720603591275415508336850693854344745320000
61736602716348139608158080138253817924876732277243215162434960247068346945429, 37757439359720965689883049761623421306283696522068415322561642866773143877629
73654300198020807587831910006804733381507499207738100169429431055045914446708, 69874549857120474734414387890472567345928775376155618029262241235357150575011
7342519070153568794913507484134092292582394637128833709546930780871024813822, 69010138104649316384981393621274906666799070367077322592185307454865719351199
13695330281761037043696579671829453656789874754336281345753730653347357207641, 36387865758598946835276348945602580582649631438412238241724188396571901045082
65537194275239762556804257609420892977104080948009393656409677592614370570084, 44084918310426300029414981701447126423759255962973412911951756367353126595944
32385284418573715072330568060975373632188829643162468564992536623455675691808, 65411199433656126080588849046448535887019879518492405706758027491862753386277
26297990650454428711317629512132062366788240393834037551243150556068156563213, 37645402605897986268651609400439840591716243266744851680958463841976192762228
57029306943399845155668000221516268548879829653919359005293925594415532601557, 67293130517655207765315775413632770934273614894239393224649290934020264264444
9678453029911164984218205348836535123094852284973961473663111200894860931144, 64845186093336609438214772128694320418498381327401424980276290416740974928322
14083104989256387888313694606407314476795157691282217971340487622611885687169, 16262880787464778343105854113004936630155822683959921027323181754779124856309
63888996554016387457620918233617536010688285366802395708500068462210756447235, 58051355363114611385013489579669658959111457973628647065363106968232326172285
4656793091921763740051377573197423918131970166856458999263808522778413344820, 33649022751221042926388815063958877335828231166080502564168407694335976456524
43056295184722456120591566662750914290536543098950339412082069752489528174590, 57698565821982481795990919947957580589062982165536997676307674646156476393935
33813207716178013461934243356157794976589327507661980753802684328504079633277, 28022880963641195633797945415228876837006573587751395064290677086617327984714
35742327550968485557576235910890401796748340599075099822372917608463818338867, 53428223632658800009473401664854218132588377371493878405343594260290606711135
54464737275522474075690031268235411490061443243400053113343910391081206363419, 48397936996103197634750574842239097201041192222660583150214345832521270759880
30961679354691827549433451842172334633438457039925186521911038423303579624209, 4692375267199921794834802597905377210721632075934176084925898148138993782006
50438079329224472567865362843776574095470004312054698070116035563356578057033, 16730396390187073942548150015169529227306784627464604256110615165201220182531
42091237702526905820604745111895363565457289948883228254078324113132157094121, 27306857303783013981683558597123676830082481245831196570616429310238560427317
5173210872322594874171541248558940564896225303896053759728631144587295918844, 21833852073742352579425950311157109806272361973186174049326779680090413015911
55285658243604640296110197785367529074188733691640989539664786491749985378896, 69274609861333766920080737017669710047214692649333631445547310053203857448343
27031676721520433017722107847053482235820261839852286655236079437396153720139, 51775502522004847840110390297944403326238171595966016883748789860324446538564
11531358036535703579444047158334101913201686173742969442301270470824835319687, 68555127164527862357003160486155995215991796078586247120340506071098304521751
22544828523450429273757974638055318901825271849981545802923202088833614311304, 5915921619851675072076378506346615365997699051774849578504528235496069932781
668938234979366309513124879679627781362670284361636330018956130052825666426, 25728446659716762864304037388324622598519963078938577597036437678936980733844
47740868728665479818345267204881385275721676535272181542651236604560154592681, 68107609413497915118299655205111237972530367398975672255378589982255466224914
76442935564406229165211550165908583003443542545707942824639621487834024480589, 66886784914551936350705136773792511959837558696381774591681812958623851009194
15717966515252025410220025495176758660332723616832530946698376894356410047833, 21408513369351977193513833640123906963603434511691558088857771588684528958343
32572865853817081571392394184334433326459824920180953839643506352214152675572, 2179654227945487457019762249785667255214924947847697456912291936615058977845
24267856101584478519040873147793858551259390977779149096046330640749090147640, 69415240645131330383382179029486127017158880913255842305863200606837419270776
74940982542893233657740545350190326584153221640590314393867816679668510985824, 30098870015093255416909977901098698228064266385274202100653867752517338433154
25713905420606688953705954052685602610913166691163508395656816332526489174557, 32554520187213124233781156423337702422166804693195617295400370263230742523502
6731355539217205599370011404280536017109502496925855058905121345864764470514, 13099014065701350674372709748119648897795971873831631224558479006786425548341
16953117581800414875719628158920445192169605713482221927508076397743643438497, 37740724974004114180754202029731866995536423380431255014748400806989801117075
27167464039527142516802187694022125705806379512798192498468077556177848530790, 2812947283495584626561828955842772904791710558502431125625107649517430707360
12279787540666979605466872686649397698377276152532366777738872865165391565291, 19887862635286518748562433929567607929993325080610970484920412874385701135298
7572491691782438210006126951025817337735809709931380866020704692776823769238, 27752813133681570802169306043180397186102978510842032799582401129426927081733
48739431260677794615562845836903669710328185419656415020093470691304886109663, 36195415708199952210458318833515819232614394461075464811183018746903584445891
13622445060632005145687095538468787775182136768390333753615795137581848339361, 6920774586846822196771909317465828843512266717877020163724646731718404181710
28110787636923057588077816116169820577995223764857888110004154735140627229025, 20029694632982846792901652578796662690021047530796286839309774717208950023745
75792075600927451647846291290978773338667613261846127260010640061937855321363, 5210374731403574994613334193943058812054432602655570930894844330189278657377
49323551045672370680125718094269575592990190163289736043816929563087215450970, 37288147922402322325005579666793255607087771715458670573112712881708236580240
64739083430370401726061891094338594997280446539805708809873735451513419254848, 71107949405119460336834197010699904625015418071162160738417435718192355486494
72372212545198991526685866685317067676584141127662883335569940340998616683097, 6234487645136870660687430634604381923527194537572987505665997765619935069498
9003078040286868324769187975555681015449688317646066320574702281222597228006, 40387385523998152263569675457586352487397511940626894520712059479120970727957
50133944208972919387588176597908245159786889767422222968774930516914943353620, 6165297117672843068946010120749631913408425700916506808316387422508564647710
49599104319470567424446640347642376347579129297267820501462349901517751646607, 44145708371816944833132847498067690275909407871840613152906534499610104508470
34403227773005478718001124462574593811414267942038488049973924770460520558405, 69230978905877165710820770804067740238668231170127731815901013619990473696943
74350409869056867120520107355755911809182125682346388844255656960517555988351, 52038260144079003031375215703082493399509664476820236742140664696707365996368
9148837195796306044662293252406549219740083828385657886599631076760105590659, 7645714512403276340108956070506564432956460466924075711863732261307474664470
1733458345618967032413664960903800928864161547618429390279174863635486683180, 1048740022914599038319626933272082027970526705989876824420268285150379684324
70278658071122825284046310784749677559496114854312551212833627172917871053646, 3521618634736799942263769298506212007753306102569289530058562418602758530608
48939376529810170424082310169876564079067980644750423939137916168460921067974, 57605695038114907940998256082296773048927874053685740669309113267918043455104
19923129333205394916027607395377526142402605544241540163705880612643412994632, 75343717899014011501395950990521434727719007126256437812093717337601296201169
46825829918287757212520394984283168184726924652951072288696422573600343284602, 22747759773295007836421119051219174261726511735962702347944247804351124335680
20167120427695602131093529793963702656856055677037321907323247220723932287375, 6119397218849902204530172414139333889618662613493032630272764891824220667379
12207204131251728617088931961849554572962569851484241006810022100482487841269, 44223543495360899106019927929750192641265188070411794683356549391963988841608
63335204806500003186801891626578678762106266291071950831748758603515106376707, 31503712447741139444004591380374277718876757374812431821028124881434365825837
3863712849505112340077960555259741012860718942093044479223326011640206932322, 58101812120332042398850680313828917335488885903074710638714838122154186299123
28031105390475235621221174533848740400072857464060591194831585032005464294948, 44384478034750833901842542642740870057957059038282209483159793558599798601806
6427320413868681695725775331247777334980648495091521009947766350466921313807, 43483299312713875176288786003178619686521513525309819409878793954333307519012
24997133639566068375237052564256868016769050756753600857397074977682687880258, 40156444993655109815288467305268978451896593168738639864866698540998180848328
52093492230349927913175858151309005553443828895155294970053913232897112096477, 9094500621306650304176727588923816919498948437067086991502656551953404868157
12164742425974516627266268568188215196321772535148863777500336285851111384772, 60715774603538721064238504537862784932430655421534294453024396011276570180336
58722854408206076848133235067836697488371327334785507988475830286562387114300, 76473556706883782423172559619119162936966304312552850909427693794514646239559
54940996725982371594126574238605172640466638118058411337094665836138067471646, 25976090610034864211527001215248100275254450185492000088448802354022655576382
8438956424981138442498987995406237944786510119855311209457706676340462426446, 10574239545420888546296065397454169034592930189141461333027109574997213080526
47789091875024288481946696754190141932509806833881698270890847054173549884966, 2987373860047693443735116871265311781185411081112850294844952760431578641770
55320811631387108443789025572524798003182884859873069003240637867715145727096, 54077284903804138801072011032148311025559885165859279150934682996316720388111
43038409110118158635803656383221380595938289871792895417191296083564556702835, 51935162503854707570239897113251481058890173997251668178277247193441204473755
7327909693203876821483795997154743214133742685959569829272053038749012029126, 34683268992901542882525227315714084309100036288477920286058866942914509902618
19832059717453779240278909563459717572890822059304557676968171008984827239951, 1626140703609693118087168766603219140821228034623085381588111947470951462121
39337733456674785303791035337274059831882270517413924857470509889962165345013, 54649963219873669477198795192387256941752388555178856255685613648432360651522
70428605005137417490991223044556208149576438146168123950913824132500838790276, 41880126922516606662303032827087603177866194778086195001341134557173273641172
13571402442852010169803323818616580847168252436057983480596832444096287633203, 39863194247398841390045681023546272485853780103618560301359573122544306110021
23053788362547344718649711546226929713160143617537738515843423062660757449777, 43622043126650317569453956751133939627922040103121448631524076412681224499623
24156441176897661243197048105425525777314536849535039168192215733304494696182, 36872883233163027993068364648606354133831013934244895715666204159007130291972
7993935891715712146724426488080097534113513910376881016828229515934039318969, 23101612040638729304940659472262520458107548812922785676174786748045040592825
57253238319244280058000742081331669601747808312109627267378530400762981330866, 3462257003016442741667884436870315090886751586709382047916906141965377026934
42683392865989695832581602061352009328156646830701548409083647211083588271761, 48278431489830666233697390471281680463239057910676530285747246571555033554715
33168273484654550997747134460188924377024075261194380910852076940532266792087, 42302109583294980933145706550570016165341132036195717834163210736953622815604
51509080698399582522229883905256154635467800797828554882947313604735363861364, 52190628633094983993358487028371068574258144805136173979422963963881521207027
39561118615690133798798902855790493805341668503506285218699974637822895449932, 73564285694125033020160137366997909153255089178263897010567610428665155123460
36058915448209383692969237104525672127329373280792758345789284032800939958268, 7121568361448762799560307905507333066411806456165624474701960057116146098012
72764221058989194820123981336402092654656349667456158249227662711289368345461, 5700392786204894372091391853770004598472515231222021369781455871417599850482
37200915142936719639161764574904559634943931291787445205369314786556652681287, 36098481510237870620216958749659519990942471988772017735344054623631780322356
70736260443187817881605790466504339692461182258879786160109685642698027469495, 26075158543356394720986626824795288440645972583331028254739069481249621350991
55343657111375660559829249692264571145981730690842184421910160551643116698250, 25331367205460574502507260085726346016662644857974970828628584334428307001023
53000346139330694465258793483483820530743504630941038983659631040719149014502, 43502698577254283383362016359409856135513730801487261055122556747049906225848
2172586666669919722341414953470035730104977326158331082253350663356127060812, 19260004706268158316800523739232476274217299076269752668897151350099852293487
10834852322544005057880821312501210203059511668566221897898902249383510658468, 72153115810647971865466339287537931523928467562684895939132135777376272479891
27568414506341051807657022629588107692780191667479817141884292515171979545058, 44513699262061862563538368641598047159871059576347294453392004372365021228555
41872769968776588354925975791552961017888209434111429730701517747357765938127, 22645395452252143166696326502916873897201680026376572730653036913430894518701
62793442860053326036768691859536981070385122906606585569103530491046497417572, 63626296049466569375931719104387300575442090200759686250240066390317810531192
66007254667729404295904293472358780419489961125056759980907710999800090840623, 13545041396146367401744456037924829396846665992908287019380059639517387449754
43345313454429680828679469524962077340362019646655583676289003576699722740925, 55927201846315143475283574949077286557274803016666869886696375391909731423575
49596776130172117979658693301880183440256304458562821287443314951246035585576, 40905777121020197532878930498093752336255792756243176930132606892069190355746
28714119592464414323168415833982841068943551939440039505117024231046018322438, 54472477884963323567328299720955395719829709280048290905200937615704989078671
33931981915214554810484394463527634356251163377466686317980232831130141853136, 3870134679720487653142026109723505358697272647276082321990270011702732567034
51477525340644992819547274537094943959730019089824876252701137976816005088600, 10968736892231967673327200675005999235372501533558826306978051861999809413010
39867855739521246796279820052246940178705210572347003029744108864608381389315, 74505247243653774889509054899061279251646068008882118246399704052811427334666
63018102539348276487870035225154997075121053178406818535670526347846078398872, 65251532676601674221871352540527367899475656324192757853863393749076846186545
16367293711690545384551866497850351135850200177299274503041832795570674741268, 53593027433684608418788155089283865745454051021704351509410188104330923401003
10348026537381306678577815536249590011852203454825301078657466746393917782589, 18158001338404527612852029904578197904258054918606564110885124917186720783907
37293821335753418345050124768581942674223683453669563901098226658718335990133, 35926494567722942105584997102822520067299536664023956663540009961429761239802
45109866961712292214720545640874014830769810154648141650166649357404307882890, 38442675230286299058027730411873345738338021965452293103199835441757143545838
39507228274164045157601411859488435458710585177211632636623027476277438340003, 36568099315146224438195627312441817098372213853754282734371193254868171381661
54595226578320472023764394185442725239609409889218690380887708778128733860352, 34131869066551957354838414815443068679912628743225279742746430277436785506399
5783914845848253463470626168461404152977005775170716902078867682164858996477, 53248428738664000813828052181910865145351916724253880621538427568971133135902
23301109633300964908062649820706392023918249728983902166893249349789218942539, 4659003429500950448088099523677210657207160741974782519115826785698716422221
54661895705298621096406398238454601325696903783531130711545034244376075034111, 31113643251850721721765357855630311578338757802274660881429811033518822676118
26427880830384933322765276167431000642326271019077462839685044222768127482323, 15101211578801994776839534036632950715770559946420556308046277369472229737579
50126866956477282597697932008612487653808852177859819296706154820664845491612, 50780503469062786656837374967463789598685931549279597501070286549372579820772
20082212782005822772133392093808755580482154604276948049286728614221781382634, 46150143060666351482904528488338643100972269766133455023067965189857166655119
3382997635503825442696099016927843585751977081105239974582075195616737960360, 715069324951617220561158919518109289505174089201503480720332438565080319012
19850280085615655815608816929139966802241282201566337821557790247075998431690, 76315604531425915293982214996005458032072368246066928912342182054980255874397
31229708872256615685119782045933406944056577913331160399838023453507604781458, 21314213087026229572803836200599385313507244755430002756120636170842436310849
47102424335416637430802018721051451601365291047038330634445734453256738680703, 13840041740682213187824325962493527296677738725012594867276146547622264426590
32783402600041328453432981388952513261634795097185918191997591573153619281189, 45670555566613924129838151232043644162057394462052506600063399024729689757801
72373259443276720926666519500679715090775258903990703684086941975762803235330, 28056655296830263708992761742038059054053146663402640108558523372609886697433
28070752562798413588355598524074380593736311849826528022354366218674642464506, 14006910427102931143292257712866003383135027831866515733658235770598878629721
56196392805057908339372303148253994065216960124682135430520548275352140975790, 5769302432307280294745463416977762669338668286225415697791884719392789184058
34672375842730904609243217968530153737615768423617354790750364291464496063333, 54007888681508115827556132477411073838682976070583703083923100152059941309895
71144644267845577281486097671442219724537621051987424521614783653247172894695, 37096528315365223902412108623574142272907868690590586089509631543016293580544
11790307571948817747517595905085055827175263661171037460384764722302205382276, 1929600030679484805693444755303784011031018257853681015305502905019563481944
70952453828625327238948071210298535808164341664205901802122052692187664755618, 46253167013047810235935872859410156556665250134237580742383887657127954155332
405571803367742734803398973345352494356639025378540693706695308743800564702, 32831004660456033086080066340332916554097781915357238507598803403335875176096
51740601839286971154065293964959380772376101812401660356151491353893467306965, 50283797710981221921808777105317714768515071238751844260176840970948401897182
59810170208631430709706461306165624923477999281047300616822274154483998917816, 4713825467011733800802061360514894011027690270232756525380938110391425140758
67988211097995748748465416598437507923141030341440070455626781511160299915189, 76417813707094257776915721640057693209492610353888811252023239609303059674360
66953239979839803056173650200849958836555993616283675849229574192713814205988, 48200860339432673468442803500392737903246199893480288242586224356922960532972
32719402619159080670367502634995327745726096965213279641344695962392357593354, 63181191849543198312281873511553954806370420217143270927400331617274741907957
1918889388192020053969374475164104895498282783553250175510843674452004541319, 72089280439256523040439815216574247956326944819113146740108316741434082511666
66545590885036446274646879285779102457415110625049902688318158178492915630487, 24577900523557482984623494877013018151874425446370762012763870569596570959628
55014739812334736751603998230237544719853999554688098222457881861508400215903, 246341361783493066437702472810215677527333012734395215041994919946304434118
46997809060959947885292889047931934881331913789095808532533532673808882924013, 16242861473102002107598026163756056107130883535491430494361114283573855346675
14259165820201413857324261665992658751780169294412221076021564082898619345480, 42295762524506088743222975560533974865930728001500391712369549630194694285736
37262603894822669717222534828839981650233623960494138464658294680800953641258, 27941728797666860120496739942268258380202245824851975879391804088818430615310
30429008308767226415257399436382427982019886351371984389545057076504251733463, 53954106031541567951473544777375123628980015386483169235408164672786904346183
19807015321856872786323335444780316512846920283554733707107691709902760032438, 14547396237995224831911497447614842553265448782000547149628875295431639535543
32193711227894895603511119191166137491757080719775126838677824947109300327134, 53205435075239409870291842051688065009248211826419628454693721713555561140661
11766700989230575642714060920305260650681566760309136256007047469981371885439, 63143968173745294748570988807959033360217480057444874769144146088804729385952
30714680249782038082568627367376228727717564394468527069163826485344207843893, 73504903277329456956782667465806937690480216510575849781904634806767090949214
37446416712566894821006018055302839276089821641875269960957913715657135994661, 64924867139362141177048797667582568463849979029217002690804444041629629158901
54695269672190080259004426471103558899281215650589541897272639914924029510348, 19429326712257459437583229186727124359123762356843379398685818863938747694166
57845650269072752134154468836143512143306564585878292672141539533987307117282, 56150756104102872148810665454860660546854006939432867202269089511041514846612
37663135353249165687879071710561064547554479307526342239058948144725989809907, 66054241838291201814550046380067774898792731429666177971932493449918061850070
37692515417893667393301546917779340979203189696014992797262511569659124829876, 71079428573133840967041007856681550564721968479962125076441030878481398629069
16921909833442635392295552382718295032457410552653032623814322687208816516492, 68260058890374156907157568759554134351299497110113848639495648347577411526836
18558192589157935257114307690276090745215009312293965552126233367937371694062, 8422564420658723920545675648277171194132255182738273164827599073904534532296
24226173214089071035850473681720489439776926929351197881512252005791154607159, 8706438370253956590634264165159844024532766716871955242472419320860290332263
69049012235779759273373249308050053905963796488863217010328339299397774578186, 28410558386507650595945102721505441397736345152090838143369202426804162276823
28674148251902064187184760041985984727797102661910384847116416765571183016641, 45608051150089861891865843372148378031766556075209494083967061652850315069729
71920069856247619556297906905836924866885225761110695106552742629629708600526, 32115587982435842382053387178891522065154355685954294418131925040855990794776
21115890474716223565016579128321649746577123041717571665137815082216047217063, 6340421392219902551426237184714628229423893688794218516724205194723899543826
11447126785322260630063874388080936824017022773840825252782423030574479769519, 31020898692536599282774362378548655095121222217250126874406408280781630704621
67593638999059269746509867061980496489975601455639363034599409163691795070894, 46490805988746755179222304079787735608122427999199385172705120364537368598492
3958284708003589331243862137375311033484658767066965097280089783925314685627, 49018321985152919025233620359218819976779600616956479039421115863482028913364
39014663443013333734766215142858079845966616861317100731420499305122851557019, 23790219005546118823994853854961404550906996506522771898779044593623821455372
20392149194571917394959043828061437832217543366157746872238582006874018317157, 2339338497107939818092988152073088925228393690889479510157136268711397133817
16903517777924081662245114904030645981538212381137142407066667979236600535671, 73445097807129053216665816633838202106275911917996863170536263379329868922378
24550099406109032630904454764173447663561454241696160594883804148123940904379, 24681968047312081706946278169722783453413166644303854660156234989090419981328
12411185298178829163544770651805639585716783700631687517698757518088224385421, 12892395365893883116799113741898056207026040623342214583506470880620208333522
56179171771006931435995039175120591256886293567692174898803413804464960413398, 11216766120963843190332156559066033756533357231178725954638639788821794538554
12315824177250469432841518097272966466046431486476488157805326060696698259389, 72696522034267261507034167136794344005124756910838724552608189073299698468502
56667542857454470255172798854737362259217137811600040928936794159375760410207, 50383213728459533064787664822621337915796219334547158374866085036986209206604
29626234094753967567342739102220996049219744706448418252615288390363933624902, 29997223332580588343779704598772227416926912331018509907542453051530283073791
34808035441491695686385584700787481094135834397979154696612045971139078202351, 62559942213237683086048529597885987150407717754896546039817407884607670631330
72004296439522322005706480360876261432834774196002962634986784910736267648838, 49426741412544127063356349233403176561285230420855977878310419985441941673046
60060294604877491281620120633257993169325177940501247434750917460047500836228, 19655761343136349954064415940299715933254165492955844959688898574072333843491
41700098968741872701415446614724470014562317108402541969887514325318872167393, 49171616843364061206748686410030117710520277151898951766541790733298618706367
27555488725576133431908711082574181812403486650410104041641506393732731260013, 16601062885175435240537531753685013163838103470351903760819230134471861275847
71526910335352607539223192199027941914225834314648830976561922004692079511746, 72613712270723932979967645832612695059386325596830210604331785880815863587689
13439866258482899987468449335493823630829583377125343837509671100662460714428, 30749555258059771680983235270335799449413623349401346095722712755926756226856
27415052681495761309205956029125791797342935502432086539653483710848087337678, 5120399447732035227016155047333908952754825985444096105606654900421420659416
15620557623102717785441681350377106092063053024055649676236703096461284395845, 73866931814883832240512538806281234093835469665562550512416484840534331826857
39711485028033265047616264298874207570369854768930702922103647758017483166463, 9876137975681115951363458889409050767847304947339211889906782834730400433324
58859390997669094658775931073662665202074487202222498779138338625537704740777, 52701539219637431602166834902864477026612794243432944645321702882997314747990
29909238535646187501183681179618184700356381535288047453661159268689464326638, 62946782371005450720165965715331575568773461318807625099884326947550461969941
9043486148351870294172949892550656536586160157464170518166154854357777646323, 64702249750543956047830231923486776821687782743556301887363468730214740911248
18014869075788149506956431062261885700921211164118665069751768984495258533043, 38401543203377931784151003627534494025627416013338222448462416633578581221778
5217223492282757115474199526638219128483261019305507086290150983342917060164, 3066391427044040727006051412308004087849923924989811762782422958302716267829
23206878708428343141866441990627076577747319741491168257727238755984630878101, 75425594640914154456589044091779157610911667978389403304910803170309454910169
36815492976229136890275694552599431723594127055501572842439317559422370147800, 65715072642208915342633353341404043483744116355681401854663993567967442085986
35828893546496069506099677791846962931762888588111749425898328681050066852661, 32544875975212930114716974770269671907526160596908055313797543332322889445295
28827763311548809251212653957191240256433767438405115086629197706257190684036, 53859715922302697631678346178260708816576909926919030577196612291954100500035
26440485313523256821584109929742410936512548795568393013986188373115110063730, 54873868342208067938951240327571352227203654856272066714199455098945847128456
65645571415703099069185774696907724922377742541230631731953645091303311184736, 34663619553455707168056160558740462403160877729920968788234456084489716510683
43218839313819717907406918644558027663189394337628163217439960791647040659440, 58849872966749671396983034194016615707100266926763433399449118765082731902587
49356507879529533699722138348472922754406996793883029154488795687498446561896, 55604104831667961465194034204898481172710875241736223263257562941858009341868
70052093724146943559154577985247305283660554332224809201621735075279987948683, 37048817542559870508143529718636045542498023642971252438213668568070173658285
25158330473758839041440533614065743037996231617812010882595591836618893828532, 73433697957672193142161944824001073036796167717441362095830656356224797395299
64332903225651939167089877062411467843634824849760545825280215949124514321632, 70143142080915929695771969817699389410299573641853341262328747151115315052411
31768812097973549112800863453459806283305798825443253218956413780702640972512, 11546652880123758419366731600033837780146237620591152036811147088484346095371
42845269563113634404326228247800661818017627705239216016345013405215178250519, 31892781131957899158545325947420865350735362443738044325268159004063380964423
36510348971878244074429281691536893161240411990367569547359294857653181913544, 32360237668682150812899183155351150828266216316101273184520427564473714424598
43594084323669849722273781193322788465480532516307818635486997705869462417611, 22437283737723201095922514124090366640076864321192542481731620403090041454629
34827813877138148635332846358643000264291766024477037858689191557774776739641, 34981686287779828635456098886720412066758976185432995050412928540740978903130
75739541987049906527643279946758608956593161362294405203789647162551846656571, 9665358835441822112593847830030594651427183289943724190397931508608290800229
62596116127856712851699906272994044669262355887950452439953376782556188027086, 28192975236501943248908884766004088977373817441985372638989960607955567494089
53656801814897950137354492753061633611037019003161459485547689204669987631442, 41869992299170226433813302626767195888162462352481440592899613859445399505713
75922476307223150651091619543898668043314019157415029602099159337517306668831, 7321210393340778852546284088440572351790363445920427436144384106202929927996
62013465245412138513855312283189801576427028611389129676133554376894002689653, 6085808473350527559504473642555024212340270007052030564893098948300602018394
8757164513288897238122297033809622320985083300726553398081168088173931488559, 20921189658751973243257878287044297024489866090640721506946647377169560313487
75040521627900217998707114123058246268914534182032416367764694883386083842987, 57776374877236267924778919405930454998986420847543167373028460591490121454015
29065605942822376925445422570493710375511747181504335878481795773408837423762, 48799773234175300262758454234350315274384165150446638074644364314111418650060
36890182046176400449818092613103491183923034223873050557606477862049584103009, 51970259915276697702113796232965866118072480759096861124332738475992790810177
60574009586739843573420082543955047769298332833465226511185289319743457899220, 23080110068806274323713637344208428848337115958831582626229108786689178820687
76755170084803694948834351532730025820092200682713127223558559079271217946458, 38503163997132091138379737911465617892592048192068481110998875092478090520759
46895250485342185379499028757238245629800993231973998151723271620319827984065, 53897110216746002802092311405492564253049902022694388385376578978003258055795
15403548435071537583030648664634580415537269661699201091037146793833142528987, 75725290153399896494361107615645104690958362716400857975600379193383425124325
23619240608296798587890145158614945583645250278454470662552559353642958919808, 14922565542141573464155285801573596698388403062264022080180534784314786885515
30372961920724492376503691303322938620697262452667921424927723870680893533737, 66169195890351643615732309350544087382712160950833163367904154858239440988897
64923004483057231610221498222279437089412960660869716827072325004523753030163, 53543695394502271286427281340884121323866064740291959095493288763765754093390
8999007233078562348014238343549710594785591344030645084962414579459587042905, 11119119416191322450728431079601349010775555914850520086810995555895601292518
25115287023162392365473964466036525622142403048867488325963406508660006815952, 50656679706876902691697626105354331518737941733786336733684354016203435192121
28088509271022235784795608989701737490662378928118660956293819890784815968203, 69855444516958867339313695582312578396494728145095062667049894977393099893656
41645978764102396930326710423037451022623509985350851803204853069000295829433, 46855747443495360316566837871660646877682469540349531213472552068578043245581
51842597537743455784263007557431550199473740763382132809202116325702348485162, 49142726554981519416386490493975185058462620631545842947036098430420421582132
33341482087474371584933816548724498522588152081305206314624485722916371571049, 2596874779207964894386419043507379776623770471209500670701157632876648894593
75813743790320153201301882203112544695619610818870696302871477186520752879382, 20143500491680259903485036270355771912186103689069914423606036884256210671228
23695290013670677448790032335138903420945344571984341242104547373884798471618, 14753483707654527882143584457649404183786740615434184728183513503189221588247
14476062728173751361073743863208249851546842512069840312597552241881508072689, 73182509735132706844229374739231690170282681964847079081195063990874014660086
26735025111822148294657886854684380657511397046776630036302288860183962383164, 61050306744752924305664563743959462909763258147525381477269461088359412379300
49715696393334196929319729863913056897078679888183342199654695922731292067516, 57912297294722335619095488327631070297391774349168091229705206948299046220103
39128419007425999818172014480700898715838837964980855286208143401795199629091, 14449628609173311851453552975507461395940711274921602000997150308863951637982
5673754426815908690128458345279706448475010587914836299468688014938574322363, 11505635239993215264690951142236592849306546822320675989954361985038396791478
71658894723112593772413705832108399464723944588670083273492850595479683071281, 59641017506645339233701939560420360997610159882867500991019821596777341638913
620337356979580453922702395999305362318913253840896311773986195749757559478, 71031786230995705745209324880312488184853267983131367996622833625733238596570
15488704392331723224762794944901998938632946451191447343749020177259590843855, 18994658295853355064216623203212515747337455856805995781295936970274678542563
76192113933054177967552370466352901410814029126953471598658788193659035393241, 2020266546762038831586056984538411910871450099081359446396720498697358179506
32939994079140069696798763916567411880590054500633659760615934597755477684429, 22716331226352304497156679890701609156444996083174918373819644848350153930068
30892559254170555778221648235939666514809216880403444783229334174925868924923, 75936414749389430111476807965900689704313785600719639991781749444602402493518
31784642720670690824604065008756414706556525106367532101906877982012980187986, 63475334462574170343032242299461586109282038653188079459766208342870077075009
13544140634893159681380377328633869282180529994271893007013066223018275693034, 12088960328586553250483145652178489514689334043335961501290377584603103730573
12870548392496842908760607867350572754639501327322622517718828900735530788941, 6093082759073426914992124333289327944580895602540160091045537101604493295648
12514498502478821397218981106466833235053441878265156708353515126508440898939, 55330347697869010864731252199537258701354813811313530615081618252648746230832
28252960826792632024101983317007981471145679105925605954489403455699475555455, 66589195563950153869885473894796957563959123530192258657342290266658407580293
34340482815088859475320420569480400614414789227608926817574737436336808917464, 2524866999843179669122706034853973993776196958452739665526551101499427882527
21680625154801891262978779616078040421938179299332853939424185388482359710394, 45784379869988520107380843215519656054803766326399511802155365731429629818029
34216947082704209228179311410869381954487209584822555942707276211083683905421, 61241466493180713918738586257969056129385124749858631797682917262338040368586
37383888270325997005914760609838727782200877793624286901909497552698245533592, 51904531308241124999387252132985963978386761730357658620967124724542281637903
71281327258759217014030362257968295465859014793601761884912440780653705113865, 49517846666235685903586034428865695533606001547300314689337463817488040623236
5361926260252122829168265881391461746372330503658329086627435449969911020875, 44147288950121894024205674482512773029082906306396434994660451224198701813952
36741917753264743251260383441495161920534444703043538719543078662495452258043, 34874239849875886214107103418346463371361466112628468300161120333471338480924
42257320113368031211528216394236624638242304414022511470708487596922130592678, 65185545072270081024610485806306804939209402802899799868604414705186051486580
64548445693211728801354911771330168919572138648636111811821747098652036025306, 65370059031702922577224069041883446947014499977886232507333806024178799841287
