Elliptic Curve: brainpoolP256r1
Field Prime: 76884956397045344220809746629001649093037950200943055203735601445031516197751
Base Point: (63243729749562333355292243550312970334778175571054726587095381623627144114786, 38218615093753523893122277964030810387585405539772602581557831887485717997975)
Polynomial Degree: 11
Polynomial Coefficients: [20, 41, 58, 46, 34, 36, 34, 14, 49, 19, 57, 42]
Public Key: (17426896700168546032243644928338320627961284740342338391392529387813232462490, 76555924547053491493548597897709171571990448374652232885852305273437799897071)
41601185930791495581812083423600102393425883399225214972735376113234388236098, 58139917045834785046453211503632791547594473819546691738030382551849519896115
73671207447803862981578004448138782045058535736774871898295443237232057366995, 58379657863355264671889233009186008139037256645812823370564549319481681999605
10934668195677722004974365423289585413763197771533753320571257136824238186099, 27189063037248814494726504834236750525471604567243196879077545115867908459310
28802828423360256424272620634838148642718209648232954019437862573692392045158, 63721068753926675554306276042653220513466157632788000160983314885717063482430
10433002460949621623694517088484056558291294833670632649583433933385706634995, 47696950812243735843244762861015470116838207804503630755201616585666018550058
19506772969647722277787786407016232452411245086547735570389154473853301892784, 39272512434614486519582838599496556456350572045420665843695089759588339099111
13840890643547293011490521542751518312772289531391189192244820374671967938713, 10063045080706054731087621639508933119093522197763469399914536267844629694489
40181861405356258207914608683562843301755600160956249034704867874521774891465, 26339898472653330721409114901049006058245873790774845849077770739555164209035
35973290330639099732702260761762637149312220519725128734530170030605606300668, 17640367696409309151633254180492110904972648017011500002619896635442702979653
70510126660400157812586073972406076030122788722917445422612158827958743865766, 11168389495669234797943319578635475710505937784364350181955253195162557588941
67788740681878134850373543096927181440321385554405170189692788476516200099994, 60673429194483423430721387461551649147620245600318008088602854143162810779525
13315072811442493903705014664463376447004263940400164007317096621848041488872, 947213027824442936191774588430924344897551637659012935557847057929540994768
35560133130468177908008909411428408011662839354835378837846513852865045306225, 7674494553817445833493284507423826192130219283795995118131532436747941472832
57350458736603189613051215461095638032554568465022789403285085729055013823284, 19323040616188231746744954228929143693615968045782871730042820510167561421595
35409093886533111585089477514310512443889700152582751704297421336451925385602, 69965060694397159179858210769975502735898715800239982736775737050762074762416
34004647449894146835328065428265396956846849317448055112106755380013587474137, 8817715569285207810186189239450188197082848836939631875765811592817331631009
66906386108288915523799537701096513235523135527958073806879790852189182145485, 57656654197625924367575220531528831153312441023121381235496595863451125879381
11925716289005214774100416687691770353233874157872189452774471329806326744956, 46261033143555488924868763484465508816154578416959511920736141253464126872954
56488500106439602335184552649858395570900360017353509278233258730891546597566, 10131974912828883692806982818628469909493816726807299399197417266051980477698
55129100783880122161774455067690168538450402271265993528590677889252641068628, 10623902800568951869130809092503176097328370980696137149447130429341177405500
20448570753975627940748468061537160573847677120043434477023079669933508568295, 70223465014032042203597888649526511814805219956695935088026218072995721586659
16703465694636361575090938564396530388842619863318094179492957493996276392620, 12115190790965529429416812769963687359148275716345548854186882884411570647053
52013000599171232892497157436164283908252834870345091506089010703164361479446, 73636141146878337450967421432465690603968621198074225301370620209859209008328
61913107694658310122687241470943483526119051349502677978479941103518988060348, 44035973023419875085770734122323348930606532290152908314272320448115563182204
1028793329523707588338555575418237001658582526029171610692445556395318208493, 30243618921569980447229557645100588178695881199054597605278373785421409908901
28224913859897709762752700851635068898467985202732241008966807880014049101143, 58501573794823819071319870626916468534303961612135463611198802077266786477949
13186319121133847496094231541216280020085185230093470326840676304785572108117, 896993155351844079037560006333621270032770692587220350813486920668583558193
53980088646239196990099147027513183156513940129730180324320849275284943224934, 33510606695632562719720222639785657955195922562621778823708917553972168989609
33198863245590392572412430524518943617226500566075865751620229961141177364142, 76249426629940794394204173851038526875978783757500075547130556421926989319362
17571413901714899239941073181457144087986917224810671911729251638869509454573, 28399741487887321371302594559727543077713730810855859419277591340734511439544
5205836813742845023573174528501378700440128658429362696212816939492114336785, 64798764999468934249823398096919137219516021494699701477675367102247612578395
14540523955805244917503024196364163709027690115775005865794506677812211493768, 42293022757966220815557488056968673307218854687136086806063451032838490060871
48764029200633705189953941875040174665456884281206274556958460712911093202871, 32244443567385603064725852350157340475477693964721241606969370041694242081965
27640499142088656100559768631389551217066302602185745393504534958126472130326, 20034985377577484088407582061986381000915505427672203933417104958697230513826
46261491618463213741963275322784453293785790101109658181918338471962843956839, 20026821332205427562818119832768156166908549346411865128679498559522643030792
52345387250517905351704104972356769812783671222638407642132801584221503046553, 43514172750731402422705449090055908418878951900479942594797467178101671047136
18097672938120416805412489703270621979957750986390178790698000550454603092858, 3568903277833169867365269457781954527556789067839469249209813351933143757921
43287704519382242828005929291196481786119017166470101783113606343674834628387, 70118202173535203455790327808755375487304489747253499892970024518300749101096
7884214652337680694719995144562255598643529144495950006414671300428705444501, 2758272217771423880777189481093430965326143781164905980743576845099084263261
62053891741860053234001831738457954864235882149274786507412088735707682265509, 27133025055593181367237515692717427773357385525938832090958012350557328345805
22775656917017071354992316350638537771587782240352871830547505723752861848486, 46780137889458740912981803345305301505686050554017017716312588784980456810531
69154529928632636676458453926380114619231133738430879390040461871161769062696, 65882763119815275757306467635871174282372839185506591543389350108655428898640
5088756657504887446320043772633973106250024043057760695930382607452235641341, 47356081389524573080467753690676845065592589133685066805538783100529068773285
2355987967747415411752821011700384658302490764148667723089646016134105750781, 47680841709533375722998950199800236010667548248109251973139766811542493154071
42664773806019567604637650217047693023835826282280070043078042279911976823243, 47710807791749568726187122894588012284199052387071328520223828274778236517881
27328324520358731639180516017408478066815690186502099765025653834754855506407, 37240965410097532508559028496633332403892986101313659423412101196662940513256
16351438304921719485488568262168524987001629477063848009402318232445070634748, 2251022678712822904179293176455896252450386431928021738793567105817763801502
43255602085036513680041247168480085546515659700080337317037020029786980165151, 72065138625448267524719019186773367962283095569996590774413740906101956382250
16940514871533401692181531200720541178354539827597022497258138240622228858830, 28303956969976938667327869079812466361463385167692905592712555053942984934899
59530636967847483545494300670490818287326083969536092433022549337935586606637, 37979024440855442488768341031022659234449325479506585812329486328333613463541
68031206198209125483348881907637651477914273683545475639953139096407310875842, 40428991522738566624709757427319437547874540030944794864570832788183713500178
61835965298060987674321194320631999896390173472939174478831493539814639861300, 22902447739089476580928170726431725270098731552485001832569899790289208882323
4966794936351850860183417580538555079223794165452287871911867322162696151461, 54033629844901699625260010935076295735458482160106440749126138198813431426107
68416162921836933612183134194301219422645792820982509786064229168928466534869, 53126437850298285240501173958407341894482647005316022261545775637045007196933
52210256026990553252649395586350645627348949436796676044349276430755919549419, 28554731301600102138432809710633205960396766137506638607554296417134738555524
45977829556336727447890016574016874769216259569665824021134936666503006307224, 64648921043948240569289642595407892604808624001000014939709101830931227069102
24377132972933307785349753671969467311359125640367073461255449255502799309415, 43831269166888443704129727946663578418525066909350443758653980310413730489409
43291216179429278171652516575119458366409874043292749229064401082970799977512, 46111001633310835238548725175243014942554957001112916751087548354504012383607
62845426733264602725761998467507207833481254511276071480551779397967316882065, 67014345957563885943659886254928271097145182698282511305392613948872314593224
13318025957866968219363255977201996878472485408517700149798650978086581422130, 49063120790065455887037027526788898671616290855078971173252026113285620953235
34989819516235419629362801121439308428139678521427515409447125697980268660637, 66521799234998525806065838254506881588332722708771129317875932050342079970584
57312498201292640738179540575576302287596713575071133246983840475189086734350, 64948461327869654761695526353871570013711499096084629516233883257767372973769
42303887513355161048290826520681950670489499674495431258544525569782246245538, 12608790480853428541264673527772402188277129430650778823302824215328925985267
5521492943902541502858240920461855106217501276145459385907033344482985140197, 47398043483537896183755472124429011027411781267675462762785930923469171383423
37922406330718623892252018839715924727561655277622610397996109751562211162795, 27969606564312788879386798725889337993393806122437765349005455612246962678957
62787369597330985926766762735399080497887941234285838417297419699489177580337, 49402901134129559000951549167661514336354033353680433914730998786670553999574
19862225435317406377311643463581819041549945484301750144390766090139480030723, 69065267880483760134765890832312322853639682161166198596792976092881957798360
47375704990881814481194156647349601180840957270874363241239633611390743686864, 39111251389994184763341843021392186393290012971712931840293538280225739839868
18783152153720202239660849726954868691567261018167966017121467990260422603748, 3131524665986222472777121120879683281369692522664103509011419505740720681854
28017851737194274878969537703066576220862627167957339610889381712085136352152, 55793666164983798158932317557015138294519517432357443553723684786031675408138
47604562368715248489288461812100299159561976429131730598724725534990584706953, 9865210489750938407735149023300771777121994154370694914198178127712625381294
21553069191734249526749788838361949630839974583671770956411013954225127009999, 63968023122514777497042908444902830829401672812310512067071495261157769294426
67805318392205544012253264344821307684887733188073114573021328468752532141335, 68941984149073710203287598793023285773244787187262334749992563365904352033767
21177720418932450733087528438928922665690520098244443720323305913697660720431, 14177471871896195563330408759609719748827123034021189449017310005810439675673
18149148031365481222753846023946127905668990745142339665372697604301302937093, 57062940331880055582931598334228304772402184051683775494159764459839462474680
75264858096531311401796923654118877119061017713609149784510912568080264814035, 19719518192127296342910048897734768704254618911459683900242249157068347145390
20215640836978076414993576717835639285564061353785623633983426100270259709151, 1393656887998067988939611447096338258125952874573694415685181442233880171923
12642097658925602393970823986182863886041936493012503096643059744917004514270, 25405465421571048894271659411755199646801724851578099997786170075755186988188
67288045278779996043234632159419650752589203845748076187439550765496604801280, 38027362636818809233949750052633660691546939018053168729016291874373322311277
39205766420512635129445078802387353207322278360568888515939685255520112451959, 73062192489192196157080160320046172506194587094698003897957545355962302799335
23242320416194106416091329479288188692538804658490672153739649933607498305216, 68924520855893189608812642325100415022167172066743186446543689505103038087494
73270021442730729721228722542077934316324215251535399802863054765978404973514, 7716257684770321274453430695204407731821227396248484432348431155035546300864
76734845649248711582183687434474764449419401329791672124664323183156591237779, 4411575097152651274438508766460195488382368276496307351471497733654601880670
14303626634129158662277779878832971131247958016471448263789893025500005306215, 46527466884994366087193391153104952653468138135259784519703801503157359394525
4205399270219770482572707297244005809098258173460511921012345407996266567064, 25464946745712848984974340042883733192586702974067985480433805843085227430619
7088705292195295934339313421101643696891429257618235848823259201942422188125, 37907518463376449494475790703544765264221719134346340344236433467280035059868
25907998061768316611239761417421636903779515757577568913157793760135880826344, 34262364130108399647304057990677155712815805749214651858806826159789779089496
62808205483350702530314401030147213492450972455456567605511672038050644701779, 8255612883926535511808193952438937789234108610269253317002092059339163066361
463565398588937285639924031593651627136426307862399483809578143383507955003, 74582196154786985371630233363559666851059551592437261745100496112235236196730
16774678441780324317349539071440915259003117033435410580037361321848515589387, 23298086909284578421553178459116355726931973322808149888363625656687055166325
33279692694396549595020623644786525498188733913755608232123479938375818459194, 75095494543693276875650771181709666112884260221897389926663858155499251451500
60529516188090917409517515626044456892875405480196019740730560443432525511285, 11950202574056041713771597659505603731249010647871871296960191895545567995405
37760583275066226795458609356757957671536686986118782121476772415361652668273, 5475251218959726761845106631042958796975342320823595400706510454841134562106
38633644990879431820312783824590064113274751721985435347706169864320934379986, 2365582031549652209472646927631514224317033087326413137428527050067716573515
73791528043669843661889416138957025804239182953376819909887141948468827172196, 55430528638919369484312930569068626356361737983691327571079506246993975157079
76258953487437026143409044984526461206321076753370288511919748775442207191696, 68314969036688969521446763122823211007217516770962318607656263874250202129119
54309235262807582649195796568057390521188517571521848738311094257118355597093, 3031538663463485229293816061740424436259717379448681969813599108559585740106
28151972917047111822752237514198150094033737647466937204459330595768966053774, 27158365196146505512635714641567968769283501240891145440439289831728235257809
63048569926862644705279368055254974129357040220456359747623833898770323375552, 56655070760214806919504008056618847725350773842323541170682012498187304061211
5439665135630909831803648591580552243747892715550227085272845368975374946900, 36100706561895488789703779914037919255835896347748705344520509919595287238353
2930783359237634337099804273634893505257534847895152018986182061703895847475, 5018911616878679218220339385461883938247105014088512022169025191636376441909
25282449311492227160815479459485846179874110092820354173187671702330551756875, 57534159105553201308322685547213679745853607405173270727619121977130429266965
66340939573863495941943219826210148621949255919533933087871016521205594058449, 29675804297004019693669272774327247824877958876925487283864901345249291600783
18465111264572947636134485687691324305694101977115522181796784079070771073884, 4640756209082977453972898097290406541584634328136355241178799497888165375705
5845003321316109538188457093135482659389170857601511373903338320566669898148, 2681754405297813206620432130833426110281781415446135360850278934612044922630
60335589476628774728757443407865310251558231290083483243639239150944623403841, 73602492882862089506534965167780732125890931488287611517243973456827632372582
73231346468526499949794283372482053320453026739692302758150091427926145742942, 46677241844430103450097989549205177626256725530155344742112066161602175860361
46334280868022122446715692614181851922809248286934132538683160504734328929541, 67717937177826709589833509160383226349592544092247165929168581457239022059364
16195655159483264137675778490583807996986117579248694936104119821638807834336, 1604754701053375044002171235849608481914360058256299801861039845519528970191
64346245314240817825229625453310571118889377963943463054612296645765643187233, 15267454118589127652678188859744861688844278853794112508246938645370622821566
12145526588036155511672448202880445710100869912500366049811268888943229250574, 50011583507458656834268250533805682503721630692225278196467920483494669476667
55417802368268209620729205116898605681770614841950415640695391941109848234339, 30645958406235922260000339252297418744023273798892537941942116705083682438269
45881958657283085942728402667023746873847596157146305544312676264421623990368, 55022694527843715422265070779926693077233473080649271958044349902273510876603
53793293302596722193461503311504821156180416822287471343152365335153707116598, 39899108611505732686543370592405967003569460999603085214897454211975199944890
52418277624043060786214597215412131021757075005837481081771230181489554045196, 14636486530564312238097309700889032287427251063824251680447341350325318050025
3032736781265885218255729843282383753516875240613513382709944940534735681005, 2133366755456266482993595555137946093189223021430149851000915659955106190332
58083577187517464290637045639969021455207061276132554871276824333303215035131, 46260907439355956622260303715081306787396293500195065074959307995077037180319
10661955505250722549729341306297695987674818684444242335932327130154199198091, 51538247764746664268436672590907515841081541219028451536590976824779969474723
34142004112803926735623375533967704578269479638617563102098365891218631668216, 1900583394107887989810797694452595338363355381150198474457417342157428938512
8848359886624148730046094459938458146881238880232575404430380218436654433154, 7648370272725722782946552551067007963008237234866704088402342728488006122419
64231539746137511866749884293915550241068811750713340849545479955470604772672, 68976403100373242026643463232393909505118039692381551201786488514665507156013
18599858308775327031650934549525062664772282674944490327171657934739839558196, 45210035484429050326864035664235592797291816766363743075653116306461757853224
53944565418593103979520969943044692608345583070836986745360605175741766856304, 12968006223034227822163848548067160699139688161497327421976620059069828146360
39209568289033178653282609653718726797929826948579920891891880909259650808531, 57426873861291685101817298842656836472059969302080825384516313224759264513383
45856238277767879104691849703343870335241377719914293210146667742607978009506, 4662711457880189730188911067204172720127327917011357035466533233838605596143
36662444243594526206580727852020854593200488051724789955091834750213513321847, 67583994609432720097644431835306858763223280988681270321522306072153765920825
33097993540169879407732643833591082319144663148916998108568895577413940895612, 61072992260929357381034312860316694836596941837835490043691617450625322232346
64038414647533804310484160944966124587093998495021593278005531082275601687839, 22268746664674913388613470614476822736536411907757380412612396671751110313352
48730383884699930350451985303793594427192842514782414756344893352834138212516, 30129870965582750524451861687611526700693586509516732505774318360166304503457
2174353366720299988255426300614659416279130748210097481271830210533637678115, 29514623293075948519210264282775491764140421054396918465542137035535366840525
12011811669517504740561566750463286178720635383626721078069926806674689344802, 59352789137311412912736871092222850641561083724329866734436603551576252908054
22171275179929402955331617758796911340743903501292950153327494557693009464041, 56271540996358494590524372202056990992176021713276252472286856068004644768419
55392992831157029163722212394612414064293785726828938170036494421657769931097, 58823878392115436156214491295000377428190248228340127940106548794537084916302
2424625075574916727438968986846357844069570632001083013504164816581745314696, 30913591703729851395686717156086725361277814840884754573949610350296865722206
32875545694983745685446471127097566153894417055059628597946628297171080228972, 53049339403686793441878110023311261061586450062998752619024246044935600151521
62392043121974361322117426859331284968453453989581035810442187048191144425737, 63806596782571054457479331885402291336015482324743822861710207922576254133313
431629786454354443287197018349463959940706867570682272738364689188848181057, 30929799768427155588188538836960437175237152375020030557161585778314492817014
67198214685303403542835590984411672714798885685793075049458144530145113838470, 26355003020144427204440842094376094216538101476438139271520070101649692441463
74095615485804261962727473667776876532927786826967183513188058639297043795112, 54454587019397763325639952212536538348374870536922547420101678320494933430114
71552572600106482215022930888465889533255637333129312886486735754063750941693, 57851767862487482248587442597543589563068181847521765096000017022978803429737
43758861472943460604395806454370412434031120377133610973539227748473980675179, 58767931378492297810919970439157994066353327972576552786315828771298639537037
28127230811468624810600289783091557513944882552275419547677483139273373626419, 70623998886152861988326254954799678775991129163079073051632129693091731167316
27253637957859625198002882562098723376173692971227824008137877853501095686469, 22039363483946353099518454509861749838269553364265664191045642505871912914535
29278398339626486160927459489173858993282154119568549331147513532859394083579, 29208892033980286112652733204396434928964999114882064824838031577398028059605
6336125984668763717042661624762871510627059339130878645723761000766676430300, 49028615475306639216184057534552346275353050452547653052934502877605653070528
41695098635343922257867000888578960220398942803243073282540931998920276031362, 52436269460302950117103541383423359242640245286971611609892868081346845962233
50276035121557140777740883600513064183790243081194991505671250712358792891193, 18584288035118649944687717612116506853241111950864809576440693230085067238097
4652459379561275883957853122689398303097724811515496554198134242886388293276, 14027536972413339551070308135783503912139980589610652579098549877970492909343
16161141208815756028656324677518457499256317301483358736491018711652488136888, 67896940176363074885147175662377622133199963672651161698067532745407250377510
40426162593853387995211428424343773350136576678272802530002687554090984722796, 30973014342466128140927064761971986903494355620852388120077724933442177414444
1151511867657430396451281151622161786765480590020209328546225497769346485541, 13134796789415667404361642286111078418208790654234790774334032413989640768879
44765534847934998330056135052379040425331536049265683371505916785526873394162, 33515860419296928181213522911140201048655013700963288216850477487132854870774
31517166905840400859588298637719914310983289412275943562700407897909757842754, 43047079789606007069227495264872930148974251179813361919502470507259969449715
32350549375577918141973699708112139516039540293477128204530897759000356169089, 45600174303891962843144678549105566916383191721080260011552870672526509081528
43356419978211883511567317272901814480436498228235184937381649950305513465426, 863886988535745230365148672775860975970119082741546894116901770982436331701
60894567944139333167563486051290223726002461878262998406398114564275171789572, 61349701162498292511311300784320357451649285512502053558122595142433112933298
59023309908168722635754091396029175910413696315220400651829483041595297876490, 611240233964951639837329270096846803644463560041611029352127206547936979546
14938589163918679513872911288463083010961144946210188113860337124397431117666, 33056845212726397155853338738450055959967256458591081295932379087197449016251
31339175103776365787519526572023340093973392587463987629204354332523260069226, 42224791900373976061810110314071884773976139979977373488157484027742501433285
70769594542746183250390753871642640910689783211980081437322718341914932091733, 48678668865654060574691219604096577786918521797742281974432527200182725248562
55646617959134731655419994328853176193862182061621275190494414393256953794475, 32974523988020366423016820082775235830600272261015601918910715839464413549871
12144225860636726946559864328889802558113607806873273228417046067567705713590, 34705866936157011777371395308294396452406419721188597801069230092600554387039
37321159470042486378660969519953034968115657771417452905990455260945603561160, 38389671906574457813740701393333198762464014164317660328264980847125760345704
16447033425743764322155349650817216141326936954737714638790129503173199635282, 66597074420898353157527974477767865743593449370819448853743582602290378475947
23691237232444078188560888826484951030291310570575388754875892244804895800817, 57505992318180860907698955991857760335060745218545405805294980061633996964998
2825600423957635452910796728507321993461252358770838195757959714019401297927, 33646791243329599035248503836811451633441276872901343843893011521340808523673
56239273733855620740651298128410938858748384276661081589556458147178495688037, 70879210905563922177913373935182720359502833294333502947890936341907773415926
14938075286573576500032682798577248423541335626877795047380100891626509676334, 28604001048440818172813443505261401181516777052800651761357286149546898823807
10278714286978573116146900322333310221419614686213187314801522935802437499354, 34533793714073994162095243072016242678766186624021804239536438374993794247817
44887603020134420045423591637611850614379086489292190113182801325939653348827, 21957149366545648246309348972171095318212244221279606625782812741748617399510
54993528198148444816269570721706318710539692571769991731191091497175544269457, 13377023395086337561511793985144197501820771370186036362668797014689912743229
26718118928443626349690153378141287596795268850564650704389574457249454125970, 69215412333808196705047206132992630020077659630546794601595303012013371682851
57377798764449054665919388963179813755453217475502292068240170545795142849109, 35416767088397738866413095532680170672260760523861282334942489412857758016175
35290358904562107525334129442144800877700631577139454230929621668122443812987, 58604500284115826742297185977874422965019648698919330982498549173940410764376
58662638401490739413129453423761748288179203474637055920220392263897034414566, 22324178119765162908626258376709499336200145068338956286867110959531903888588
44965404191366307153581683183514635195152991990387156898498700822019843699598, 61075672576417357084103538842255367127352195106619856347195822157535278657153
18314682683028706225737331066481475143698153709348556206015361861723448217661, 23558046670704643902544412686175406844918437590349986586819689287374378907748
28186967956966323979901462783052106264586437635089974520519223527430814656756, 28269243212790000408277242958315204798561981284410911690184680701794133312872
26195402114799567762035700397561926611720854828917201027352861628285764127606, 43709225693110346820532306950390272740556361703041892516761388602894999021925
2447832045958496428301540200761800849256465285422273300990168667106806389476, 21372326002198993754507755658728538903263216300373361960318248495497878794640
57255637757566314708444937350879993337901783324411680717942486357252909840483, 25981393345775913661582117864210949758579385731860747579846346635044799132872
2687245668246175614249896882997843228452526827437516629602817872511166236130, 49811572533119498789072303912138925862795591350892010558954234942810824949907
4834493443930103771858882331182385165273160386353571716878044922221556151847, 35630509858741241334750656901317878227227532684655914947839059102876046056947
20459716230993892290679565832766396621865947566655546711349086389202005954471, 61654626059387142259409067298331481159689351646789626855161254095073018843576
27846374997785807923673954082954141598095598747976695647033749349151595592942, 8082514550197052595099448591806217419738844182531958561059166037866318849087
2489810589117708924642553182264165954245513690723599806576587471064392983520, 68867238724811816460032916217044636104276392673930743487857719045014168596328
7688606705740371615513722766061906957772164949312541662867547875969288430438, 69842220133138992744758830089666420960255971758352506888556922110322696178319
36135713395397105583419521793311715197677268279771782260945030623243363134684, 26635653088351078594508187799237166014230726433670253519134020639151676393938
52712361957167959421095731727546693453232965922637464431724027172160977599383, 24079875495002682840945959582457375303352115620923519681106405528641558107535
4977750855982212162173332630845925337068580734250049351763994509074839761838, 32272726673768935167483554619133931718907394624346516997731122227753535888639
14033698451669963659938937625218722690727090000968566499450849358440151132471, 51744024624307878956264635253211911252634671363163133012681502284221480769429
9478853708095024908034428148402973437889500634596804259401487549223284761070, 68563194905415334369953697538050791301152640091249036891490971122377151131042
44466583771045801379382855709163299255887369986128990028747895126584656230363, 54399395971811120452682587888826047954168533919379060951372601456278014671045
2801281367339372156813771332929260967113484490627983280703855286868625179627, 4427696727637119192420150585776792623013554970819104140149244919299704264527
71512285998894138735258037357767845696877461748917381940083102366844941711136, 11158312539373771869181238440061035466257316360994710470759665240803614845944
50040142941826701089146513263606322528856058346391539770397900053142803993073, 59764440572272337751493007902687482420406552576728370735169655969570156961589
76207725773946468446332527873500636548777447628214256698446669421072670726241, 7429269261324556599101285391019817505271341897587999302562565075051536466676
43795781461602053017194698838602934528561569432427885005972686944768629705199, 54658864423026175300312935085038717009803919481783308662528616545269361433852
31522553245643339186339823565788469029537050574700094177225179197832846923585, 35281090032318192285697032407285816329845208845269045710736679401981913689914
34882797445451175650316248113198806488643582883750191620936493312065534313105, 57258611767856980440274692277598041293311576427802243184166482216311827312030
75051389904471802845138042989631028481137558074597529836427787365178669922355, 16798378022961189334194938696077935801737743824180760505064043282600453523956
40019917777680040899923973941471962085305083884052742535844421405724128848156, 6414881702467069886552192159697085377902448881980880920928380517560696562596
16982702379030617880353895096016962428138708312687956881338460197020564123047, 50309463391200173577239200273695854213398115035114719465765129406263573399453
72620796684708868453941837666393424870806801375009293104348888701567363132807, 51326060731418776541712723751007817539991072183918042148556037540556077150005
60562885986546251211401888946846157479344490594374036363340774325838002617510, 23704119514615999809368234557828742288860434859200166452912670914619856695684
37041921818398679850381647733667396755947036958809887488814449254789529015884, 39398475909870281721037693994462457778446178988913955619789631369088572761102
69802982059366864080932911968695993738074817929686579632749142523275727126295, 44860389683964705606172427872266219441224976985554314522045237624947136051155
31277931319350401634079803679298787017138134099689463486142421814686166502603, 73523069041435603195344486785870824964875190607220508682596658763740405888740
36777869476995486222189440538335024145292964397007643178677602512957344956750, 37889478638272637512527458578503334139410374099446715122273247977806275039589
32769447733985088075867498720756993041730511029592681464093849846076504676084, 75718253786768368197530321169835297997527103121535790538479071681449091981521
73732350136034334160686736739972048044750029538629858480996237993494446237652, 69141348200493870988262005727699149880190972849146248803505069385010551109516
41589083259910967817200056898444670062582398730405071752890778967237473247079, 47104165284798779228557351998710215346890587643714424194122242436265063408580
34960023479206224110279299330003598594766272983218835358156372398234456558635, 11004136319593930965559685465662215957517665266148308436405593594621173861798
74779681072579302778185639486749553679098942975219015215371090283664074280165, 56092638890184060491797894573972087146675159257141762786213898741746476022784
74335663609898605547423241094492186540042492254330020838414928726925304848143, 23338934245877703881483346883101164888189199393438008045689325486048849645498
40683807653409423344444503977391152419712745929830506935622822473754963251916, 58828441153825855453580484886124774335353849310249943204359404394484527745349
55731783375047753289453114782689736871610027324121793219693640782238035483300, 61284169703660033956276146860910045207540030222919464508345184287464954670975
52647803576958409862055273965675759680306927275218740882665139518815585123754, 14238488856557028688741042589593351881350760800592240459654490160835588498439
714790073730383256708632764451847861577700556215626204927150125670531192786, 73867895209606698064352993520362436882464679507430332345295670088667088763996
66938436603663551029029184057061229662999102277019166907548452039189202661137, 41063861000257126219523506294320086926192686143127566427669172553091705366006
68640897114181395628993761937379125481353474126302287929536530366718008119119, 25632884161596120100823660309658073360015164617993931385071922589438736113981
66905173016200978284649385595041470617695269408342861488821421438916385140012, 30433277157227021015371902960508806511672784216587949299992283420591164591676
71265273902821283972206854688481760036785116524947601407654112591674046652875, 22090677995833851580624582110998916673141189937023893853340221035795171150508
25681099189430282864263381688492473730140777194092567760713429402013826336409, 40749133198360828769227740887102200130870810366400386320006108324895194220647
53800289930581405710437050724468793420856170889023558970535842170733534494348, 54295670513649026371695123446643145732398334491996494021506558295224614701273
60034860595980310148324179464218738704535982312582180972607465766270829821946, 17702935441725989254332335107705382722058360556577382236327387294973935065423
36460385211658853361614799447436320478794062318949426804819256438967430524355, 76208177308663199638522414409144609204341651597275270144352885201034953300122
62711146293611201591065120237825784817023875573427237172060528665042661522780, 8371038104823071442562281155894993361108519500859413395315357882401660160597
30042033605453193346415900479705406966715755509221375737136169325640888027672, 33990506788416823818402126057182846956761555544018900724463658496232025183027
11370413369942438781543631584104482551045450549576229722386427387591227784959, 19120036278842038131692555851333842003039358734208168426353487238537877176040
71944448403138805496642543237357706569255438062756085570465712131189704864743, 70469341029094986710961707684286997030271374782257934193596876615407758835641
65785246922455781340707147621956177505902758456285356012904690703039082843545, 38705162857693624848019482513061348133517473340058083299132085523481991413165
12878453371068873087882033373084294619862907592762559272530344852585839436573, 8841124750390812515787081682988156070756025188125838174551678214700406958798
72347361033952343161594164232295826101998458695675305626638138124633216213373, 63776880941468689187374109996155059759777845079133565418909897803302118348406
47107005008108525393980630147805552502502128678117552205117746542423462078161, 45816842420256288366756511567706855829495124278555417451148057219465542926515
63344705494733173013899000479814884738663769252205189140267421427976912996736, 21824553628334382926679681245214289474532129647920780242498056939685130912982
5799183185056777431541018082873996591783664425448482083428010511396544404428, 26349942819277327406222321719783101124814631645209601217754494578156964197398
2489283479844385212651468187483049034847653956382425830950826413399095446789, 62711754309267299515603348439845255097584656898601472981847067205010410810132
50393946862227588052985977938486548576506982535414930291729465518553387964732, 68214613090868019798093605845341755950470589672562964996971721779796511503336
30248071813749992484084176576587007239000600771986797348489342192852406488573, 66605262802182264947071425689437636733476446204626707665968347901727292470933
46412392933707661821228815517928458742239738648799744659722621825733515124827, 32227415539745269384362944190720527681380898775433174168784213596307314547441
69537677862166357812028702284473776299044902073587232630066532764630761659820, 40287977827459287794971471285878016763729564574303158146433361399070272001259
71347853213813462623684595528897141233889768933244210245884671346024351074795, 48925575226567041871736049411882142554399158409564520442348075136730415207968
38868522562205552982670676750699618602506535340693308602117743585718434963374, 41737142243825668653994826661957681785473952979657928999963427448505632171013
58792709054505732492688738273792226904318128891416997611221844138630691149236, 61765501553104406529994657737481633524224744982210633102875443510102620833134
10576106390141861499969333468889569461606088977493290641618174381507603985937, 46036706791409458790109547836081015524608142767580645836207686988435072204089
48926608272306648654753196762008295179460505700273956452504415568825313736680, 14266697489546527640780775033942829951420208923811741380212233985601882397882
44211801219317282885427220663791839504468458054693917225736282502595327230687, 64045399488439852953814204023411557900380925597991211952717481752598497707961
55872067918435332528226433453819956089108636015556176708978368081239297971391, 24841503172893896450310697439518090099823019616657579655684891572083144503833
23187215608959966670932716289045712249213373646146394802278583241134685545786, 26623708015016318723403529532322333554059488195135863430600344399885140526194
53281017580857034349991184105947511696211212957128206829846729911442687794184, 74220151668959930458730443289801759367415910653484764647213181418428597020206
5557796391994160016177664179266974508228219674239701063669588517431020805552, 40630761138156403185844690739317341384314503340412100819196509743259149751637
6180942760394874692903985947504904302248915459262373782556726634013661420531, 65944608125021702760561399584565537413233685560944980281347479546820118173833
63588301111102227227797632340874209601635178009218772702337940231389946656426, 18403754629163548733173438881690108022800034466115313713502360181213335692409
57436752515298307970105199341533299748886975759932381623599941231476807842297, 63639615310540443371015498878550882499140595455255149316394381761237200515197
25700104062278853086156604442854745428606641234350739912595095778375183699979, 72550534197648236448194958332059568219551372380869795024313081839973383246544
2417605709478448423784263836246938238604943592659305060150923331714628577424, 33251241782060417266679865190190305299378801207028783695277418946302297135232
74245298343309596550449845876865675760930592365031882212343466318883524200383, 22774317904971551363775232447946155290313117319278799159117035159393734767087
25948815816983859716678946615497808844845868618722025445844810626485582845496, 45603997270229117282886079093348601058260579688638730412461402326142200956926
71765912866102607121345738585046123515891373356471220987677063079657815760155, 39755519513379594352716996575833470815845721569501502350049070090340651449633
56584432286284883304060980862367708290505150032271305431399153663652678587430, 27553318738921026510880243247513965384550555649800046189837704764210713132350
23397582792310851062743942792492412093015686779269747992490826872745175774875, 45118309932542370870693001253847088270963402818276583413524625235547118206456
20457313535251528728363305143705447979631546462694230699508513685545784191684, 69377990976836972009597977332777030482977134983166158537096424163440546683864
48343210825075325496156624935304478289173565569418151941070964125755977566593, 67728944110975979843918705980911861950272309777977117710219750063087109816561
27079809392411675222776767509747066681767388728647392395680725919484139697258, 12174577194391518348710133015839594627987832233721327453762152733366392002679
47013784995930376173047344805274811580276372149131274135462133096664555976337, 11226871691983802047976418777830412128329363193755547871737078824469852685678
7059876696213301853977049805647227697519879158718019425652256621579710202096, 17736580625164077085105173256888144136938623892989060414964433928287153468529
40343479641441760337776896979479398220611391566862289571222356168297062490592, 40464555464538999922778373747274936576897337451395776828193006940101086988968
1478410910349453826492533485206473440074641290588076791963190403272246918050, 29506269265424846783253179606166501704335662698109635037257990236092960059044
40355746591314450933084776795342422849840993799969851441223181783692708079890, 56215513563955691556216205408626596456263780619606025619699663203481287589063
74596998144248027070031651702683188872111077641369582619290341154963612398749, 1110356123046766371183625975707650211606753351971396232669097833534304158873
61878417797641466534612134615074597032743594802181494389892949259381037838920, 30550385904797063156893805224256809790789719035197127585983228624270624770956
65090470205783505523351177523062589429159998304609875648703312442389922033070, 51812137985825322916333190638071865679131308207210598655860675635913258809940
28396004708478036899017603464816552881369520578112190124105921839093232571506, 75145526175508601496659655603329370756411205702516663343126022873603223912249
52295685687450176765177591229632336823770124071335925037018995186872588752899, 56565103248601039917653225514300607525046132535368732444397474528375266619681
31375109741894430083115673108116736674430701228246141346337052062721697055072, 65974060668543276896262660568422278482666911974224544192113727763747602702592
