Elliptic Curve: brainpoolP256r1
Field Prime: 76884956397045344220809746629001649093037950200943055203735601445031516197751
Base Point: (63243729749562333355292243550312970334778175571054726587095381623627144114786, 38218615093753523893122277964030810387585405539772602581557831887485717997975)
Polynomial Degree: 6
Polynomial Coefficients: [42, 56, 24, 26, 23, 59, 48]
Public Key: (11776258749507413518810623927103783591506214606904298661224194451094634625913, 2709263091571970780241099403883296174075816595800364853147085179833695159540)
70598145026391181995596783739901998696794498376962729621487000897549591796168, 59875966928330772270172712804408724416339671459806581792759872304906433274454
36116095859869554749821941400305330666239565607835303867536740118592077698633, 12561829118730178158850269445113381398415797131920464228398965531167481225716
18181881564198804796064689679065508247349165631239577903425214899832416706007, 68362101279268011457402497068339903791256735413969484912971201659717916044101
58293108577076562321176737481256434244365941567434254865627490007717956607965, 70105198019178855556471243042485578011423476445455161493006440169962464943950
38179427865987686149887529365253702400748035369942191255455858245162180386531, 66728855490520728719241507029640078976397388561038788644232175042431539214295
1799731954679487313641753932818275306242861764568035539659118392602448664406, 41474743964878964588445240871004154082557887483032564615940435285275899285658
72581529276692971178137326805480576650745433674908838905222732876954099764363, 59798909309031347059236931717577493738006848562929875045447685874244178906377
9685996998912659865577720985005158049300158815961150174694404295263874191297, 5486121825372486200688715093132435341135109949565185899803220139822412363490
51949015922512056084359939898638140624022495588769188953901061872190346578466, 6559318336718214226617226485687714127975628997845481373934925147507882760788
52065030725475081700127592741990721720396394014467277131637957871679874941653, 69461839809246609759774035432393318298165125104710101674231331331443462338486
47291479603845299291193167264709497993833379477558075274353187644033600877477, 75233959789101181662776685604791105236038123676174830408762253093378277053575
36330416842712775657651210246257739187259536854453486809885016621464618976883, 40384964032341247536273431712528201881242304241234933646288357618127673757471
47260566628730750309018321993112548863951809701728080655204173067566148979169, 18235978675304720122957040609227601956262518922501432231349699625470221222468
19903143753835941608531148353877382355418204773256136606066993646702452853120, 1889779286416757214294514100580102563780662836834734457431563641561034268259
36342298365735731757876257160271161382384022018294570112116464120474733666274, 57352090809558488161333423242951531510340380015625638511610485307676932262065
16921116211659197683558124106307109057265596684361360596648662439905116457188, 53224230421780046315440733640806262277098414533083954077908614883504617613737
60845383972864747332227141656633991307455523673563527600226137499477602189289, 48943240161521856776375653671544242316668014905270701881935350162542410134154
53115933788141495757045610631285830457663185051562668416876204796838715755379, 31642673495904620661976386943835998064530923054131381793378325414404491601715
24601182199303253473364646195902469497088760374638847072557708085705004107002, 36742691897227754354753921885246299932123060140506083360307005843762536518939
19462254048095860086025448244004504755821547131342664840843082492283493503196, 21271161205179424654318139835301131217468389781610812115282058456945234581967
39101663940012409674301984518687863012893170543441299393448712043236752265441, 51592766426874590979555739522757019420140490669227083531993051931954353753512
3002246906591584820147704241920692634476475993533940639999566964889357998121, 35789009559254865499477784506114149700399093961526931077791637173852726791446
41711491126486973924241649738904612950619204982396360628557811144368385307684, 62267572377146290993319332465144107859774586540100791983339094276611452275858
36956203968927402408341295749861867635003323245956003702115795288671014113579, 67583248015309853932040473675587242071086452369997597238373738795012535108184
48412044766605458026598078999060769013569566013325052885979094411907348818680, 43637952695135375882599529422290327086450440385658601610501094446957822181369
18746075637968151672423565027597391160535640985867232115775739759654429230511, 11721518142447680874500844516414409674950467677027075035842078496283646886122
28806679583211817550089691977215412145853365113492014185159998649384217703772, 45273984240603248123133992661004666645615825030166216505552643177310091387804
60214845758670301404540783902667163755681249416979279673432772585734248560926, 5959515219068030760821703532010200832251784885866311841082540065244388887707
42355193754636405778342801416250948379565600468797723461150317551096195657131, 11069967171657037386584248113698629459327855951048298105643709101374506740994
47236342113434403105808547926817994997488027609425450986907167045240847835982, 72446244751005089144521054557295728288886897388522516428554526143466351323561
74284952930661536420609323266961612195882319170646249726590302023222855238491, 44181287718167888725780453803846974474462376355318475669988487502389043329680
52345387250517905351704104972356769812783671222638407642132801584221503046553, 18723447975848151449417433238223393233424723650255567612157167187245321015359
11654922321337036981847933498721560154950863539455432139664205745130653940879, 73571136824323435240569181802027547646756431390731367686382065059140556571228
12223877015660022385848915231517326593984024795978462501909603542963074488939, 70718727054481778916406315971497509961685191824961220423771043674160621662437
69154529928632636676458453926380114619231133738430879390040461871161769062696, 65458391994843829876920681388309402732046748526850109505489417175359986046020
61759864673026991426043965964839875199266149228325720308254241282222649911048, 70321870593585606729797909001091170425821067745268270693906875508204483326904
56613897528296453057785660657405698911960982289926215760307691996497472006198, 76306581071750663802150607241399694900180218408886870946439843712103698308863
39681193183920399478893875970731103645526878847243925967620565134635830871014, 47126029053672346490531077884788890044752369602312710574836089761336168243403
58065513417664354718534607030780410055372415950403955453352942077095152982992, 30782772410127762011943658952959291109920923312315472976387952138130533408441
751357933335113477254839010411864951736952360961229769419616141262495242358, 39386430842736084802301183114866393024299452210498994125370211435187177442989
7389155367062371955937926220215928681203352263395786316361653720288070137147, 66084730539531809249808803890926789204094918292996359238914266252360077536222
18177663034288946269522181345819451553902990747707715442853588725830132972724, 13740641434767212922036088323192338762110269637667373973131101119116833539172
7544024031343146757051005554539248298173921418628661490332903864195538504290, 43021891640888553676075166009452882137578987754770541817503913726670389736730
65820376505369042995805839471393849051276592547057942044958028805173917486690, 63447560895114027342085025240798171415697712191346668200465110425897511510505
20782719613160485787505173351511972403555982276460274301693726560934121280946, 17780462081462721944384502248140420286397749401341618205199318027191869799397
58618116633602421326115633241015000851651593817627670974557912206460125951670, 64794509199444396802012131120215792698244478061904099464331611685437022297951
62839211223647834097413052681086113168343267441900037293221653369729678409803, 38463267356695079729314048937789221153847683947573019007089955553670356297611
60905982600416529694393081636011385036255231020002537287706614611859748237651, 16032990597736781723124002955649349639589385741713517146425335862487800834276
71816552720017790342188624442879291885305685565648338510449386539491430420081, 76625081718234466177941474905011856376827973638936627462328963863924865162812
26062368349801200377819617137063430494794126735844187152011286336389063380892, 48408454959781845187474911865184314722242758941427268553294437169912789965675
25437818734253621953723437248470242380316468880406706974348770603024199712872, 27192723494371213366691264377161355480728060785884386461439017853514740896149
34236852520964664331028674293912161764057068589657479606820278394848909190808, 5262768962861202743627176969434015397712539799041932893612167995003065286157
8277886528905812084938861062078297175221332626235381922478354675217374079644, 17277944430080819893350274146865430201023677213099134060302698983765279428766
13705460569498319858717267297105626862743256687015621958010057298166080544300, 75291676413079633952732624706476184340343730203214884370161145183909900523620
76443188109929809104837771823708066276138462665126408249627665772453741369562, 31760209476800222588987102716955975390684544336435513495049816905011058649061
13790861213968778337303895976805162699783090647689125069617611770387390636769, 58729782106985859840129312299325968882730859183792480370882556378987560015725
37410878752140990720506900194607483874746742155569916408942975749437973174947, 25568325341942353869008893288014813648329466655766784504517565021453721702464
49509155542046760096830290878580169712601299355046911219593308754922536139297, 68959161756544821924005869263519128461300869388410576239416698370156413489740
31833679597846608039924404134268724066354448440775797268632337182292432640080, 21197936235716917597739255339596536840699967436650319788892763279595644584961
63051646538257642464239616881147033552509031132514963994310848639651594008236, 59657893771436146424709336901847049815489310592121166817663297771003232797617
58039962195635130556142228584705216090016928052399753540344762694722390729707, 17010365630754539474172888876032157221886983156454378478867614742919071641569
48861442451392555616320792820076376789173904281541765479374863518459003320077, 19105895662416128329778901394489245231468451938866431361179911950542212476403
35771066035772324972209121500377420551544667122347895850200244030264663820513, 23565744705055191922276167030996429984973859685978361514471445369987194675387
65467508428782603451286986074757211851512071586033945126569756241032328247811, 26886404296915365772023250306400901108445600412366928269582656657796550433795
43999226793982033796783756963366119292779415503549611291800137087501456432707, 31015198881681803398942804709076544406235660530313119449321801242646749921422
7034974344874207612515802188578628631749756248273301540510219700407975896181, 19582455367049906358285492159613607137158629973377311339468578695759198393805
4191381262163595125477554296215104969857251983787029591090764681771167446401, 65170792584511422888011488515677776216090400418292474758814786870728157510608
31847668881852349796975894339839554933538921251848376115953686190629636353738, 54347317546640000209057901387826450200307170383252163432247842124542102774235
59706842627481601695885678107746811051900823630610148489928343003873677461885, 51700863008221421268885274510279294069235225495044030474021258727667107163412
63726730847863467985435558901126077074872794260847099105954499912536465829195, 55821104172921031732419868751768528665386250164661228279562088192675094626699
18563269593217717198633306649303389501996305079904134683146185355999210286719, 49620190402588697550672627006353728940398858283094650576809903812863362365585
53374120587139521349160291985183320486726372704814932063817259250900720007108, 18327409918139656526421653336398564978046404223712988697136342210834420840388
45332488262971378282477028735963300322435877606920015460878981209838095414633, 52482488615335121855204888476089399162007384717009427761360811074726762348308
20191487953369571300120385544728610579036360629861559050980900084067945690709, 76117910033114121137187296943845145083293601880255613451902847664934823944327
3327919610626108515127457057433048732666245204693204790825112998712571013592, 31955389094667566518431682670592475603004199273314267362472469718788714313943
16977055144934147559240686767084507742063571088575386407783908111326143181608, 67195371910929216245038517555145521173317771091916988264345781671862953171048
73816201026297741452514925974860159559597941907386347532238185537581713611296, 57176248295003045671859534262480060192850820353017544010001845431958751884983
35439315832237812539278004452886258206584981238982242706762530379385173777113, 36964086791915432125149791832971840710477815189786526034154494510783165775465
19913307897181929809773417287839982874122599364138863084457959139525679176420, 67389942198678561243785948814965842517748446884315272291270074183125037230003
3752237233375316363672227237994131531941787388510476633490541433137492587254, 44886656000159834257543678700604225956730221662670261380204746159422582959921
20185005997263505084542074967392903699811915563332566788185346448618150775426, 65074933096531400902923939711708853647539088235593414624069904891928940478382
5680786253829242389379976518373190120740792948885228278735149939267635172739, 22555296012538521190558698878290292269742124467477722878010181790324403709195
4662459912845527964668600108668230918168349163051170504032755266840856286681, 21058798436448868490072635251525748881199674337469726921278818801729498422053
40484198257696888137259537471744670957603608289368270961170016671231796624076, 23616028944850783559277831728251920600894979686264217278930609409640446037018
38723973505796940708669967770459369267847209639822238289374450428165341427187, 54809949864692029930863581227894814165097397390208709979772481009022439777035
59352362357543597454796766341494944883178978067388235918515159584441447794370, 24376252439637756159707351719093563516509894865438283922927384872921819647118
35535340649575354334619428772522490159946601490037791783060311792161535645023, 20630131454745473023285594625375877655551955872215259041354869201864934231123
7446164500869827896337510644495277660090466065447675343311394155757602865472, 18328279420959377543406841671031264438531161122722697009398453525495213804388
21721321001719342122752229249702231365627068885657143408023396500561012891503, 62038652224358837990914929820425444768380086798646554365117961535397539560470
69930115474480094776224583809896827522699592432672712419267401441476799528298, 53517874519988450971298753729573817146272071360655428812760818856237868881178
35708748665222150303608731998903291572382783051141999980378157914625503206455, 9368031710261469506880603454789050901910330679344215563331542485630710852325
12389039191679882930368303126209277044995580932967709087588153000522082523702, 855932832667891412629980619376790394308947467720011385233623436139469901131
64685934815665450757770673489670485893736880335146472326564080884545552925636, 40814335537048423165334306794659915509849865816252681106348221713654453333026
56456300011178340012884130819442671988593596640383175990832643852322811131413, 469268752641554939608191579081790854952216844882013241408722394694816615518
73974177029381611367119513412061529789284758826578589451689069603975991264205, 72406867995554472325536175146858610639470714484854922548146088829088552419136
13910846375613316821394666064029668863643685765860475325761172231908494966839, 32111921855594593949402973269041200186454773379682146941312701297167093354416
58299352276456292617514483859954305454290881605412575593952333387755410572388, 59178501622572680822277358591375385734410796662828675880939991575524094124475
58425950022358920990980326686863779750302447052535885320656933783897842595602, 43932865565354167309475360748827407350592565594277070772117686133020765460392
11810086308805888295364566645930399384453608923052177026237648288342399227058, 69903636183536398123455905046974684270277534313286497216769202538581661144414
10727334663490630471999107489941856182501972213026288384061732679451865875911, 7347683227101100054256304937306434098690950356939712205729620236770917784051
28088398407204598071591138843162610395984786225148887058690917562845641455729, 47387900269792790267265027073341583722588163788228676430289406011444407931613
60491912592234195544402368512225069517414405057990489059238477027812411370492, 2132948255631458266100679395992509280894835530126160820663541861797370890041
53033130167006075454297828481905476562654611654714939935174037822689748104659, 21429586205712017374460857864044799842296302575791033537813066776906014503994
33571575980960504130512108059670621391197532297469191050434715056896155908939, 9614176862104930265104096251438709109504505956564925331293328257660790673804
7156798145391286262780100137857940323177222188735216753190959130016903193502, 51263009525364036231825631419216859412640982478751134633468992925012813771116
14729607670218543095320671685045940722539387093071691765466676902508712545725, 10848962440953753020038180411134579854111957417647947699273893574975413045605
43308621197851483012337662483488342653004417067782010592238506068902360340952, 49683880647225179804102691456844888982410298642109318847687408398296508957544
10892446402328030079925822300492529890366419294729559446759029167570651041270, 21933831750047349429853735507522957693003803369310068222547897751620388314870
56024197622499947642244509251821077277767270045938274671359865999853563184983, 35329189876935600504980278723229745377134328370587818487871321155345595988313
6655336670989753544766529854993166937059891561544963024812062782431494412131, 73797402851254445705452792359671636802255330893444228944356186516180688832856
22639438313670479988697340093426239825008263841099087268207513725142856945749, 56762934088063270504077915850039282210614300044922397172378530460462322207499
11915472878229738366459839127116616200030818075329749360832309894912354159704, 75267598628794894541128728467756040565577306427896262974603412441354895691022
52736451367902113406831030570027121541740886952215395168735415466087577530661, 4730428462139934018178897654490495453873472098012790079792623968583336146270
61304706457404073403848376765584575426359983287626579036028595372415455564763, 38497348414235110980775863033838631788892915885792232482468283143404156821626
34299381824552052105357599230862851217861546685246006459999133948813665952202, 63301501400792432973187652022091292071366050660999879620621131185490578641606
33239836078867128647844384530047309738173899134292309274467674380600995385886, 7512333213034189316907177415093349785488407032759329193795897906892857488586
24789013415139015978725894101011521062456302547349418415086057028193206833372, 23511792730959446551465866165513966781049503285237762599038366660051845506412
26756550255158608642747509033674726767613838774760724299770050009975043660907, 10187565849635307507598597801618586405928548800950622795743623040605444027070
30994959950984356548486716316485833108542886757253523391354793627728405943613, 8410225801934227017667312300619476415199504941707047472502316160122801021990
10504187560043934657592509332241411751778707181776429361801064880851076050295, 6021864565429718995722826093650735330093242832664447524217252486532010157414
19070211289229764525800628010493024771147380577597216369435120803707681859033, 21630949754920406831567671183929926798392919102877243888688353882219762397569
66772472002087553381633138021418098417999612493267169026390699202417917066417, 32321881708116423853014988887212603189854333312498294051357940181257485751925
25204363596423141384156914519727097332591987754496037973187427781342436247427, 12710410346722934530883311616358703076851236874228433344559000428799022160110
39819490472234415211782115109125849842736040066177253832858780602055768524791, 72878783225450349462432017677578249977155443525954934083701521897859727289496
14634216563936267050620066168623510408037082387366945399607561751408664094912, 18435498675830036372644742274622103824873039114272180292942528461032270668849
8231014008064897684618426524157426099132176346093050488897626380903308745870, 35344731024285666522200974980295611485949265755564200265407072928897332175604
7716167748858626968647252902644446033952904479405147164033545485829595674027, 35289856732023287973473522268343684465577374417914196374929647661015972032795
75166302542328686459305989341307384968084116780914477568151814041117767377379, 63265110479708801815939224605789369752509776310782823665658016556282833705189
23764856796172971904174446340142691549928988734941196748547209256575896877394, 3127490462177010792735809599192910584951716768934125131278222510866419600900
4306375883143227064725020959693660263336442397387019215101548584890364225792, 68042398011086557307811435115665232248062463411095102738101931511182349195241
76226976133682873386603867471700052823548227174138865440377262293463194062252, 27994139882598297957270801816313761358713562861743311835872707345242332283080
11309753662845365291571625461388199500461144028679572624465952764647287022288, 44800018126465037711999583452092385662782946848145714519774203188855698897260
3098601673633899565970069972867601772089037709017411517752041645672238456304, 52140386313723452347446830475888739022285933576385841704995257918770117901621
47808040059356669054656831462101140154775155286408976054369087944638059013719, 54292971701533344020409666636057791734591842460341765707779392384881233192346
42720369004461173890877724885950457807689983778790341844891407065905995792059, 942715740675301285815173033542805179518873971470299739755792331321605510347
16603467424906472743508490252688650892212949645069032774778707342956129754455, 10279982571491607370363519993907749755265174654188547050486864324550490207863
56316180144606822700629380108306707536776116409406782588959256353207813809691, 40295788854374891203996163478681033116884031032127170538359321684752311027086
10270858574631844926015859626104716256354330310785934197403576059747506604167, 59720153074331785128465773486769093959304293553039721975803160900692716400521
73617383071630133068458289385420897770414153684959670564759920239884470548545, 25852298340700563365335751246698319949077016518880881614007069751833077417743
26448006129021758518830722021216558904783320352634726022095051417839497231316, 29228331577893576172448294742364638970093657534166400320971395903253211248864
2649495350313080685074711374094565037461523673074275823370361476120930190987, 433500730497910926972032581082960162124891995556844716774599025057783791088
44725005700899256720328567725313186468300508612629844109538661572173201954030, 44941264867702094605766980179245711843731760964239523936860961743834869791245
34978463096177736948098412856345902639213775537480178897078383492106048677252, 16481035882211405883257324092249598371360159399993088104586993894452974625093
51112785401494339250202602535452686151091572876007708754415488626925761627873, 58196340926429328164516853304009607323937041732743995126026318259550693863221
34178746120636832205209584809292622459664781497663934857025046378882645688672, 46272393772542523232798105353102098859764800665032495251110664670729247901684
30548734582913574856434582671658259311185799659231888814627350956039006566535, 58258722701495002116217893262148963233631921348716514260826164866649832976260
75259114399385640607681862984722517036705282819398473231771338041700628339673, 6008407939572176938299444557743613985172387507399419194831783632457916905888
43649701822003652325330762523359565593220582854730101550996308529743948632091, 51247189922586400738676354795510869343499947761816666471207516474046760014494
21687454382013566818639355841996171040776808237388958829042880280324967015008, 72024780577733544899942907252759433018809679839013281418211460979424686377126
12196936624706850503865066993601277454594466526762896534687430775112173956731, 26934431158182437742710580078996923660164436249058585482014545566164630175816
42866076563984307473857935069929389908834932293623356878011242809138567299856, 53331847759894183318738332380421923000229211504296510719036460539511402717093
65274324272720360720948063905130934920754444096673836607351775342879252377915, 65288381072288104175653906530482462611076316010737842992802504471531439001028
36479275654119149386737689219749943061273420378052871627851263902072953791889, 61009244136544036582848170680333772065979775236477389225721325059198854656338
43532895747442976357292249387768990862808939732677125816223044730967906640745, 73926166213340684049830067376308816953910893324070104380937498247166078280268
30971907528729118907145254802750198636590144042127264059674333344522494756680, 37853147311242924135674087797229906026257436053356736243347544368806706722333
73920874756646054134364489132626796709055441002088077976625705603789218756670, 24909719539382868755825273168998722388365188335711864298072628163228426665154
76276599176308085539609989186401555056124127806139762304955715737973630286348, 71497217900773157863878997405426052793443409551067485956416156446731769158173
6841158316095830868732052171350524339961119649246168202892475321480364187201, 7506838507100127642963718581203919273885784947685245174698797590942293569157
17024700340470921464470973437694535942151127573625394634249410800824443307888, 20699942664882481364863154725898365871401936932088845054586478863956134826457
2350376822027643268693718040198551081822171345353346745086632329637914146306, 55734258266404137333221924069739577570703326303662400251146717961408319271952
7369836722941301739485725316644092412654272285240816108392974036776062949611, 43798003548319080097342139229119864122475469395201645000365622155725028810550
68278565854502810404367729137411612468053137006825656950303146375997325773037, 35880996868998384699207604349104703004446093327699073623297631324582372038776
71413935391189640556117171598915974086563296944797418317442852302741765440052, 11779331796265903511984309872959126868411394018087477441413035185029150838349
2505897634107928380409488425366357569313160878804609511003030207694294415392, 54380001942610514957101283937993376285725111634168235626983993464386713344883
67920971845507740266256058519865920073986587177047388124089456782782724880069, 41804294596473794928311418051383540721357214034931546260772050375244247683755
6239492133764368821121642405687218471741667223851536847505016190614543704287, 48298663184960723144473322101048562710741620850882395706675951947084754200915
47522417580314987551614567281665305550696167005219395386812449742462309196499, 48991102220999312835779293994583325377016055318119422986762678775922950694278
30874001737036546950230040727956947105208017609863510647896151969736694646765, 4193479201895205088977152967068894636921304678885778531223942133588474725129
41036556711632825427092931401367267363241163462713318516289055507472439012121, 56931198087027257905992712500164733420291754055762608940622833745475802536642
59659089093965403267553215518603849073500252650502698543594223508868031293801, 33168600434265646335759001673693364834532986399325121169270363472128781475298
3945011310841951885833883136226698022296413949242269849287428398968579165743, 9934842247920160167754957671314595676055525232730387982514459259123284532731
56188627887609782576787748798890955659358470792416229710177931297793326979029, 24033983097624406569025204005249168918632255561656549941956063663585231329369
37533993297028680432710602417138406111076550157324307654757557458912368276199, 71186683707805563829121559201411261909083962104855532380246434565771657637362
74134718941998475742166135172776403264772101261058706662160111738348166418679, 10135232084417512840601474727502393673435258704350673239830710023758375862532
53471567883723904591282903661298405825229042178534459114398146883854636767284, 53311469019604917104707365011411350219754846701828614198544834305698922584000
38510702334239215315220437516928558366942955106791520053778716025505856928413, 47710308194361843560449629389088358620347823705850810594192018565327953539883
19145816317332123345907572851910028304764416728331304597630400182491870583377, 76478809775546884540047962853838236031859632579309245308065622711009817012227
59776671758967483057688233877322271502829147852063283383479253074327408254450, 58941107478843347612606952014558534334688831728240647848887571586366908997522
72750819822742115855747360769117400863066026671409150260119516391167154476776, 71780825625951190705518739075359241779715300882241171415606625939565652980454
23040833747694017996775978085321081421869467444186110719443306595206470170209, 23559751017311929934632677244720326128189944424163743834408501360880595624988
73216354098276055245853251390997287378862023650837489125897389657651788863175, 36701098361553151254095195924908284977215377113667219062915051761748264013591
13231387316453151721003410799315511647203916426379550963072635121302402637914, 40884725572538164678972860070865295590351590786969426775394714829240989233466
1530931417260144289989998997928462942001127032919263171522119168952338385841, 65812517336972277513343914931601268167305092158308636379242320189032846576400
76798715375506796112806577167966645945719962646051270676004188849652184184805, 60883821414229669349496428081728593582763152715462377226617733760788285280971
44136462731579199316859651406945529008100137640782609656199080981032891306257, 22782264960233404077854899570365414536873735641389232247771091941071574825776
41488971418728462156878614029356081239313586395648692620260700595689377917081, 52509317457792287048403172207207693314334512590889807674635477941820092407914
39806267229240831051291850431010150898978694377939749428441524472003500649746, 12445065066973667537436291903454345416167180447067454524914407257772763270896
61810829081396953140512076099318944687812909076142088740951415608452236046035, 52554869710070154439466102268760686664067932976786531723087391141054876733001
16584600003303044248855779475306594686219523940708020588945444691518607317424, 18213432902466178483847342700542898975467853263938781946179917485278904533673
44843278294475491092742401917810959280290464215754376112423434420293435810538, 5633813240046428296793896304269329031324462252467539337443870118910962669262
531484128068126819463985225978553812161635625463389181326598226182809718875, 12790076700417879627923967477448488428839838156617194949789840170329634615154
13688577530317208208081933578634156023041758528405437517734222803767121416678, 68343766314305287642252298127392548616154101654962467900661486476299529416029
32557500295441962989613196956903841303492531370627555125700212131340818429213, 60263287769575017991203033696959131410255045897911669224086284630637228864708
29658418702259826268956743273535041048014717978848505771053899018528218130960, 1329467619494198338284365152336930504014767608578192055959778302116184597978
14910658333089038806383781415642402179189127236955965750784541387227105463334, 15372353358179933323818392603242486143462473991903412957439343671528951825460
64991250607309583005942279196471140368278048666250796109942038241313978551474, 32498171732642474841512594492671642206576790104795299941955607943423187633060
13941624239882169598005510033865181697320795105261989303556505631229132237096, 56985614009661004790893136476451564483133949032063954156200896946909657554522
15207892249712204263281409754536166308854612426601163669894684457532342278816, 13202607291772944851620167028810396367478336588093187194702450650674518774005
29821156490402880470344114095166575422390177125403279479464202089126135848218, 39139083467237025504059382903272083757041938454340519878050794636318615059957
58191232712081349623779584141557594538841463303575700458632706577673205513561, 16705613487635962206085206939470145143348084372723257482182368364900698515724
32371168607673963963998282172424005309838994021477147307556049431174410758189, 64907252133085979560204190627605059096336113012516574575915248795417157228977
73023626935212831973762015539153525917660804581504688257642876073533562074260, 53091477800396092805863831548035572636374480148023471793972411419639762464625
66612246757168009382569285297859961873955533432621638584134537030400607467770, 49786547507804594747453255063426240672221645416554949268264248068813817260971
60150861659758284844692480149840643180778711130085803678975008531058915263278, 34436780618542145891875450865280666562283364562194112940197040556425800302237
75872540530022906469031053633307049302760026327710880113578895837238094267984, 46959858363569595461054762797344487208963088258458675933505612187522963353828
76095460629289074649278612421380131676513152455649180269370985974114403820824, 37580421454547530187795951220559064854200563025177227975899216161910316642187
72857001451891191919026942137563598357008282745135517347864062323872246607946, 73371680024627518133182156745823907488471617638108593686741066396595579393284
60786979208588268352232473497448109145132660166666533225250186961868374189869, 3856893571692683720298274539899897387577008194519965795165565736663936132613
52092989760420404621653123784528806003688565385665287809071045291060304747296, 55420254876139138001696757986984923107380381617857465486029376550493391141166
24326928310689503773611338219307897046358638001231711636534955235438056720544, 44831664104418095098091782958937518845693122403259732594740177553727205462194
5397450288736868231692484945285097889839910628603735144271747184620641465041, 75392794918412123471066046867993342843484176396771662923494502719644327563812
13087073447956619704979072495306947706140312139057803223668205963600534352120, 44731802407320051399072666981593429887362207283145071537709858130591965351151
34052336979596395655625642150671834473823651404472420929170948647076203314349, 68204804330722510247031523466116896490458735771582536228440192270753032808
38653036558135614670322529951181552131339076841564551526147056928085970931944, 19734216263854173136631115407102067545627236583384586032159801744714229053434
16868755413847561210002461213047647048571392083178685507291271683328374182677, 47091759760732232149297692818204829906011333052936423352590365219583815154912
34195923609126485701025246833212854284674156062887816901921872215425484249626, 24089856956133137478811647593989747713866918794191736611153632692343704036832
37668902963802219133455664945542131945014193457285880986733029143042299971852, 32158025910329670229376334800311921357034298919811477957834946727674194182197
67146603393994451199032164582311596846283474281039892103476753299513626579147, 42708512899237073986365990503053286084058627946359538321653000139933917898043
32924065340487356188870841440225569648595293687378356830265586728615506165983, 10984085259424334384866225240228828818242982799653541314875893064520872112947
28918942429756621391153241868142910122478518668307374126297145407862443806892, 36539586342045473065082202043815064861903335356049255262379230702122028569318
16021916192203343515876649301447569200685135391112735053721610994531989132246, 52454409377845732229758700293725836500110407828168922559175294023129859147944
28381019822989992878713098841460554818847279570412297487927889455460541913304, 37752396657729802437611830610685546923953539593229080107234034591513498102178
58387893855886790155559902861688306156716737375070606215699261447825359001473, 45930336168906083970216749850003613877298845787922996867999615783625618812719
51174709375563527863731274602424294460154401971537626962676845746107940899741, 13571055722334803192530486479618530679944343802320298591049240381068358361011
29500100611788381204021431026893674662902768582441379844491524503303529060606, 54396430669826673300938015641060931997710823563945228799759539080742921011575
8243281303599553009019608220627601497146881065859937127765217284829092700582, 73147181831052523411073058587853711467769772713577774569703398936317250058006
24547342454569166298865394194238158887454755477608391619726312844865849228412, 60027387064278973961162498239492706649241736621214204452875019673593632397040
58836382659495272916750493173679003204870976000845665835043056694605850582973, 39061984893600204802360910795553935240467548642566164824061262652679163896822
68384025984652787064169435794886869045856434788028360892689649711421164192134, 8854919227848552497501895379076033828640485802575734510919849619310669487000
55802572752214478479271452828275373711483772756342328586529016659462714089876, 19009430149114013821692282042006205316404579623532962017689442537947853425149
69740207567692912749310532517609206125312474526148660031665174380201566403150, 2826812686132494676795557759597936199205561852642890237257521251713783227292
39626236556109291151352096405946944003137508387532953860356570632160444557814, 1993267436989736611601693674459587057350578829991287672791550408691139362339
24678488436791383821819471694721068223268490404542111959301283935515180012771, 24508035242459727620447868798274302349851463302699866668937950937900711284435
15100100075815577902881408172031774458801718676412482400065433523596040495317, 38331079107568126414073319544551868834959560262166150501009051619648293993729
37614886349237452555971008646219859618684183490382518374525820954399181502959, 1208153582595130655292538906086547405718305651408440995816116819173667190276
25933526088685489952192760521210525363526377612821046362048226915109795613497, 65273416383120683563922492949867880994466869904420031023153850870166867222415
23168969229914732889452056987405134509679045112882326621116502992320633330782, 25072848481017885312851454063770807796319847418312155659901173539010461168710
53499561391852218244736847141152691182460704809212544405709051593674711554060, 10920295744147613984571273418556613446419984112380231858870248719485272149938
57399438027096051287574140080272138202712735394038572980034693501047901537274, 51387332126010879800311914715211620369605655477383127834071717054368277395998
59044039205897788148302728613678047246136695762806827169447733864660995436679, 49990151261795333180895594073861764065581361762960283833683495483082380807428
5785871563248880509850731721003448462458761329242231848005462429175531446730, 43699559803595079838741561736606915060362234853761208293120012401827089367250
72440671517174245128546050758417472023287738439569599824638580249170894924070, 37053465023911165975667891480722933457859643830823234292618311014836054009307
54183818568974836494598022100487986249927564367327534208977987619493457344554, 2799393121981708706807021632371549867844100444470500702227342150062721515639
10820245605838672752041176000284574200140922335786933878097158786343844766689, 49948821579386717860516469194140129644255368228145172855130323886760956492482
2612292195895348985053961122991253996038310371964788790301543307448211732079, 33726455677796890389420770000292155006897374871149537944910155862194224563160
16211968190443567273529514005924998762213762634895699046858268357106687532505, 69194682292246394636183555088112812012784394596332500638560750450748270042705
721418791384181184112680883789093514292605657736335059579258306039309871676, 29471281872699722220880875116653381773368123804505570727581762909484776268798
6768424003863260935915053196736416107018497750694572749956496340039753234935, 36995783342557090446590561159503193077060287637787798308932966306647678124378
5368436494713133414528017274599900940418675762854171759210179975141934329293, 7767759468313224180091757352935328086934540290056354749358447263050136173517
21163238134722497077430989335488503357687345343137916452513137708636938535364, 31629605046887357118369343509391599983645229129550970667167879272637346345414
53221348773853699412295328924563776709015437764225311223680734596723371002113, 25893353861916475009609373758274646177409755070943886537764615547961392677145
53823586324304072341652471918786175095165099503840899451790028078278032918088, 21572009137409794246929825344303976423721797713991888975243059646710111509798
8299650721347194136749757678733153129729582559880161687950409918846751705695, 2875107111985612541741131722618908588261109878362300116338721682364478980966
47042290829459049376323307203681488569647151166797690742045020160653932225109, 18338641066572988161787957603670547301417238549342902249158657947053169656292
75137695329802837225333584318395630449033630319669862260531027339091910907155, 2231640154596730168876457000738448679945318523714197881950271477837776087581
36011380576520440695690280614812470159802888673040677830782256921862299363481, 11028395127601993633062943160064459882135590730879058180770813153093876670932
14657962618278603248926619883035865494017651283045408908752287460781845456711, 63020840568251939409563772788997030878631610773207023601210164144481807702253
1278994794387492065932578900257619960350273630292389163779121707384721284471, 57704703467034520676938567331701604170308682999099301881373638337782528542563
24969997578256465100906736548012570584423985467462795821104606679561394312451, 38495164100505391243383023227978751117287042098892330368473409253508586013914
56918028361580457787827340926351420233884320630258488532297623941364683055, 64316471702162171756936269731372962848823633707986376180713947181659211534113
8819627529897750686324835299618390341953795467953447727575674247151010773921, 631632804919032668160660653128232003163763529243360696069970540229882311506
16645107516843249419546438740691709333701987501329808132755438099094885597583, 26217166083973444120806400810211433020716791568008893141816139317042099932698
4009544733051973069015684136676941152335050509162584246384327637378618507965, 34941357371563548720214132324449559886494019836536000717749598210029258004148
74117543315318674606044241215455092248982194310418913843144214607556815090529, 15158172130260648732094334749688991612368664310121691469828075831624521743630
60291338341030728670238809734779421281902514426865670396022023033154970697803, 14354087346631227357441163917140571243637950588556131615682473947439666558762
64486244256640337282151193197250372342567835162513969458780866147265608685230, 11469046991335272616220443807912580506647166832564480344324228955772178442416
9029221103108975136174719680109690695711450975930455335008294516864737862138, 64347842563007340914348546420210152170238397970050855450849397868358129219457
18915454228893173301419110458467430991777049611575588356837700548078521274874, 7410869746677707309034031200039377328281789096754666474046085429144993477369
67738252643713055171554633037074378940432304442857657066565220583734786665619, 72171617446319632791695053007963000004950393880475449372257861428117085812887
34102255659827993880198111920362001760240719591779209730863698932968985383419, 36485802076064489042218597463569814086814662710311607061313019647206125045997
50717208504592120503857286027845528886272833897956731780450844323187270344612, 18021631392912959286546585449329699872900910928096281944417509439830551342952
9730016114396848472331528979111575373497129435037487781470821952427672995847, 72978529673691611393181254297882971803403383952780101108391416446189152612894
5509587957257103347135912370843239694840778049466511293998168142761692178379, 62290764425948463650089846773292426535840205735601429061103678498783043544989
52392262320398362645563167358499481415233597177449665319859605823076633166852, 5945523440218909883592125288480396148433528836211476033314813859339069347004
28090096157437833748771088501291103467892375091646207038372408272812416450731, 39232150433647646605951831142167121795334108562565671417221473957844812976803
56438644444631722025110714136970200328064567225161519373178786337050249209823, 74588252717657916075556782736936814038954191578816553835124237873692394356328
17393767153834160982661586522977246367570051167154234279771574016845839928558, 70672649985607881483192762875617762897748461347896644762438161560423451017074
45434572711274897026157855487569166194383746830413785339214593168787207682666, 24402438512731011126179882053993833462177975205114585094386990996586274871011
33782254750259865848869582956324273645826227808830804260943829842407488282863, 36106431109186154380964977720337655090662906186506486934575772372238788392030
48752532036621787497541873130891850555856027158366641915505826617502607944303, 4928304715676983055604288926251528751672678830088160380994288520296622937384
21290427623613561268654778705398389375938614174578738461240147010879024404663, 20079198307516485742594628456078937058017484481539081733753934558427558290771
5528768888724529670888528456066850465574533249919001253098669122348182063755, 65929861238356894823161832077565308153502602503756138294363428329313249047971
26268668518695852473438254390769190768063468328501663443522431662996111496923, 63807679416463247010449729137525467509193391524380840227167320039290675073451
46954934373187084779396413068406019392311582018702396895270063448188761135023, 14260995969357167184828684361161113358631647899181856547695030716913477521063
22474795502408806713569160728426538697974660408156669449331109242700191885514, 70505691641480791921053089780898777209080686158010165625808674326480680349362
59280269904139388124770905290762983107825610410996668496344596199094622185622, 76190599567793351063669987954647376942863490417086077524863588572714154068126
26159975624006700871744507574293880711540135687966851153088840393126801537228, 59178764589976164736250244072298720442706456491269012051097797089281423154486
71868382216389743840524087008871391428311532730219104787181329995029484842281, 54868274292079190736556356645802359533397014141282776948602240461468556554544
57020799497624393794935457377866070275751430591555604063317096306267759346090, 48491381469651580844321720035142969951603957920460852342504812948274434292144
735428389950069870534448926972583409247485753728998824174098381638459297800, 70947594035696803416047052769509674089303343712383638492865055890309219365427
35373949628461471191708790361683351063993053511853502014094852857098706693269, 8069964665027921797653067366006887593561253887925845972352311958203916702742
53908554556834049932529217383230063562141593000320405318268259395179425699335, 28647540020310226575048185995545798318196196106747017411255026660678667436723
7243552028362841712423963348224724290349527185552587640593061006194509832280, 31189724183750764467365650324625828991068269334791353692300883253162913909411
17776146064458077317688437830731459028547579405949678342285177726043957471303, 23650576029476738306189753881343564845057422828743353831902660467808165117738
69929770745169114941736249263071279650681744847530706073400377576582442968424, 27744547993210130253662386243901491226470815827411007119907731313574953795227
23339437858740481854059792646484675316080495713011496664466207981716061675422, 54048027134278654210282147045472780947069476401739106300755738308951278739975
34003699692005802468487784271621540186559038745947361710939059585505212079878, 54537216488638785158427946025165176729420236872577189117102944514814829430157
42271924015476305009144625984432932062677093773734980462070384163041141674027, 22521926980254776091913626568005285407198160910883851589800526545704143794799
26671523995563696964376597842678352835134383305915385144538989868442165199521, 60895120258204379861606755588932879134347605411324168889980367051073435110904
29794575089161025567084280025666565901040461440390622616506332514489113990309, 986226623465500403310020832762436388125257384673982838681291929941993390081
60365285382868562309579480139338764580411558782208391214693658080543116458238, 33823731014623486418409697705146771327762350045924290954132979238067817438254
47273594968691541086966405455020366659072532925254309441540008164659507481458, 44045612054555410800109435896923055282357420110391181904704273357226366822810
28862548451239799138223759296870711643866174613269198735263066561304326535253, 27216897649351917126123812100338275928865349876788592489671459553429937167475
61521657071334593550242123809265366363182007312391898196288125772415017734257, 18578899291388038750655093251108209839441713106378833289909118153534058203724
43032505860958623693734193553736561658106861720452407724735013665249961558738, 384097934873826702874333051687329102199841178159271100574467044276038524124
73330681370191514398387601122645862986527574457411592473435687827700281515908, 6391335743200715581730137171643947553345078976254252642470131221520120692907
