Elliptic Curve: brainpoolP256r1
Field Prime: 76884956397045344220809746629001649093037950200943055203735601445031516197751
Base Point: (63243729749562333355292243550312970334778175571054726587095381623627144114786, 38218615093753523893122277964030810387585405539772602581557831887485717997975)
Polynomial Degree: 6
Polynomial Coefficients: [29, 37, 11, 13, 36, 60, 13]
Public Key: (32727905155209597579786126577150671697800405820817355170875823134491580147936, 6490989736440671468253523904571994588037905830502533602167484459190038079767)
63209819336993487918885845767799533112161940211422156421063785675702388143314, 13395792293019431414379902762905821641269887837687018218717894866932029547336
42976107484970436780947379143866659191572174136307563196503331971662294258836, 56516023566583917990455896506373311409066028199825209955124340727363574650580
31437311576174717763081571168464917947626351156444266769553642176023798363554, 9150051962473540669144969106865490015843593146548043164484004934225153990713
64036139068579654278772929197177511796663667335563198953192501973026205406011, 6703098291276217712575844588405748583758016015412654459644163636172648251989
52650891507909675308788850925153348770016456033693926008001781201277307379928, 60480626614760947892153119571075624825033554226994101564312392030424747217558
14583510501456680270709720985497491460216063402537444979294947935894438466466, 11322894126162807356209299861217108739012417956587318409745572235164784478953
56122211009719370113752166105187848241438528965473419712800668099006314302199, 50512330749475587584820182688239150401540661160575593136567510712283614565711
57758120460155342041175746856562459115884301202400609135400211452213807272765, 65087333040086381230742549521107463277024141962483632182005288761357662364935
57144983831249945741510620224290873966871216837710771165884791311455320885183, 44001245546715056676929645268811589836245577849283395659636104595480938189507
65718290129480941100442394269607131080696374517404679114356283928964307968590, 30326004773728439505725854069179443145696026260973578691634770922423855219589
55015016634498330438686639710425956682077033568822405493460049030594352675459, 51712342503639642965218643355249590915005758428236278760895956318350388071836
45817698894164601866631605202775849670206399989474212226613798461743104591310, 32866458769081986024412390666420267944900379867996947811860604057138835766043
48977553354447200132663118690106944932601436322593001816500918171308473128474, 16438872215070474323999442169736090924150676303280363308583138611324881196926
24205650286372905694143849180683573469673649695510843101669249567146807885912, 57847365649309758892031798112709522407918761671253221464643848543535009193018
57769037767638250080770503251298455403944534230154684679451182781364302279105, 37677481862505990153548647342520085790561923416043343435606735459814566351290
60579756024430718369926451518884903460921090092423595266830042734318309653819, 59591325719386459942494089475663318480574913004833815399731158600874409900715
15659542311775650161382744781551086242872272044311528191401495128911702718687, 47060877335364561433196604026261871219211544299297939281056742865764668263737
23701739003593592478681637506181128794804896972448225057115586401275056798010, 35664261074709608277901196905494721006220561875842954550981902361324058183670
43287704519382242828005929291196481786119017166470101783113606343674834628387, 43069909234464162028764260048666917795614968467613427619164899300279560124099
11526454129294056378330733103367942349190152583351188298645700693572626295042, 27856523267901502447930441764300216532434134188783619639122491494199190961152
72581818954189524270704527193556664750742354061651984490628548363578002201766, 70932734591832941487752545137822593128305933884217656909013882237519819840526
8162741617024658150172184937057802691890250070523060533263830291908390556170, 63488939833145883303750504481518247745828936172616638517961384547531674006303
32212967070098813589211894317449545423303406928430518038807913068861266642322, 30179013746292157590848831818975591255301643049886758612368139338920808260385
60038884889239671487138895874047090431523237901964627488143594768207495906055, 49475151138290104024231345203817543383097562339610239646377594305436096297278
68614031901269479381354153565692188719620064733549609478842449209537669760578, 30882000139857190308373679364549058834938121543738407122879875512057573838457
36882669606838895763929433119482626091160931325253523683186741794672422585838, 56088686168609390965106351910255654913779102809956467064028479472350045617881
29812104589831401736273662603939733568165691670785982711940391936960986285391, 69756108630704456263856710378019884511711305725053414344031379457562349209578
44923409215133720464755556307811598180055072793251296107301639371738044622472, 22194823591921423006587755484968842624569641711050076861791222527880056162828
13623771420730400296109923138035242194960774814832428531838356343032637262107, 63202499815770427772593218440552656145134802962558252561048787970047406503706
61125031018151254393776617006032553859178835081349474285474863851409572336203, 16114455786048131815956438454167910841112887538739018648653541966614023878974
15534063735268864579252127113242750834519593302720721829208215396961338526962, 44388043501609730386500168055099865404737759549800896850172838413169550268224
25269873040252777413491447504849797459293532694841795486975565047154567330716, 9932023107092292425000641388048293403317640591241273548500147870171147325808
56459927838839776518101111491251959306893773227345501488708474445299061744839, 75159331103815471902108014844813479620513021770362182150814904475760805317502
9697800748973442696140207708896164656864065193017491742385505556239156620324, 30286972670182911167738312115295856048977654028213821673502811080253331177640
49188652700121324405220980703252405998284503463167178788658169856395191042259, 65414069331848946974126482726497040108672864485990535797907922939069091142591
60902002687679784542584065265193667929871759999636422937593123567863381963384, 20710333236524827596890746764925109436808736242193758149436283139746456323992
46387682517096057331842949654403227275130863096074673609502428656774481550138, 56640830097004789674742303931948201610485516321889715231050285792935499349161
44838680139658079401333286628152938626384356318015445721402486528418225404555, 11923676669410064116385247786237821377399281076336899107632909382536812024258
33957028488023173823004335454911195797909293935810377436882049922662514397229, 65061851276722238468225447862468858125093272582661082528736446440573617078839
64975842365661702651793740325091274696730715994860214491215220114637744808553, 20168722794351543364576382128237150962591619737492970475754554758522123796704
24655500267261562825876763264952388076325598767044272543847426949198531884939, 22111905302627608841722715777732360582349034958446061877729615737124988866568
34340432715913401359725421327926773894877823820936829220780618253545994310601, 48466574567577445143026745949606987735639722151110638250362577525665545434808
42777630473242365609819661728448610506163289142322645859255610017896664487245, 45274877217284723951305464136805107901019077415334208147603715473410323557925
45941289175954658529553020209132737270400933011092019909039044604997142638989, 31236650472573856644751457324828861352547124789022513041756581344908888160815
75123006801169130412099435462612889994686585845772445530765551983334973496062, 10331270533983879971577466661512591178072253103236663528595012661334981786216
28773164694434940205385929577199249145886980955160321968854468424270891242713, 57646768807546696955032060010328622017962654285538189916825356259026769333566
45508164694966850455738004080239069702084380159636351652930173246804045096184, 36104852096430798551240434159645241571434631783507454224689626663011546117064
65767769701200431962190217351353298589544779034700693737787988833622395132790, 56970519318085469375873143628507683422038052427513738066024858324053423471400
10597335341299465645026675290797421225816728649520631190059151674179209859106, 3157596342841364417885106340195801054922596169756565290429072532928320818520
74090417675132003459524610766549979140621081606627782038953705730480889087838, 40280236059827164971076069365723197231632273255791464531787105824748330226395
40585911053276336510486451334501178754580031034729210707441053140574067159499, 62153478542131387501946102433150060319061595895164928205083314473337859453426
39314967144715216826024089703716086621603034022776498184834387777333609414524, 47250384416198665500157857799625353209292370214404050076043467576272981314789
54258117275095416247151029887257267978983712643382740058950884867705861585364, 28540726095419939156923320454570469204030273226614972883908519340727634655134
56202604333846223330960720518587690583540892956857118376762252205628824919040, 12565685148750676951596488086254887910159794060850565552895277516334591096355
41269500990876952974538183341982645464355821821995329858809250824070532407804, 27655599540548044913613032084154842090250997369034910006781274355299381033598
45646178797612398595846772628412071513535019174687175792330528731772548561654, 441356865155149536671404191248995040333874847405447723113462897455772228458
10795491998732997496039764398931009368918938380028953846042727598466974910480, 60849524022514496094225744963871386467557980730068471649852991884321123052126
21419515507321531854220182190588659697632263779204181069232890558513666319869, 44469881448425999311869588107398122872912225011636358647217336491888128081569
52806890502585672654688336527900236410300651491622867773452797726492267605329, 22926150386020295373492615434169153765388416981163146197976934831370258180411
13373989459581336274583249018103260627469291457680894374879488381675191072545, 20759881884966262019638554364825978408279690482534039795338800074184546191098
2624434969818847372863953284842587026437003603488392602200059024385318587490, 73342535348590758090764678827700940608137782727154020590440696572014373706177
54490616386996796150742937411157229219774797940038988263826758741323184574805, 37879082811593966184521724666032167687288455410646311569983562246036820586519
5425119420471027715372983796544761822139682379529508097787525095846375194702, 74535463692953332371345996144583251608841821962839209169565255441494039449706
22442046872956246525834833663266806504538735353788891258679331809351591326716, 19838943779448384723543787914685042840723304622236797137396887997826318668366
58597660512492803145327203204636764646412275819053535490556076541452365703210, 41393212145436570241175073826393655872882326090318262339536410040434311936523
21771513079539407620859225652525591707939107650069734572470057059060122719386, 74541250717746467020610933786115513632202223116603572170718192534712792545834
42391792475748565847669887686271090320459665188959637605040839351562772784316, 76031860009789155680789884238920137482968449413609770726695420384699619605470
57801769353684681475688153548836906183251660884474136369347086752031312932633, 67547367184718050496599323328464965692012377851674085937515750031679360973487
56535433243972987339308863412035553867363245383738566810574178467266784692032, 49379545179590128162305508362101454567210731506146104086975618314278050282045
414874431646945598775107132336839980164375824175217002251758687905960428667, 12604762631470866165416488904358925179100413745041123744478457965915823108148
30582835581813328468399757658451869804989423882258940686996985628981727592115, 52109517095204210370792343395180624352457301567579664624281943817302392730851
38078940188673294698443476960632087593019251092497992708380240545716906439406, 64191527141986433794062345379075768573206876490311850332616290390182740325197
36707919618386584473115183288954120167914707600905624425165410407967365028358, 76351294205110663229904874307242929638510593010968290172740837334677899098384
53947902857452684991652762034423220131382015612681400375662919385674135152636, 63538019463084388131215818590448994304805836027985384766151330613667682548575
60993288324904301443387353332425652924899898694433139305721163760894686101381, 18561760359376712233340546025677081526386611167394863205678964984686861205810
41480676621957630789303504083896363934471771212885974447190677713997179542006, 55769431395523267954866194334572207673080224106676062498412400757510940642011
58981980779093595351930368840549977724078502958292586212768298000267279914815, 67614664412540147102508790174399971659537013117255177766049721837007740901976
73237964250605171770912116824609864667630958514945116828999058360785794802095, 44388941501161136556661232388571265322698432087774963113712593781667990267400
50890230666587470051003522404554946107489965982141964676012480413378840836355, 290056155855512346074531600621692822134462668783639025425719696598407287101
40156754023635235227476747708700473950023278522799130286551769952922662596525, 27685117073639040698599532639258420571781600052958514031548952248981783930530
3884566667225350510125151089448791610586626963690602357205821123751984693419, 18134363519043578012928386881933381037289438042350953727337043999208158914362
22807298715263043936278923675682262454851648715606080281322207853510153442269, 67240992986184402038422420816765855330655904547356368482025460155344732424507
17227946680354057312568427317418338841632154026184200219233169712152637341960, 47377291613797395370986511461303038923165986397477939994022290410496774448761
49922666742157398206715253077695767840467814059534906210442409714892224377542, 44394667122660686601987700757834032556797255867849091552372541508457950723587
8351138021835175854555771596347569824589562287337934549319404997847335481813, 48065088037943936100855098650377471906913253977006701942176634612696535454759
61663317270375482210749570494024650485107346118602190720565660713587993646445, 76332614758204707894423165515094374004629684498681042150062835554990137834636
13001850007195962464387864408701744770434090912362420826764644274753927983639, 57119894582370931408351123751537600443652799567243683431089529761310071050783
60107423867725622075966516935645976683484317012496731001278005221846089799885, 41977653533286180218051115090643662437465950474172763006616714206130028457354
58108032304026036427969262252114515528930178822876816060323360185632516367749, 49543648153705815468094469063635186077921238218138991991403183509920877049144
60580364177689498441590575915306073876636564912397597741141629578323988327504, 30345865992508141816026693455543095277893758789111113657307272011029564567919
32997007787344445854723437721842441725887685028876123429376068453881467776728, 4405964766056438828844182619255686571092993337418587509891962972602304085376
9982766672244155803904240536041004579501202665686769970977457067405765989282, 51483029242375218189566319117764727398285532477947575912453368107029194391664
46569874671291805709766714568392720390363083555489300786516924635669427553182, 28430271517976190991770819526441982052999166122462220933008057521373828908149
31170281075477655227298126523859301782795356137081963453599631587348630035944, 47538679044665229393066596500437109434776110540106162232041527327980723279083
63139406562898497753463114868646164523539031644603353819292179452361317851779, 12652637670375196504723930390273941794932768883308816807549502017368429853237
29841816381927300072621748528486430772544549251294877745718854578437356209084, 12808064322590719490161846806039974375513338629956448781276601615088763296864
58152829071140631216648807664788008151139602949452831250983873788388121603942, 17237014189942899334181690295183107723511398960137106766454453274890521252208
7601402774788049992093191594141503802596340680448110687236443000319519691867, 45018333100285992641299768491645576453337086701458228055081535890142815465866
31794811898636926774260108174292544088337921690322565716294712055320258031569, 11075544757594319630946954812695905378628596084709301831091869727600956913980
35763477983617279809536472807429029804587692719650574147928007063335076018671, 74335994997529703602480245618499273256602975157997465223875083190238189601374
63127139249892960767816689169195931134654881544415615695235308563020005643366, 45576014325680560570955355601129067599972829526796021666468859288198398724361
49626456960114583325551461140778031693438290869306366086191859276035709378818, 49132371579388131025846575414664287582708689385729197819958485843459958364132
42855175687982294958063187883011535691710420187886279564694735991583859291429, 76227797008121335547299752583824549448571821141202284824228757713344739503201
54445443708751025160287991002801743719724990779960540366123796699470092126722, 20392180056766122791751366248918180269767184197503119673009519722931700989848
44670728312645195569237136281115555843493447718151314406370464570690262012117, 35525924436357908735526068504567133894463994698586095476469435578663420947058
72722538305216908495369854700931711343808701404587656401663827170459580638776, 29649085933507613124047685890218534757784492788472757693198770325799215638698
53704527253045004796822518018865200047803004184633850777957781598638653237210, 70454903742834980438108991546145371721566014588952279928225427317931232056864
3814019969104758835832697163629589708724263963635572736911299375671176166880, 46020604739666021858879878028460309290024807912820138845505388405589565263973
13126991648806610258880495150547364630589281192520159853353003139007587146000, 4271412309625799594013380557151958061490939077989164406844704210497571238494
49367100660659334613037189047856478920349267700302573422601227881941200262913, 70429410120898848459327478076379536630527268560760396438691161943044910718269
58081023393846464860648360417172882662990207854950497011090014791647094256782, 20050061442698964531903651410716707113121962529500443470453878454379435658590
26610316993311821805469619532800163884030437694338359158082220298880314172405, 6968231742961794282387882256423789499771924022651263002127037860774560954794
14546578722167330842746129473405448669875329099973071548858966445565110847392, 5880419036261873754114596246604630654816896922007240590214097348577762088906
20499479972829471800637677197813641468433038308296227682152967563494795011384, 73095792370155092831952892021255474372708420354100706501860746798125056368806
8629610286434945094378340015369678992429306117258459335594710131414939927777, 9708796453679314251996090197006190346082484106223051845658601237224967856570
55596906132356471936605040650963675173307781309579801630047971413222865625549, 61089488064205188037190530965232077199977251728821710227463018221890080211989
76452426785697461725811348943594253167704675722126686574933656935878854062225, 44708208937735709822579065530625647557448419106325635019437338499545831698613
41879796570117499790513998237945233173820191248218198833716265691768926600542, 27579405041926586929485277886658273578547191834490151436526928533598566739856
26572196114906036545136557811064041200522242854364056389564178108279763467223, 57251199147928545635682933892547599484761585198679138034026071899116908903942
54810993617168750013914152769456889490901937252941448038522722533826719226579, 54157902220032475452168421853160495150573836691586616694933347037595657894382
36456833025403338940945393868046688367761707404571161463732325825414132673697, 28631443692375367992506350316157816711401807412431384979332732069680187019351
63176674965679723012111867947308101119236052713891623353285368299156205871374, 59518321674472795896629993201344870625566860587716633746093365381441485267054
55920014528285165179453706848466128815658420338336563916501967336589377996955, 42319317090199429227302681923000841067907744423424926631119155015938272211661
52465135977372907473584788311274997925098737146323197887942984195613013991190, 23094810507955843907820566647657959057691773149843720926939161502623810307445
52969573272201454560367902976221981370756494802375198768434861110204017235996, 69859331069460468424064083319238169900471068327065312607333637962118874636722
38933544044011987283347515862127985604858930885278965959200938627150628113263, 24435061668793368409820554365391039045645967866066679377919088169360088924119
40623931731516202728350398217167216787515101303944836577662769438083579250242, 36182658228913168210777664829968227254764561878422307537371252930838184891562
67854804770033147684490870496869396275166488819205384836680712254062867353910, 6859035521571152246242528427318627491567597818275083801476655830973691279248
15283520833560767422075089279113403028930337065229136454750446377414338693229, 53765935164094752642659962134914895919080243019059722392545857715887924457217
51353100649571107861884243664735702234538237167320423594305738501235028929482, 62017872934239927259079797506299674884290543816868587114298169228611938121608
70097465079082147618571962429870362844963461538015679839484573359783137726974, 8990906865953559744697873275657667291965092246003831511445303972049382712081
5223598027843681688545208478837872984931981088918584754194205867185054780872, 60471263304068994933012393467447440271002893839255647040484493095969914917772
50617223517109283892591308448521960208224932920585161299935153287311939408344, 73534459649234798046027259991501690751006034461603421005352753046526718058977
17704488221292163494497706847503594983059050067055784344440980335422033007875, 13860636913254699705272150825310074237233910004370379436048349985553043370237
45450298740759063531022290488308851660537798974181707737756075248775861842101, 14332121332645743370154072829989137245757583262303549237636176347908541240354
21026726003143930828092753510929250339309317866437088295808475750514551776940, 59167539141454214870413375444436587962348657232394496539764935447093090789860
62911878396324182704191570284097357509044422685056154552260685737030593713388, 73601174423836578625423980430295970450505470245299608863856739077772832881981
50055696962624375464925958751133564419670756379256099058816066331273299339830, 35652394432850746933825448079746094978747605390501919772258556850824477995745
53988956035435378299166634846284313325466427979334252916567466401121517684883, 61512273989412267023721846727214156457022197914187380860044082286310071978169
52450701416212266563026296254781959681419279555086270869542044710218014762983, 69102459405956473570377762287274724550418240846002654917810640070518663079923
10411999859286374424014008539347408710308418433556187286622885134721190013592, 56173699503777844248259016299195576417850317108555240993878179163202643801823
4113335283527896907131636263384719868182756205137897713136303558122143918111, 28679422381312566659910858633471844202679942106298021492027490955130018985997
23096377495065247899012080007230084785962507706081135898279522579982288280864, 44050193548035179922105896979578494641053036803208715690256464268162745473063
13915522394351897678626485473406041996354358079279860762617060168224038942558, 21929102104606935864024898765408273547330449244384847565763870303421510640432
22738673526150321141410376375048262797949411438279587374354461682397365585512, 27412007343859164046438819405797606339844093013362509047544714388277051212501
8043533509085614780682537117929461292702683097569869124532600729137301784407, 61616587157053880340678914441356383050682239856651012332947283276199057417626
62159371806099194555452510108854634514258419688329619208360545370477034675782, 16848264933954532937982343048140171619238671654245079650535711967381857726069
11190870198579902822712529436405721592172132298370855016287601732186029722636, 52566977475895843121846625267456870058986718070255497459444675850942511197540
23010744816184946519822570686779381574797840258469643869133358053633982547841, 6016590503072175774548802401361107189228483588850228761594569850701510754444
11819417979631718315198267689445228411198171492665842529317173296703929902570, 50442418811547054106019419185806218967648020103749573895449015556190506432499
11984265359885370153723071136183944189621472763132205530648119372881406681143, 60250706816970385259660908837912634414737561681029867647335884511971426537428
10286067816832880183076773223966916460330174476403416756329895035388067735855, 61507560006560997720451608060881385540661074266697816610330422337845885777617
11534477424397303479111344672828320297705851083560417962133903830568317213804, 74728653456940680310484179499835293939824101230080972148733827060720189960305
5191492636360012487338242443767842080397828705708279611415335990579158672791, 30236444933012238833183151144231771277629563534932883628576827639411822191281
1437391058787795836643585129047477472006531853264012306995263919451521120522, 16665839878908120570823704616842525774881295506042874047106416999513063008652
20345421507963171701620780492178047453855773815167065644967633116866361866264, 15060583613849819028291972610312718822909614499945623947218000163414069146232
335378159666597085742101552964787874217423194504321663430640184139580369404, 29731145378608823171948419339324396714023677981708435800607901578958873356713
47956316785764687252142363182136754243301114112207767827182794196819449956102, 54907238015335288795093865720469030377051135401790270792832652361264460820157
47106829275826703717653966203830294393782377893459277766233776727801904588801, 60160123472506011633077783832181152944601405273440930381138539888151212200990
9093433698869801585558704720277218125395811593410995908584768874910281150259, 23986233471555101314038779409668521852708065531784758871456940215688982327918
32809990976760278625250138023111883530988237793663539507872908622170084703819, 52731255689786240558717178124027497040942403045016161928062544441169470417058
75043708850282240131970363678915314157902046000626332912683822586495229242523, 57566613507990888945159568940635346280362549576058099180185812437739080000822
