Elliptic Curve: brainpoolP256r1
Field Prime: 76884956397045344220809746629001649093037950200943055203735601445031516197751
Base Point: (63243729749562333355292243550312970334778175571054726587095381623627144114786, 38218615093753523893122277964030810387585405539772602581557831887485717997975)
Polynomial Degree: 10
Polynomial Coefficients: [54, 50, 33, 48, 28, 57, 12, 17, 44, 19, 11]
Public Key: (5917742055226001984167806355752841787501235674776006311337974962176989654363, 75580747985654096080040741551326274663574148948545043546702788285603746721711)
42933708287030387361222359348462674094872687746921712090099754089916555415539, 51817032616289368255188587883219216970320479991445941663274230720016163143805
23228731134689079126206601944152700056567109209667750161786363097771318649344, 44342505008967378331098802789504973397152174472754908685533069355327690918698
45284285246009021324044183682892024081944142808059945184145905693294584307086, 45506166034612642411321085360401091100075926372836504523512197663430708985737
62101141539095284628422219858482854898990479635798583647085772945696876900938, 64497006137594546324180939964045382292487549825038905673135813265549301329549
14317779227194561108992386606869956691573469775801411166956582872546757864769, 76764154619018553744463857227564344488049815554186994724632874059165628806114
40357477263770590897640303999638184632502357474421193614162506008285837214935, 48286517931838598482576495468924310733958560040432542889916996088189621313673
57144983831249945741510620224290873966871216837710771165884791311455320885183, 25758119072603680357694502592889696861202799440770694886381134165177573800817
21158541894749365322910366976152009125039652489846525332672263288348406344981, 76020828364650894474849311254071960985998386380025500462636083916594156414
46126374436261389725662675224462104976408093433316507670678301957913831375765, 10354197783645947992840290963841817015916709128860189169974382781957536965826
25642631507767815422288347577740463263868978386816620796539913688662890928663, 17710145630651294100687913629035182712862605959983187228125885789090388314314
53115933788141495757045610631285830457663185051562668416876204796838715755379, 54757909674346101338914570959932265481803602698999148560759024503955295033164
74593563853065085270147696426886317328177019829607871687342137960457688544134, 50614910042012711976469795497648314514551795204895193291488647370197563113477
12800126066487847117756523225631394122250133905159308501360511039738460096283, 7354431823553395247851125594384949042602537310638275179074533289863293903971
63457151910590240007367790316372230720798878992335291861816800335831736603676, 19787026462504585463498662347419121927751902916708466916786968140696394722107
75193007140733880730876816609776725707098217414787643524931690095776227299218, 7731867769171487776534618759762219045045082965173067655683276708485844479983
47236342113434403105808547926817994997488027609425450986907167045240847835982, 5786362061324458597896118351662345971875423102365954319650305832340333168681
74284952930661536420609323266961612195882319170646249726590302023222855238491, 62199846074296687409604849509675399673661531477452195153039803298408391917578
47621997865724297934118343863337043536240583592793850615164052062249775249139, 53307560516188163695275603595745697435440438460277509186324523056924590609949
67183145506591768768029205034090840912206616614569418682172410063605599281373, 56482117022715183189093807817220583022159474800830568309692528447728258107716
55045356912526579860961917890001920681259925849639011987080097386234847176422, 56128362609425854593388399918729126299853093257604305088071322236308777571440
72370908948731464152564549375243781783164287103400604435180479992299023768778, 32012687171087864463373620291682553225915265987588330722103295034007741663864
23850922676634711920147613331258892257577316997514996545386553405960070004692, 59787677875249003418649049851907699488524894108654990800529352695249644218584
30166500862543957856088304437572200640555908332467911316166619438297725690208, 18873226576225612734939424875369719898024735823499595566195267239736263808131
26227233303605365871928237003571280277256826075129282508656939540012631942178, 28988161533727023887941970588310493748877025992441847723639355158017393645724
47735277971469156492201741300855451372923238358932636678520645248348156171084, 8086906949740277764947773182300512327972812850307098054762566076645446924545
69128431184303462222970049459384649336564930043232614429639565162355516096664, 76171634324330672984820245074184268487075030137484201614389908659092732237565
56685319206427668078905831300087486736890916400568701135030606505880634887469, 40493299442540559825490122366806454402413129931176181655845579116990534872794
29158079339599192589098139605930882966877869586542083966601885865021053317898, 76144729348511711486883056341438750908925772870274651479801258218152027171879
37577912583846408975618166282297889778022341992816509976001689611707013064283, 25927957679471674091452877465858536582883802825782688156325885346839794168882
10867951208560902722850786562321748213372982186194318847095481754710813801048, 53745378061945053877205923675206402819953834849264883664449983282821262861269
62321357047544893462799302966598623886776971466409157267186739114898295023351, 63739866618881865444621818549650274209704725334667500965107749811669309830727
38567856663878059341331456955807724668840889091458642866400953430953004372234, 29554197075325577349439540183258994208576838770548782120239959305020421230859
25154051324978308259598714871618507235684158347853005963061077768965916586857, 36655180506692685758059365629280457702887326239426067280311661927894367896422
59734817195499674775832087698582181447310511302639144579314223133627092012681, 24475646194620385439327731864561617421618881081350768336608881072132135384015
69343308111848611898782286552024244491754290583532578415370396835944333904237, 23063436608526010498664063951461853345745362254925558327050238238535672376002
24106830858047010717964648407290988758655102520383377679622447112672159025598, 23068799900970590365802561631623415885453412086901529710203377307237376583454
30218526513890288842879735579780951183457467235654438355134442532444753738552, 42004286673352962445230140346224764844573058697686493748483533839261954466586
73512151647481073799285324538284323190909279974895365613399123228079543147158, 44620492620596159197209716405315351983929005813052242007780549654892917264068
76577931933983353438829531387519828584875811590874907680279906358286954622300, 28550773162227707068589081497787836160568592702142601271354908144460986712315
60765927475283873934257595989438704158280193129029708947944605523603637821471, 44334224423430751951892547413205954432163508572311449654201109112182645866335
57890097405490380489567210005622174409006752792625501516051719301578809302861, 47438211218427588068274713363535147369122674269651646096198781787752183315975
56283219077409213709265215556527062773691708710615125906926948732183066153661, 67920850671521406313611522734245542173856116009281763383338906208420067428412
12525190704686477709263337023721656362269260550951348493869119454289145155345, 37214984307472498979634750434342141920745391848053962400800455384752511934178
18428034198769802472383086549869558018996871031265221475535641319652320722348, 19963637477980067068115137937066404242116682628155266845391206835083609516355
36948361383558508566737107130754325964214215087299708003443816230178131427616, 58049591604061416094448005609019564845770726242033284611885827844282142407780
60856029891294789692690158442171728388784356370490297237700284307575970953974, 1525948352040028813565740891923611718416136750297085769670712813109388129542
20344319653754385992042338452019769387989592896240150594498869374465782925957, 3205307615137659553482076000282348888351713010783868707604790432620924403475
42519683219112724134396976108105374461781875819898538647329604071935212726238, 27378758710049072586338158547329149309544477111575071301135964659884389350300
42101270691052676575041532748051420497463701566290980166073056113735981664316, 31085274859422395032179663520824863754252134838879208985927270588361582227686
4982429260227978287829964749029349885385715372031665640262749651035433308908, 14632346843887321836209165814505592837370454898259549678960167799068495907773
53308772975391506850063701766118845575113632608536694362333772527101393418546, 14167184365334703066465096929576011743746206998565155431178153623746471120038
28077788923199072486809196000102506014022610914642102072821751829250155356175, 66156509968315949218035873954158322395272208854872812984837553275260459872087
10799508753623572087153005945673723377266700389542120746898640067453475902513, 46157061083447539515493314650623297549317730023047790966768285591396044029524
67079633141397338938628095124546640171025668319044538479964257984594207590317, 3086336445348361336279455126175583541247596624417009892807849047756551879637
47580183388815880273578797942128475590464285561157198739781974549144760409090, 75835061614897373046711096997837278727883904224201542324432334243698748380745
20804133640345613245758875091929424558854865823003765996172127227241656806646, 75887198803413057969117903165165456204474530088668462223497985780305080504743
22788085808382229417329505103568019387597612444143511127614534078217942714004, 7025177343031522289566806135417907838305177591506753055723030779740374758271
16921116211659197683558124106307109057265596684361360596648662439905116457188, 7623401028193123809373005927663749701424111554577957255283700370771845043402
40752107499254103500762943285253096617620621200435794035670390467500035376055, 69034729860256927279360204277677077581831165823476254035041081109427303370167
3225433978976737925639364574332601790035212970726879613845695768240032757479, 24056934342331458014528515884680481330613313568971188721659798510738938424242
63069131747613291045875148786147047556587338871710316616513368985259379416731, 17780301033304695462899074892983179273608112472193157143449867324703881939184
76702892535488107882156914833069726588432327912992989245621076655522091959202, 31924461413692403727409773458657409212330211992545440640719307198729946320500
73104577012322311740676722996593586424825333466640503429310021707472097602097, 69068332752446897612070357388695331099220772822584458980154182180181570401365
16560250411839426237965795626574544980099700411421804897845285664112730483484, 21018000716077170093953757602070953585936615704335557958184089021384741910764
70968359661540369240361515917392069524530350413421334664286039721646760161012, 26576149788822131021247554448630128385143692376383369488788653943348315752375
9986359864123445353171224557455553347301233497091331724219501383439373340960, 9092550375926703823872832266982863484127444994299957930893793137848005508397
55287104491911896934764491934547907602627236632419386159650714786035008023313, 52824195313600019226730543107667918312037808261926815145645719519638425672869
76051881096720860038351444020464327262052823085376505290105455013391411599310, 68349130769193849228647030098509948263309175246922722733308117536785893833930
59464448926684210595874423751375029833138584607796008677868693071120258379529, 53619738679798262467074098609026019245844864917972974066437181989547882129081
9718575711266493738175570384801105760669202170483726512656801294774377536986, 5327653431968687773515742240032777025347405375238157484131086961400790894062
22793628163394879665836151385400402156267843223581718925276531428483630322914, 32006231564143718178205623366693355097528776044558113981725260524402075094218
25718469249472704330842027524802708833006979141097905344150287966243840536582, 32951018596262959229058302890637997252707300029452793112308115974485877081218
18084020788019599174800275017007663673461036795807921317961530430261252206665, 72674552280208295912180359856761921060392458333445746499671163989166093203885
16392692631570030553663092058882836620898649729654786760016036662058142012456, 24467218741925324164481260071581166424238820872685112998923911968295689776849
32821377662618680548934320764454312645492327369289412801919507205852140722740, 47229628753961841673444172587216559682669087754294966509557206125596389702149
41749600258249293679245970930062342720898142011104970158287312283894357305165, 39145728064581837718455949384771591429556179655399571064889871230925248520325
12673629278375650904749197098680914043351945456639442916521579676226105563810, 44634403116369429305600889656272634638391153236221481460458657284111117769792
31247546158448278744668957257981639974257466869669262913127137771731371623608, 75701795291059983354442743908462016006866826868525939595001100185599793301886
30592624398522686621765213362799645617674862338541426543142046093792364743649, 46712801271237810683810114296443543280445302866496042421956550312882865756711
12099309557330650644214205494594213882526336486359048891665670460974911668080, 16836842655803023310129097429859657641189435880305581187231937786563280600270
26918278520883297979983232894051845575469325660675362044998589010822199384517, 11740785010146837040658938174984620308851434696446807492384279889622203130134
8159055843538222721328575159726250566949255872155110946160348007966177500281, 66365799268040873918539990567141092872203406922384852412154487593980024915798
33306730701519300538278645221798141165195306291794603692929616161542825547517, 27924207743492477491017091652342243644197056538324796610262883558687618969023
64452422680853522245241533415696099969482971531733696004374704385810759794488, 72871446959947577753313710520731305695043905861553559121928535470196325533779
61372608325743309290314192334418619259100067921013105957694283138121152717691, 4689657251384679221538176979726823849070708907100714459607691423064189409934
67788740681878134850373543096927181440321385554405170189692788476516200099994, 49685675126101664903488727016143319776913553261456595368891947987384733239830
71233391050644797148056934702464996122102272916542605677640990686933196149333, 69246572941417573680113353119161126333186425344120944292197238031700569038510
61757769763425566593802513478945459638944218015986562983044309261698335781366, 44950104798186044469133010955758132433386749605857136427931127915526681196413
22422251085571839989156773110813143868391886034029240548981518279556079096258, 1087296311081174431563223280795224763973330169366302733479848096391024376402
50701712012760493758098707495677515587069233480062620664663992225764265311411, 34836328617292276719963908891644723546756011049299610722534526538382788355532
15659542311775650161382744781551086242872272044311528191401495128911702718687, 47453869325077479896191878713010030175756176750251272721731721116483724493592
66718432385714645859450634120755861992203151196435930151236347905029386859295, 18330239590556648234469197642254687663572544619130591323506963974631926207781
63704889180506797448095134316731834165799712810233599572578798273950894476861, 48371906415822711984716976460427582270654665312785663619592262926455162621421
56242403798784078473746863324061392464085798383715167759397063602303835858905, 68097032014547960393941401988792416843962656879938594861380565837808666435971
73241191060561325334566971337650052548477370814039295931924974683152416791018, 76155368140617100967224652608647764358322586366770262437904288961438445312733
41385667568113541406418601655451076215684497008015253153125380280508409876823, 61803034657816040060659525869731557975248394243544617331336534135595172133468
73767606006709020783051862263030040211463387110865952611729492676189174756641, 42158598594395489848305152721784442923552895692013972825057340418672487932101
11526454129294056378330733103367942349190152583351188298645700693572626295042, 54932336707778175468007116406688330902827898538648007786361472649930707972730
10764387438598806137341452900002554226891448064421200498782430877146772093379, 41980567380136891494799746143307730320741426879843345258453467839556580433587
53283366840553911794362154481034546450177589807635697964450813084410828398228, 71606872442135662817988743236317735913447803042901331826563940249501485911339
23421837264475376363038028982420618768872016479729496242278116899629644840708, 25140265088021128449381460217123787028737882210167673976570716386874154306653
57173280242814000141327945457590790233599740287079669524585479006629337583070, 59293806397179123357222698329683696848983703340390386200766651326560746741477
31427598760539804154355152615307237460280904148060254219794545176621972341054, 8733357248795532688640376984945189130346629625479279618920451761073678306695
35574013659472932556623273347093335383712675138289598169679036358413746700573, 23956301604815067694599382496796669504415341454610212397270670752677822858995
67642343486656738665118309235041711405822805057650282645933725102035332256728, 71160463789807403338157564535605651297503006904083741740694191801479415376094
70359891346462746971663310973932387696923825212289013255261019926938065052791, 37336350773238180472617116601395766525711529312641652786534817320067186880556
15350795950386542862001473443490018936787119378842289749419858357536131502011, 34713109823163236893297500105700779602137358027776019891003871079214914179954
10712284141931782869633619409719241757323908658185368972433097445815870174697, 5584856664766347707901613875370637221117622393291850825971839009036531408359
4697088367873034109980281914119948558242176306842960220932076445571927461305, 69629341595019781261329276201388579397231976529045961504593242718574246526978
42424919655122925467885691666007477783667497506940740792615893684382696974992, 43448636586019982991953857995686553796673764176363686112484867785672822278133
54436968778263597736159878889773801007350723404264402162887824123961806713354, 20814549622133065496129471240840472829333174216161073068870081151166743032968
69937254505125317763383906508004986880556401964699716803896643073452162337245, 3147326707234240821031478145229239387482646924436175770708533597625246273116
18656446941751535498019970371778956595359171362603791321013131768590478373398, 54096624816636671473322531512286706517536254277666085382662096802399570616284
45346629824838044092719154715476156440467814125072617549140468642022351538052, 13752085612416397269769120410417621925334781212449622031407011138156782414203
76044863486923127157310158778418813198760743865244622487659578121301750800298, 34354606236247297261435923122604321816123650556165880740335918305963194304075
72747167388057090628747937996893312975373029779393061508947246595706484047337, 66481554855664238607824266259151540968173022556933898060367962224066167010499
41607079301953370558252724516125510199097720346578189969167962538277248844918, 75796631938616598913701625950140686489394510363702323771038034532519802986506
71114242234299202251337251669276961945204827837811497974986968115810815457515, 64713280420898463273638009586453374343788410590840223154726885381134038403430
65382247098918879668595406838612620384318557433235754374046529303499137690323, 28580548156702432580021066566379391109877398565971422591764873417280227981076
64561265717783573521068301949053291313477819881262862838364930122767749578302, 34197373782939079225236980223776824049988516776347044147322029390970715928406
12994145513113458244986298184142319746799053468635428897811559666733581460943, 31563280037118420152880583857001403307960606557091312416707735046681627819352
33871053293324680599067591744578525215022460231062316219030986752702200971056, 42207802129094277517633310622423664535968327664710428020934092739955747216008
23495619920365579567881283786384951916526025557423238567250203934594369163004, 16723800374592490697767275657307708403587193370667242880539961306907416533199
30642142819412771307945842815786549021449736199468988138376062559953351580469, 8718571912487920580504821717435587208164909554152886820512329708608336127677
74735319700656763418440284874472881550668689831795460914063409298497625835739, 9386216749513560404983636373754985200800682844780025171598456916796967088471
8898090595337400983361332264668640978461600619805468534436439879828651899563, 48061246535364792116300063800733119496249775188495858003265446918362563524620
76339636842074424779247559848125296010771066108868792419353262276705826625432, 39354781544744217653080805977026508935099350942589862605047617952956448716580
63708938838791272544097388061652520817540034235848168259697372014128373961376, 13543369441821685930685101065340277455706796928840759200431811794836915639933
8274857554307870817927505757093074486682734708347315931037314930270841788892, 23667133082504121270227354317387521885856982219366257987492214355894068984025
54370103075734966455264573988350384444444357919488258517488256723753077788618, 56087897187753087692913358557458379038825898053364263626609363525420796863927
4835013178580643335112393396641052845210787859583308122053736221735854736910, 62506471522388889919890342359074038507258675893771087092360667284480769341512
4374193651262112482550147651459436110974455916062563515950031848690213745346, 42649238365609448658237990705445445294290031718418202605197090659067405817302
1870252645477672847815279215312356873928003511401909087463437774173345923433, 74921122264396648107636982207092357402318227887925560325259424806825471223871
28153424006691378495597289789137654551087181429078516598552420036726895857614, 20944523523806356494633651552292538921538385132789211034760190180578371057384
60243648227856357549043720555843690912759997481919426268074522854320594902978, 59920365056781530961987165875943823539083809875214731975285882058392060005087
37481265086440213384246100193435246514485112894909001287168576423322967030620, 76380789208691154261372060621517952233696428388098542830019769472297410661343
59205681460238119299263085901160809942465504008737300403088927311114142118109, 3049139923506736002344091834551175841041856128699208486803147351309447690460
52976704936371546347472295125660239167111512238782325396755726552131512655138, 59873634263181451243736932605808759981698685374334721524534402606731380635918
64490341455078020924431049662256346872498607575542477381189482859911207975065, 72080547963955833823953299016542647806339329213669306825865630782833360479990
61691366562972388522651392159836483308891918578262118191369573608808090954759, 11071898296586559341306170636898897010546492828173257640961016837734444014702
42222678843596699426278126150479033026391340908518251065687224255142554696061, 31786950621921268207763660838339992163958115394788845984235530406357867210943
65736254411268338565384892637261954577214684980754474086783074636524595267725, 25631583755544459877143759891336580379442019659333768246255977636536587321768
49950504209705530637228054907434458052681349052300856004500093967954538551050, 4228425538053922913484264164399760474639106190698514627917896844328188276183
49732870286302050440131513414051994434545944239060440814159008163973798931335, 63914605160878213774511312600109335697404936484433766166033256243960871127403
17578194858575905181713713669667007399000896495948382047561044747832489868118, 9620266027529803789094873576284854429460444915174763677373582195025815110877
23147721880030453151763444508773042589502733717392117563632450446921945915743, 64869488080880657453404759238338996053867789793280132380155203014009228982808
52229574040973599043344181202785459545455462508513557445711619665723999943650, 54892672015999657084813708592034611671789800099571783438225398309397881327934
14991756428627506792918335175072365814845396751867331716724496706387118325727, 40942589659750614730600943316752480524200847381111638434792541330057785272143
49605775728470704445906855660736038933046964825235563634737355605964065916240, 40271769236996421088793998319353516923731800720749212985275221387852031705378
39887257914633650997594703451236142855331117989504095236956857202120335877328, 26102193283899560107167180326539890649820410693973114609042101352065339202718
46848148589890418240362086102574368643849125831721185407777247552827033984834, 26712528467015263708557319734931700720986866952184940486883571544046142743369
27792925908228499032323133350741541572418365355158655162335996334982305544852, 11479591202357632827242873266907392223549645971343055676180047129591022938425
46498969109600584666687521107784094937935297197556041640717760806158633790020, 72210986829902148687983183880943798344926620387732901006816962857232879976980
42265388945292621896259132833179872535133375937280154382208595620420082163680, 15163563153376217175652113508807873013100049749091717516957176100664839207521
76551506931244171398311249213831889532083684819438161919538278581560073800652, 45889703770388636092697758818987427621043576450431938886603554839972622353028
2976267851651155773107801270630057595314379066274327608934130201770981741386, 41738645037850203967918833889115374272819242282708487786579745034214311602256
41988540339338715090971437752226106743504573523143907092120786999863070943944, 67142528115859926280562996464720732026920265537175997987125723545979423939526
25542233844056981356627650492924190496622339440064989324310527615552636847512, 48418946241884663401017742888689442186274579038412793141140837472958054844014
59765226325159327737814774156919298606692012862953841505822386344120552359748, 4103352972660435530086583717374871906235506541420062200625826298519168105166
65319958083472816550271181348608864430701910708655436969000910681629213485191, 34817412660417271401985664459936010583554078789770561597710989155357514413701
66555124822139447565161678024903229815892231345383116832141620347098914506624, 60047398002691443961804715442802009058826088923983487175848899154745140727803
25178328617819836659307512268511904676934328179977790730188980536844464871345, 53530544540453152434515293576294736554460292741808664387233002104650221098635
14319915160718391678425720602413668935908287033240434911875528412386000192808, 55159247450792842532399421502297121866028592980866225861889626024067635721936
47565795093582389402250813863229126404213949879783404399902975831110865845863, 19896149969921872218737729600730664847931893777877102905047794276023318778453
11696470471570041986597844776566587154265039726112158664057763766413835300796, 68251664453006025258192986616340111083498758957522273441299741837345538533466
12376099425528316158929008027906326197020192007434651642885459963924526899032, 50702495593416967721170059741538820349756369827657834771166676017508218573634
12442465416478750336884597160525314809608870419430971929764268081566504980159, 5287972947970682502421818332701057159044487584618059096406060615959017555725
2380951846214585952976885044458328346457330664679238793167509306790123273824, 2435706380849422344314873545980407680150309809158314598660206903155331123893
58157232346251649404673116448081370534227922315511782698836621452457614638097, 12451995036303185231788692449218244651268484380270818219675061142578299769242
5569286645165332988498313060042700742974355014155433665178537995145454847920, 63446426181540276040632167048109165773407761440539290814374446940743287531511
37509434814543234441251233931650424150570692429101466742381387067065377879006, 60453045712279745071123137173879394252905618890246480753877564489182416452926
10846236038398845554975616063247047592635489937675114891055136318447325243262, 22803196936068687312833812958182069753304009442324415654621388248705571081538
25887303912788408058666097988740115385566095495764461482163351326588507956045, 73250366509319737227180113771854748412943401955992228813855272499291456285275
67098668189465035415680278387061381192244791641458003797031049128775937962078, 50720941986346108863248793443408617090368488271702991037098350089524939766791
34130137218291029640819663026654838004807356803201156097281557946147536318951, 3609178550298698945649549930420311901263514736375448136371850247944986782999
35973024904155799380927866412516401799219694370619489947828483876282583868465, 76851140284033887594480985710228733369257555446236475839001135116263238772268
19185461477383910721877236318948957707533983915180502460880510595893598835057, 75353315414670457002542730287733084616812811804780308671080486745564215772604
68651877295193407432304501122553023034943322099927106108317628843726855150545, 76287130882059421592925716398577414872394032142844578361877578293798312819179
66426945450952416639923394881507762624419023500243681832092029919571904430440, 28425793514609878768097907706553631218429802462903010278816937811997818785260
21330876958220974661055902600628563817861952428893393494612076443316223826361, 38227541315157527875140821031808740369253468817474892716380872942852477717376
16273916100845627320638397807490078624655252999898427021159983934981158814908, 70300187337348068819108006801669639408650677810829950355910432189373338045273
43447658010226892000660580061536571893503186745497597051465317664213025878238, 20834040144631327338604625905190646478843771776303649688406736535056209499483
31360942768531249189678668430123370512177171712238242377859307607029624470793, 24716677971927785535535346560057938231383442059466681882250166649960613142716
64786568059303989815078951576910210700782772873120256957658016475441547551970, 32960317333051673500118227013052839958099111719122524794484522443588587244025
58734125412227230066765301979580701733622951506232358871048708707381830497141, 11820349489225722864035939562780805746361155725420198362294846346949557549870
71808175688679731766646432531414404186693144652299349822893186461945778665616, 43268579402747802849843543358877453181356090103850974789470921016174458997891
24022652159860657065954169551893196152522049632246280445411354964043009571715, 22830693873059392037533766844778371938042740382988120872941908981770087826669
43719517377077479255976890949911877197079500870253764104132971416778206748963, 28519314698247277095199768788794314758613803478331518211304381099440818568111
72349651135215094966296388909805497495400530989990742591011046246984467548064, 61004354112188406460326812832059956310745914869963823301539063034516513831612
66786998667513187383211230936038132260353214269311720546508160315439487899040, 57408380002116334285374349453804922894573023511334383211648857060762510530343
19267929279324222462370791311297863530147705892274508853780487225881950462682, 59933288186106956736968646368833384350044405157981745763743998735202863788887
24420049974324981369272505759875558490492918457333987953033003316223076761442, 2032486151147738517718301153704158580462508145989951906675169030930101570042
56130033472601163969043829343096210387751362503856187692549422312077719631572, 13478159021550163638012652424001195443578300110911289889177989506084368548298
64306558867592597724483005158090899440648148706720229519725919278631018832568, 11974586435745456851083193424130752154002987387298670834874360806175948859226
46974043253457413097851053205776388536552232580864302402004380690229240584898, 34593159303360894415008236051134707750114335605170993229779396522456103093791
35898163248109448658030556962261677033135187537341102339202546712266898864757, 15797416655487255239990444788207590593775829505859778794943334274486738562498
66973014841482462554434939198753326127614254676098881569514771887960582387480, 67816514951998820452238930411703525509613917439001420067045424815680221189554
64544147300681740600036381823759008249516876421901673734839663732935549629765, 59588244085295999523858564298385620579435771451975101340790700805858556514086
18830033675974805795636582151654279083049105839282465035318050131001115712957, 31061351335483590395827213695607241604717797607090169759737351856454670939755
53860850626583110383422603356581774177811443231853973419021816267032203687410, 64915753077639136918476411933814735106619781133690589564717193892634710449848
40589634575055004721030134404236124669751408553304712586282276545631733731238, 21873306110248612717670765450211462092325761228248844639130320765813646293052
1171672548100474054513710508698379727303072529152529763886990314217733168627, 58050399198263410545354658207691681477414962798489176968949512710939094391302
51541989146738132017862358326601593445695147643491295030292322150614893765408, 3188502969073177428387483526764826517599177317550983282339627512174476375342
32499626710068997588567090659677528034542218453130620471230306599907693202678, 54491705800176552053763592960178229891543806181588519745255330011568596733582
18697045917885587196398221496106602974499311478705806696881750705570252992705, 43393693346442469322075294410753097648177316354760984503666123731443433682730
22466186117030163722229557914542884324369703977527681051473240713500898245622, 26728018960853786033889969034234243698103256426304097343716033929105966146512
23191526677286779159549033986596448008149966351501122804498312567100160532048, 29153710848210650797395404027406936255122823338067009974361264688873389203181
74497134511415591209758602584111796167296521381252575214410872932702846341294, 22499904931670367601312039720959814205965114489420994249591919782243548867983
67138411301230575667740850854582548134149990834939901811191775786426923185743, 74925415063571987675036579371352082256652520013340903094743763522270040675758
14187920158981029979045836772451119205490439091962747911096788656734710034146, 52994744472893861011579460051556456102179549601072418204570431191556789806050
70954305997918512322137350242424221871716523419242559767489089491382911908130, 16805024384497948011528427447350863175190401412565411679094076511514053175317
59375760399338447997604842433821866872293860772137091235636638166133795427123, 70306059575102266093588500850594769476352448944876449294880279331614999133049
7830204226540553323123176212405268146292922407700448686034032781833970806910, 72304966418791548839812390207700720086830602690537343306223270988637070128811
70005305680732915348183362404919939478310728528385762409437521213836481781821, 69993689697831852887791070839505090530244574476963972892436163513786253232497
23161751832279412247446713002555040213577854848353689568571214408747649097806, 9882804305108805407470115746169239881580761780862758264860559733278400936432
50371595357350588680138440557571831349826240294503730584984275231377981302650, 48410558096928835177807322616897377927182028271419293140862760331337519146076
39658673196630230349061603011260133155704709170314736647277827783607620289336, 42975408170522536634369682364151243252043020841737786329825948737649995996711
41226351751194739499782223948501264438871973884393975162561883595026549562512, 60705367099818776064723786028247611127545792514313788998583047723233751921010
33043224544430489371623731216534877424122805828425252700376950910139156671987, 37208546447477949929277286645489842116400749449758759721105877529850799619732
42744079726157022670924303430823242444196700048598232214673764421491178965857, 13550557687933116870706634643847223312900775593302855457969917751906521659533
1290667378280303596197617826655980806156813652262241467793188362222951041652, 21058534483160160532324609873278065786415895085375340583476612569448202610818
55353194000799896375544258369615292849103764190426489309599244758992186924485, 44849596289391904886212215435995681007811709550044295702837042307416212654472
40317880997947447759506874197823037574824399685253149713720791214788248535258, 72727944397345024448741981518873047393639910361582906312880409705188119210206
64991440126053871324605355923421574929628154853665912869287902790136387272623, 55765909378213464274985297355614109564029292879970123104849385971349485978443
61665480379587997254501140165441215152674420088330205104303780900850387646329, 64172218259160117288318773434959437489732350304151593082208901489961177736096
42925824795883872435675963528538336260005189512972867223043956738503211054167, 41955991598230953904530927518009179390512903286128957940166318220268527431218
42230837775713385650779305783915330748759209857679481209175076175956085894726, 26024714159348062069279962160816797513114940772633757485503586072181988949678
50957295408350462654289502451895176736900107625214058263135098251283603118785, 49967017644613059879463035058193147877180802085636676337989006081587078109904
75774582958828778803407449489415435570567422512025457725994392202959982724781, 75634741756589551921169098745992959485464220584018104370898847032805336373199
55506471320970930393798725443079984247827748691455754749744444339268241909193, 68837705683830080048175316361619740874204609701302522137637169891599572360854
41623395491119583873676674658973032797896886779262923473540976031066286907133, 61052578839833821072596909581202024106494904914847138763885682027488100542479
25229299749311957466698671537350274177112147219738386586241820327467607553757, 57287681733791475294221165940082068323684029327205213325515388289567527437449
1931869851072029408042750758369372797563283980632816082843753874739441748551, 64118258911017218258123080697466858741041146333361554918794404792845467801635
9677565407246673005295378915889055317243995837631644213938019545211487542748, 70302005537173030382861806475720542747532096890980766919099039350023735690497
50914322150426051715287683072956328161737742871888322878327647247036396089736, 2222847944626805399526829701408150296661850947199047861400284778981243543272
20607310350632260000055419919881497586938407612016301975126326174915157047178, 6631757390942313035013471464647040479828152595105844672016929652540768070392
51220100168613929627985000900174443579743658434208361711735346745221939960090, 25734940624417943318785730136006375641715239696993865535964901072040269086979
61922925347842778376816057490979951557372218205824320279593129119736636099547, 13344406986988318197229398548181267117170365566404591567026796015481524103376
51458819937448879571599034741090133384848937459932204282797439955914542625473, 31617292745274648100084336820031169596332963474887754424560957752229683886146
11701654944432491157379628726370589840427253140578502048508352123087386209412, 57978945831485368211848399149246176523230778543403913703988115028797453439227
66779010032595462392829288792843340858894627603658713642858809036172375529586, 15984045198865277441819920325010384937946575861647718183582869202244503967512
55804337253848850200978795160835637286238246996940667753968294595421230063038, 17159214515753735654079309197135177698238916865250118007174876672696780777670
30390599992194632820960986396168988649666880415090061806484263949932787555404, 2488380083877961047067649932219300648500095641662118223910015707176359005487
31007499963734521875934000055735546361570798029343667788431010250348008857954, 38599736812834778391236092807619854709860529125735166157738905960267861181381
24177133786556854658103186780174009852621034268495441347685298334266292152952, 68222969685737124299062869668301296636526095722939648407945412961366851389593
45836545381480707321793700407556977814479370643600745598220979450190277371605, 8169512062832723162641108008898026518819060222591139247326892587903829524706
46355019586185182123521884619135651345650030656156198345799228524783651710153, 2364507195788546155472501273872701286690267344915803904752453773208303251533
30719906249845750810166950071062977274118656724705480576233808041822367542873, 42933462320894268561641880183739399348647169149152112427720328829154840030254
4260337648234152051827145462100573584357560192384982295255859952147467352467, 40750877362699087856708728955343859292714749214465535865172614734487866785761
67130361185371433050347411995239028659598371144271620605875006837786621198890, 45074641790482742159598633725408042644849574216158687402508641714286944492349
72489998283004531378644471385574336161153038199113058516379175565386039802146, 57672362424808689401416371454754272138597321016768464877142268167583485094575
24872015612813180280255500250826575145754346801904839095097937031636317702811, 32557595812081421126924641934537804964195102148884906512902905494653050988538
60047676450248233949788986420691104562070178462723805823243996026682667363639, 13396682195310031690014845235131095159947510726928451100511888159990077357378
2523402564415523142693773367284042868335010842424287879419087116036919930389, 43470744620347790463885997197905107621504315429554059747139756276978111118401
71197408867688791620306767686326713406815631188492753375628721768626002259847, 44069695414859537710568666438198476047794485634223033116337639725767035739801
22901805741206855677394316852043980602970309975747029962018505304349570101002, 57988102186153620991114562981194349861589596569894849700699539895758237538533
26744905876837795564990039048375382940269838190050493715624383366156532200057, 24670211927469280275662491215221710296785141567381273007435219277895480715178
66177531164362046780866570791490962392499366755592354660551143474238139607750, 48213002533467619493002690466160551159324677759197155124540887776008142759419
63731369375437824932365702843104130694660301233825721253729178185077331144876, 44395037120975421706972518856164091912908896322994938617190292826576150125591
31893428059372797774704207754593112213745552371344895147800278330717759090971, 37114942348587276953890658140800674795875240635327146319340115012158160960773
13907810341991510085246975829506176357940390952854403389204932004214616923294, 22089194859160054071599570467452663639823768061529133205884926727779936326955
55036491957282724462220008776742388361683518735499453678201830530656514820709, 17148372895186488992771907099005348183181856393265016603517440425459626762753
69186493159550636100665572020530894239071121913310006704529719366584223619416, 76868559332268949349441539621442174238564868168478411937174495558691414958145
28345726209997221789394201370453654401125114675015197211604270074582445908324, 5555188131925851116667506565660456310425880355566616148478903181937305446990
38464287289858857498989563420001481833788028185655024632569464166273084066523, 36432956933902348803209066897284761836793882136284005325303540627353785359535
29780895256023706619322184687897627232439358912139687789078050419416100355408, 1551383297380073257446257207716562140756545735113230221735104830422425976251
38815411163474884553728739829483596296334727422471823221755032572758989884513, 40745597913287027462494805659414266704510592730199252348697341976130390904679
24558563491810022721332214260986826426427551744343365662297847204439594978516, 24481250978386043000047719156513342897046233070920869571802115060445420268786
52459845016687578751683481921565880550378298250491632252735682711888053084609, 76210645400595877021047761611037315869510962118700373412613133685689827094212
15103207847842403219227531474651824073017617064242171755157982736476774577003, 12462458097452873916054861130455496263089847677415340996784210141289165505125
63409625829629524232976599266692105438793712286258228468346483239787527720903, 13169512213466504795092969057225543221399436493026851954101349665615337525833
76093618873277249663324511250162430433539073981167056834465115321310129969748, 44422605731107287917268191583088840347423559498226927997695415873703868650492
30584306250570955030415863129968941516088362947361460828788060486141667811267, 72592946325541351098406513944265643088452532758723260031781613793662017432631
19538789853451790857574315070389751529534686736569596449726327985588833515391, 71193705180016716370281126531594426695733072994596075323649842494079639462391
49423287084941628861970333215348644997006898294769023810931719358635707551098, 14653227970958120811595712926267667995525175201305958008745086891950512741192
31676298714929643683118570583587949310921663295519334658824158735072342219899, 28963504239744821651846270796515384913594418415424179816497324201663856862238
32585330924663883633852720822713317119177035914849476668311822276381718015042, 60047935026660163725494137057058582013619905135620285182773224545820753165536
61775837531995269243352713467325760150593383332332456607501322926996353135550, 14501685554343339306492806152183322303100414014259842283423800987713485880445
50697025503323963190966215415201164514280402333465482823717107720793018997883, 32772890002900429975624417307666135753780821660935877833592477831263032220967
38363605988870360118773463263035490166223944522501132260227040737523927575630, 20538313865600626701875719091497842998166787744188369394748867275264272951984
793413171462716170559483295950691188230612116645222857242985558554879708954, 68413860843263182105938161939050085575611344127640153954154281479511965501831
25047713978410557339653671529467769822597326568025862266110950250759051595530, 40630568795979152626231483392523098235472377578046514570477178531100739680057
36280505266105503769380556289630982667380533210824578719685689088253103615429, 73738109286672788688739537269300438463695348926218812515068550101827222464442
12569116126697585240775125199885380430541309740857436075114100251420848624826, 35535962688305878905464969800152851540275329918618136043034406358562483265329
18285288486710348243231233344509481880365337917984003068150517203519507543893, 75312497126364047856368444289551967280066293677332343471819570371308739033568
59199590991662453294964047685711965139972724538868156652771309921809912859558, 50456196640165174272184430378268511477845269942213986543722925310346296108194
26632749358340296180885568038780194510165039619024144748303145473032983640827, 1918623017752262456813735897164179671035992575813578341153372044052172609078
4029350906188015847647494101564082581842920634544858993130826685130385137767, 24472583022843450176271958557827000958647283054304842655947938787524339750065
49483472834573396826475829886327275506135846265241991067974589684320001657385, 67993732043629878463101636582210258322120636638226901341744201676794317019624
19378334422513057021925543252306961626075961661856587432034685947014780952654, 41703747882130998835582878339219906781566045369706378104059946101865670981075
61931229012163445216093833958972172251995397387482497021133772754941554573748, 25585313303352047208163857896654712521151715298766759683280356547824719245319
72147280521653338580529460611462674313946996139448171681287741613156239876480, 66562720327187441886826414504818459313955221587991203033140837936782970508788
11395819507522217530108603915797404790450623366319521726103513667181395802911, 28046158722438728959266402940210028509146060956177679658611292061653061527292
72548746144291037126697303741021773843595090918889264687162548098239407107854, 9555196799445129877247001210835317693805341800524044015321268490313969314050
48677378379111623024187654607083735091713590893934221854404826867728709989299, 45518631931370474452024763652780217231599952413655872662793093867573664136645
4202915828093414300077360585013678032148424351401361148159479012598711916216, 52493689694318093620548169292059064274320888651108067187785853599715413244784
65536915576117389542252652351716918241640950543373929014784494694328726643348, 1585317626667748860944995613758956002433143986318652727150079721427750583089
43880086741950417785515871310924667221247096753897934406455381380065865335955, 33752773378959262755263738858634288453249706768477196520785478187631975101041
54982956499897262546272406396194673075698101716034365113001816904004133595473, 18638845052870485190282340809809527492865841112395331318574342741333408910956
29789705450289566126450035469014456346161824281551639282415130330610994012614, 36280989397070626387308639066153026167435567557648662305862192315431869738852
70322728837941212244124129498349116254336067074686000926370242851190913845559, 12509089522751465833445319842062109750846777987708698637259782715459058113574
19182163774325876027268513424842245096573739033193640657349964744404884859778, 4924376830102795067915259620704141039059362520651942324520452877644736191944
36078797089525346580249093818476956918690559198885156026674809865960454084197, 59361728068090096688396869131968225348404638562792949863600348388339338334695
66004949518049363930898822468103576728614465541642759729769921217958916086101, 46324820826570918583079025448509887426280963624934937492103305586719287292877
24473582765402957240019470990013070326346945990036960026332731449801518369743, 30288241304897919721131723071230697665297034706069224556363758906006180557009
37256716699751257542695556780981496249745383429754567520599895187010660759808, 67463991930971768238666501878710108147335924686911457706843396239956569877222
49321502285955090512626757824109751789943111852242517005214221930960495515262, 75763418927367790352499782383245939536100785723074513193431402908647797422135
59475447135421802287463283668527405160017297574336740223401643649582986507828, 52096376966440685312248161511750783369032161998001827026621156055752544154807
32033239045582542943369693649697860111451283465470338027736010465643911660019, 57785921887394898046949156740296587948149734455601124286490660764525135885846
12025275626502071166404829896730807792549283810899739834534531141560204890925, 23407798421372407279969650984490839113892230835637273592441526691449024971380
2902835463812682834174746312942606437116078132339463601440185127103370283225, 4629416599398070860154934888182051323380534791367582175147499895000941252609
8047640908180353592962642579476903697120133342521365761345073909197302409716, 2730919961816771630537981141146844458938074578804955237329589930232705245728
41133496746940460752508706467312611818776539652489449699768596492199987042875, 7415131738064308376977142184996868576901374294993426623898486713018750195100
37059829545586353843701949361376471563935163693156955439318363955349097070731, 31482729953062755587078589101960952273368097958574114074221110718905910725971
3374933285328120282606052532715532365855700654700074171643930297263179899170, 24515836438948085238924820371687270585558796229143433977632584826419634909793
38124173871982869062218907751611908156251077170628639469470767304523266723184, 49455833418102038326382491710486872441547740280027617426333860837361231522568
30483763666579673821869147767440023241393665372500521253583433127934713467842, 23427328212449458232800478804914028312950295337276567112525865931473336750429
25082741341271757059570743749342397982874552676841049429659196656538428591917, 33581736027540991341593008174896189011181570417897105007928625660463855412246
71202587568516357718660628623784703179902842422411965128144685827650973987833, 71371473771646380574470396841303121397169320895501714093200506071047950576781
4592015433555852119140992193531318349960781895113631291728478855525091826689, 1245634828437033928558724123894959406998036360457593008154311618640836659395
76146334810201764901801676126393312799095709895256618419802632667257206872915, 19239939027976623091074461684285390983039876286046729330024728479810658153428
41272117766460186866825246839089848873732451979582776406566244429834898384529, 17014431190283086457306678988204848007437329453543693037538809961279871785103
30422417122802093308635932845556127022725373753287305904196849586943986336900, 42087387781740064370186499535745204291186834695904673253304611814548305680516
41605673801725139289228326697878618533798441345007339880692249149134255093859, 67424029469479777206178819271114931755217701317712444755253786310208689330897
28035805895848892986308647358145132246594579587808793371605599175657808355990, 8370915589631649120458612646846716988691095092949715131188200236999864850642
18860617060763833387162660298949007313109201150763336819514186873657198756120, 416617104131517808303248628105666259066174862548040967035315559949690291322
49919629659946814323477819664925982513059824389216319708264569026237807947820, 13176386066183841261202925699130872605426241742531223189328755021507731878031
55968068100176003935867605135672497239954674661631617148393704204685733307338, 59117740337689100837714949278595724335981226734300238717424778064384678534773
14992882661388321058373584945585798996558340948905174848853812638781901182174, 16890717969210335983798076757936587502677503067366502871269314174297524638583
29736138496562206025299078748351761951411364426805627342911136587637197596587, 67729974630280877477024474252301440538205587120949069577418834209513244233141
11746481260271304963656740922254853986852420406851842958187912904512689832261, 26580881276249982076004028270133201044624656188145750385467533959568208890019
56774202669503494811024471190406920713446166490178913799083086653485893364370, 5694242617626634556146842443739674395949238486110978447079127936827799537085
31224867879939181722158537547334402286866291738973414464983755736526717823030, 8769809732522919413325596300222697174609774892940567533392403953166576063712
19103617947233430093724902870062670157058951162773666653127953543121470928287, 19284508430852629536245634823166715869898672835110221144771997208795286015764
45223955978401882138017300863995175043370034586531276081695508615628713151474, 19742978828886717353233936770857546000890437910623247383730435656661623266399
37492179753754130273279679464206826484034912520205701104168090811164710714059, 19222275355884502870164188669810818079879913095222546051742419136341419045967
36929397717333707185803458484202554275935418446101918893855707308437482520831, 23880038028731032949466230413006692566333219101561200128513690585306888835126
11166930854883456131423044587105814340809877522099786921521898215008769908905, 40415911462816018050823849303824179983657238528053931094630304243799030767960
59851009948568209354201755219415996377005955540070968706921850989256916401812, 18632394840028731302642509494751310350285897986142791943483102789552098686425
22400549571794889007111427105369332270237324443583911656568739599870655716127, 23329091190310555786100376185935910593744067931194706552666901502080414659599
14983098926249910493648206215727724080191711943765935902569900220169456091818, 52928054634224188837544731607179023766442610978969216512114913431318463399622
2294785181328141491307772983483597494084557732411801418106381933069973364392, 36228116819715068726816857800681000581110976432549565336857027768000044576317
40948375105215516507588334286955572503388600663773399864743948512534044377815, 19466092076025649461452552100092316245294380687434292570580990657359924080848
62995243719855189524679901985630599407260878405612504267209230943900018906707, 44418104059474867489828513687957671399811811777668225061176374165903321234984
59012534585780043847123254251244870413042432681450093262250976751212360065799, 62305620040706719036089153808228660170570979207701273500582483543840873593672
39133923440204227042017132869624722680545022932026342699479408080966404444320, 75749498879378929904700096710764746152284608993965395239586753542382362455687
22284615634078278042328634910930674550412569174312126807903424924570180772048, 17198102025751675783962921038314339695349802008176330930716685975763240058201
38002470755811723679811495006651637327817797097752555995219443997599125533427, 744809005283485901815706120411849958675829459996441178426906046702820582313
48239624573612057002315759718680671263188470049805560251763638555915059529321, 61067645390413802028095359570470926370020148094158868056630819361446352022569
28815824626212023677847616565724703316920312007521576265346927488617443655877, 51981620735771034357874085647542253206264232859473846039135111322230618289159
74072143368070637475268805783539939291608758602297214100169189845580667040414, 43329530593360550170274576123280846998197529452681402689081410518579252922493
24902636127453277909121263739861348793431243236387760916728931741308772142217, 21353849488051556778661371529218122662354097204618722233444840381397657577506
7971342777329850789104976121301619797125891777378571887361213170867094206867, 37163674324458326179169868193980156524610719048456949306708492580695877544283
36431909606440500414780048768950365336413376644446960495617590393972173295500, 39438061983289323092820858199999367728923477463335095317012339595543450599759
4300321318438971400221016479407876502214658790724256002174534937937411600173, 72901792972455687032730583908088894889350146879955907108043432970831295734346
75005539280817529236480527495373880853958436825764906924867022688908792203456, 91363704503076954862154121524058655627683378272862674274426219841967333182
53289534931361112749246246076565451451636351396562422788904391612333428760731, 28326575327269239603865213175651901395860156181880654652269050366415003720513
47501127079300186825611401848170274443556954058583842614372087248766909444049, 26879004238516462162826767274716112007681896694302942354191019582195521236058
23029820491652105705624578701420487220525620280501712559787807174550290785895, 59200994075317766572753696953852934752230005170213489691475847460764595247580
480874087277808691457745113563610620458526920130589934362639150628418045122, 62036352610022813890105538382881994367122172767590985048324596698236406488095
27673856646924409382452920636470268370586199159059025755830911063480854179105, 69059845316208279078374378171952942985932352100594116108081876838985814814036
38264125524184358113792905976630633945717190621615803135131857143500181092375, 55977154275679473114514125541692957159107552238657711614119371540876070535526
113523572102200250819811991638282264431135998332664675027579577923560860024, 22740446353458535688062900783129183076783929651865727849050738110136892603558
13777925931774623656794024046119469264250930789349892215756631060250333004700, 73273806165595393928077414346099094238498459472271745463711936937593098502356
8536795507707205499828118580485636048045162154398374872544369492764841183931, 15456676900916765448909215414005042646546316048426211750704764951506375993205
51781509902387855900457843817527530579050493498818020622007203218702989341950, 68569103668117033998357853852367828536441871491678375049113160968166538792437
48810156918646291266421996612474464515429975462054546288518112060564561987321, 76274806689630786177434120766845490072532223022422358530583304231308757913874
252173120346930565436756836415404260647147526173967247977238936664664212163, 35505860642367463330216828556353101236081775877358538540372213282059939860699
10432606784607495609403432525777758049343569774852467973123665231999575748523, 35064631476807380599864295481987273836391131411823659948497332912611031050757
75459313300757235928988774301028491669260964149359009495939074960254067530805, 72817872159207954523123459559355242263726362910700921086565390490348993202454
2216629565688402328626382266746233047966604932699231208246095999197269044114, 71033002069719410881196763527277881243191251812141820049424684929696504155133
67365011706143429856942190079068241154252283261168994521316453608212951536842, 17018172388000058524216026442322937309901722624342459807474526303129439904279
30902702102301213680740269509836503798159834063892179066426770925357435065930, 66568861890306994415234519893822826771998595465113066033143013320205451160697
41966177041463879124315105878591705151945468824299714945355900763115239395, 62017999531421980237385526307574222233110675866863200968536994622298751519217
10579883274404183785896517594874717312082725795454056762498300261827075867558, 69109865689063291548337720040519955594796553735742031819890755848280547477284
42659834401456093500731538571885711834469419094436299143341533780212603926943, 16973629543127805587665079682899600634882044846422454549205562586555121624818
24305858105420637818830867249553367438892664119932617977675981508109497896157, 28308578302047021296378070601618386165493830744566362063748938324692091041175
50460247708699225002246445793825436273257873213084727885141733477098383086600, 4421671656004816202821706935015611991455209655712425713050012145599573801080
72513068234032522031464275180390428334887862595808485162861295938994094299565, 3815386308342323966906680898170663149528748459876736430591752459942406192686
42514855359941171610682618440602318000759390045755428482699448970039450436265, 22169650799733544696567631922239711567562931602702728752999540268333152326296
23782531765072260484135959376400884378287430382129191517493642685413248193746, 40354519802520796716409222474291844512468747935037691964818076812348527275019
31815628094513398205151848378527672140666496528392804465624886403973779563070, 67105959586001587284346201839714895541116181458221029472141021062735412235884
9292225193273527692062222734666654164727791532463343188199977047792747457552, 32648461142982654093946921850036108619479117357257342543376669049285256359671
47003947590125266632526745906220181023117529906805228819713058532791964687399, 21478165186521820043957856282599546845996202262252634104490365642559430032205
15829138145903470300777031673171253164268521073784876193820139199691559999381, 27049616919490456786757991849518820600551868678712455680209527084074308749069
37119841413774440328693908303829610805929073886585013319070027911555525320356, 55517808504308413420419695153686175570946247395589637463194728649399515794795
37790279039237108514336902065500971369404122249007250295608237846268173514396, 56041820907560368091233369190069723836641428979524694403332746085427871040152
29362321623728543135018396265969685862106526631587477597992422914286311456231, 39686136402382499296618416634534878826907080879333382840222742876438181683666
44097687935257963686684226601176780511093169180427184791903772646083048197324, 19764906667440822004209011130109541097489498821824545468335211414136955405156
12781621500405015447312964074116303901925117924896484704373207842939537422446, 70278183205407463423507121915782697534257885193866620100468617317739868247718
48241965130063692878584362326958094861159224069711747574515175156434892488122, 18369825704691922052806431883369068568536462104667422652607390461451019998211
61132587729540141475378750840792774586814636048656233457972502710924040535558, 968067213317002999647469472806212277196107785176252606864194490472378164100
4714795113993784174110869371663936512268033383781405406092702449713553675279, 27612635983395589965813567844117395940967405576473537449194077025585303958094
43633609477146849669809791327396363452404791278623265675933726007194440048812, 5432126066808632966539121040988616025701135666594052149649167095820520739807
44453446067428330753157712798812987041636049604960215485583289266099797320675, 33952736305272050197463243281348604366251512498352543296458908721627962994349
27107349221970671682524220651851686057368582993953703251366762320944117683473, 13003249986645633239803111186941624010650136244222301636718168910336534872446
15694866896391494557537582251660511917723469108463052831954024400741528787747, 48910893270422468010478150093000547580982843047961998293754890986518926639728
40887656171247377650054254580589789443219990673132984569036118450854040757011, 72270295571740612323486546804709130641451069212864897597735517673785167816707
38294511082592069679961516240989937878105971170110940066126909866532105260103, 40637347568989209208381923604525621274307115055228705941630386441864399248155
74369442332404663242631596738090160240458624059424467371690632922171941383500, 38466863193908005150669845304942844997785679724471997978412939099283301244773
39265315797245315909859407044813347008752469905917052688366042213146072118459, 67689030008222897380732286718120914373066927239347840900437660546570645027628
73646134969302914003631042201954795112928756402547922794044210677896030971745, 31778283053703254197497887342567827805620526511286123682803615706897804010726
69143989686151604418572016126486837492540756908984790057563046054287997599078, 14437317250964859388330904278580933546449464394875108959101262905426376431521
6480320595184277635062062628031570527398955442010911757433911847434504632524, 9998285749825624039837904528448041732117488656449637068837773174397906393362
52138356068667029639808584265221894577633807681974265582383536466225008715167, 17128450113193322688486620248021940001673500591598329300582913763379719902605
38461097596158646222480616469172991553987820614187391635082337826554992131390, 38612066407286633468540198551822219303340428680421841747208576242597833263382
22246004437700769835461753469199682203674851159005066047649674611183425359744, 32829137077114011216787512191439100869617510781052808170141873802568228816330
50392569262418073928306596701974227960868172731079116422985523560417161471302, 2860110425803956692178809988109124897116865068730558501895519816352939333459
73146848349987992091885775465668376061222113900492380645003278483432156884032, 71986088656300023124536145295521190086558944850095160427634819059987336707005
19124298292419724427752580992047741187049761560180892408973601653565266631047, 4270846015430645566057205269539723451798008846795444152310621511483785869430
73507278210927217556100456398844693027896968556883988194297105941024472049460, 32015050495810278518247544630862752452940059579823940338783576636638440347875
356910705292928077365261295902145010005871175831922414754005154061842708070, 54336073986145069030566897025259046613156537140316149478668654096263833642825
72861779796723528866088437307170552119744311006570163626774984534502281930288, 15816492080292987383901660146261050305137028944342976064571469844459188347218
35849192241822641160575282351624855000776135626432163832724082711446291655649, 40795525196730158039494821273936047303374519994278951451627249225188519945616
29136961151127260800275296957531069353586473312658420169054089874907805685406, 74001693221528518507845088191300556132231768350290358372269143873589709041394
9524261395324468860985036544572413037563530912137773651741476714653940878302, 49571794974119534059282555474030160788870022003382364493987280265999992241265
22004746623422601521023514612543521378334312894630808124712616185230277735716, 46715000724837598385838323389872501528895680825642748917150915727215827633228
10458674722430465007454815722829485713029418662639324683453500834183194734227, 69070359361969414099555024708226579624162845800128394946894161955116485223122
13975582847475753727319966480030033369583277955050866088228917354953216137761, 1846344737545164844655026730762041190556835185811802485886433383226469605970
34000423307857898249901754428557993260868990065472030121759350691484138610120, 45768273704003518035888658219639030682127970867073440025133145235353794267252
9387205529570094295392444129440331930762156491522313936552659748028896507212, 64367291536915212451533865842801456246755639795026799521248061438234354754944
40586026671548338619767980503322716715804977167602462291763230922123552332680, 2022038530159473641791397534815112031747374802317715623138761577214607869619
3951458182123569956645421812768372814084592931667365279681123954532630830196, 68252223434957196393674823623336694804160796798462178242079999828254680349598
10701186110519590141664726669822589427425851280730345761836552153865581548926, 20935782547967099290042400203496289840428871102450002061368318598257505245618
74570555417970753051342030531123317731110178837929623771878710389167563103579, 13185136553132787730277952621477691470312411997940046415866752954163048727755
60089098894982398178521567790387944270092267859434370771459660246339534364160, 76549570816927644326900662845062316205597211282903938623465690772566754482933
17377252200044940044447985408812480892928179416895606642915953810075467330935, 37040344305477495504634643312621738226069147448789666516611960038246413410520
76040133775664166054449310870414126204869702496515464632709316124377304018441, 19193051706734241829170438875311743203246557826404122217369776105035944465421
2685117059805538767553215953504332934366207774568952096502048952881396521993, 54803756659880482028539406105052971175672601190272098330199213760577177710012
32648542368444642006673625377105383503999953393506361305524270876174103565142, 51453946692463468090107836049093100400905338908647165052098944536500106293389
26875091257858304819922694614666845273025320967761450522045343104924506175902, 23065042708125332768410766442159368228717121464327683965047463093414302882590
41437915350152306521705631282350218013360962162244793824403336867185258184777, 62229043919235852751764231773398524705450140896090789884261629940752160756840
39147477881803283964644709381072501603551483123388367631184408498844805871802, 48936525339422211207933644220446384536735702176848176853060343806864187246402
56449939502645973524133617718402448962838908191396897676912758821307133437717, 1480565778349151720408398608073564673785942301082878776252194816876719327016
42791477609621489401538269404595408336434843467379005840031216507032775696801, 15452024467487550378463815788853386487697061903042592508459179737418816389761
40717554585002839357164611359431044447964431599421175092939154662725570769765, 58262044730496147673389998225287307923931103678397986437462860478007852825760
745353031438097242987284217134852424686068717831304615552770715143143135945, 42475419167331133164353838084567677263059725642558777032750794211742598941802
32490769140893787357966238843068336005306571574190888470395154580389329762248, 19777497304294435836386841371785033160588142865257161345778366602435108749095
70714974206991690450866407412398973422487084438546302177667964077949732092089, 13442149690706475399428230661995002820149964331290481728416792768802445727380
46039373924766648244550405886208207892598304055183001246251085560663673653007, 5185110767642165085673989836645906365859649248814178393648827997569535228944
33617654074160308295690473244124686815268902235423210822494333907540818954799, 72699323912383992774902430712629442877651845272682016747891527786762937741202
42982755385067350473321261581499632577507975399683457926842214781142150791028, 12706604437485857660259323649894349159353386894442320518855580399833499175771
4418109245054880280968328106451949422432841560424049113589944171603507097946, 49693487671339572607361817303642612834767030774286361662963303993360898206899
13076498651442593328831111323204033115399887626124186715741498891366051802292, 36917913684758863699914536898539495829774216053570438662713394850849886644475
58660673851238301407895288888903074497838759502582512092439233128704974713887, 25296236535612516009610241657586671850740223681157094107280479071732790459341
1712590806716597245068368175284968892316328082899319242026924396299054685108, 24058568814490547013150241763187617182829317358500541677693042144494909841024
15357090681594237326070600494059455006264041328174713062145409449882226613921, 53893804766344385681042766555011520900165514632019731209703718726567926591477
2189061062537088995987053336262558087815543078287096038574992955092932493385, 47026673932659665125326765753863998117417964148505010087507254124394014714552
58198704234270317663869580607224656299846547517197529472595344144508993438229, 52902171706470471443582507400218780026213240655720441514959085353560830931147
47432384810212327967395828690455642042633930635270964207076608396928705926065, 9150312710992183642141277821609910434336896936482569778260350480309864385754
72792362406204736810840423092533654871114000507165141607806604574458309063108, 12134715804455624646006518059659415254128077592458712326886888932968951600522
46694263882829266263336229735363602707492485820539300656694875743508621115260, 59666340830061664228998603909747880896417091647938701005670462942185211220087
32740205819163581311495941228690384012374876963906450314748104892102468925690, 53689596461331779100689890384888105748981354320040755890207887851777310600971
13497622014008664174608073957743038700967127192395847977970281926076034595827, 9091910567616699322528968167555745380187599452500455200345931875903520368256
17872358568920948661907371187271180501616444706232005072436096178060987109256, 54674867909786136821070751386212289299552198387875203444684827217803249538211
16470042307318559789620678224237930208979771171387958749860073602673985438381, 5102726664486067160180743982279691518056782224734910019983139393004042814029
40564846073802896450350539308155110045756295182324180342026996306496948091665, 36801921306961928049591571141925792410487800610170063340668551656426217926787
73349911337533140964941012849088191738706476681424195040471794373334335206383, 6757306230869029969819643662786850345716397642382787027178598578206556732898
10978057519563459858119075007635624607043996407433408235385642350801978746329, 64390131471775380139850362535997868214931591002133604139523564909962106850047
10343467673183486770920398783008515735110232288780113965148565495313079191931, 43177542957524640647912436085103342559647454323682791095191532892634954937716
21429582743559501790038814407910570214186184209958037281402763262757919690303, 31614141666911625969121607222659155708405713634087623270438681647614180625046
52251167495206611538643042426435278188362702622348296706641774798326062821800, 10250379736896865108917111787716186382101515207637585198915819238539094136764
66524218120115280537029806753907786674321391348176141472152643419926818433196, 8013571494649907811973010440509689993518180131227477937909172212222817661504
68328358818121921024974782979205596742309660896135501413352811911695472166585, 61772999994565094715989254210547144419039403261598984439961944532809064960080
55770669014828914651529390860608172565825756688251036878708831027638579249745, 5461469461774864646649524943183609434422684824556666816240066750643167080398
29158859449090495891128641155333784728273306316428623049306994188224538340875, 12150867753845503256798432354241770173250316034038745347586172381227143487945
54806630932044836292897704906369428011614496387644185234458992875601424323394, 36398170270608780634832420633449810682671898502638345324655181613842225000091
48800088834291011414813332437092983336828590426288196292770800381886499021803, 37782385216408479108444170579100808638907972331822639040204412327819125933347
76278957839274806662182339395514506811331965389033120136423328622404740683793, 25730269546677125353709763576877251771635162893916818368394263947946730558921
9839152342059963913851459973327717011296236419976668165909009216813166231604, 27715083834652215820710509585208786294057726861918936065384933667914621154453
23176283031271788409047112008716516730727158460578822197646917219372990339572, 22272504769348541816700597781527896265380958239376321601602210199724356248827
23981190753449867498299673728604656229381167732317003533822816720607859933741, 32646324586486919025709265765851098913707892763098518210150705729273640551323
51884623157162674964386847303807727455342773810471232427058059483242243603092, 60863533639515926126945201595873714348366678896118577803789496669932369056283
53548728913060197478266143349131728878490837469935584672642697706308154941129, 549215428621660333295907973583683821494739336233894164467669161063213400785
61346255002147440015064182358513179599067309385667265642564879757361430650781, 62234397267815723069141766489132944734836221063007310101061863056073692436985
27870291185725150621035131175602278749226662320580374442525412110597988713571, 49513779684263799059893291719794321664688162681586673038172225568037530018277
56848843466445841850745899388922959123102479791163229591371597831874979927006, 1235882094105843876671338166247069759069314516652840119741703414110147843802
64126162737483276459238569572558056200725851268854315418074631218320886010420, 51637100809257464311026048973658816206621910857444989997228351289016800695611
60982410606211219888891392636262643837853139123421471903577865506025584998003, 57635641426803505204825004213994975634328927409434320834376524516198278127829
23332232882290729433634844361791444306247802731015061489984018101142135621769, 71607472389028844685694404706094409706486365208076746792750675617532798283071
43726822102736785896986431905719985283592988164501338803197394180971124191145, 22878126141971396781760838480426453655254479547822484741427266706632810963957
18695803412295611463956971716803705297674296284441104004955661528556849345925, 32293620995537239612783127214847682353003203168005194895791271816303395726372
27228486153072271561281931899471187309228460150665542986518944633605581060330, 21361835222609425785468824053313273155146557686121267643419001333770090325499
36369320164284176686442124175912041640837108365208290191061959403627897360723, 62690605590442884463930836339750835335869241988747967947648379657924318221019
50004018372779952556827445827998036681519740524216495497530342258629249874197, 44945307274878589199161005733860176963493351083834306865389817461416512475397
32380217132835909174457582941707198004382801626922553445509257402411088267589, 76364288584630640387479469116342925766238537771235720517392878437096548915755
46073431087077468670336163256808448185745537908911358950674510661792243473125, 28894099312300383308407423525227265465523312303848206788011616034291894615314
59374124386167796087232377998608460728870622693678019334645230874546641302983, 2535510287023384957108812152097850045266038743208236466952690836532963048899
26877647036621901609628138018502308915029526379705450542640217997646088654646, 14780094672797052880368091479557736315257923240583323538167085164484313548093
49098150883651255518873082203465090927642336966782182791746943195806939272355, 43807421885037903061008856523813201754918818325560229898591272175187456537824
61803633159079232449627857400866589261339815075300181824221029697752430759679, 13297516630231458020546544473660970087122985332577376475713054541710394486756
4928845202799480518083618694027858814885218948837515712107725837197526921407, 74299415593836106657681935996028925769297392388767234302719365679111949871510
49708034710617152908437800089281065861244995921203297216169593568181752661805, 30916303095965794099524471479835069978562050451969906501509206625334097484935
10837402237012633390323995100897984870342631369839096767331170078329785367831, 64457375776412920523152435719346791466449907733065471307728552584754447997103
66928542889005911475077376679474260709252303640504863598329785479705901695912, 41758254176644623915365958701161798049104979956318306992415684638543333595686
41832769415401632119839872217436766646869057991775136316294100675090571433527, 26846860517237133918897899250656666781229878798477409685874794646607441616289
38446653355707256663014781753178824707336361586166413163406097831427776730426, 34374108393262628757694124048681176358709945344039324568176310227133228010714
27710886767809447678689571807266198257172913101948047052295373040737645809670, 66804863357431543946929733129577608589837052487396701294839386521208432667489
25899994163368011072826089652690936410369136948358191284920935499756558462925, 12421217666314325118009986610738303585804145222502816512063462424195518081038
36445679670496461810087794003085222809748003300393132719691996786552931809401, 7423240120557614728129229578389942227101410940782089295120668676339438607644
74054956773293950400703415126725940286674541415016784441718988022769009132008, 45277281427707984894135162246888817728858006615715281360262026361089223811867
23888492342612688585790592856883992240724328403708837967357013852465253259141, 56949406004309862419913845755274013076089664227509222739110719547306837234834
13538334481468206499692396515739128141865881747545740248997059533013541073093, 73270620994371343338548761126559190309982588114110466997670954092894237620739
75617467601169283364475428091662461413802856743626136090822345516279075365133, 33280598575091406481790402918590655961426725161942927199714024603636873492875
8361828981258129160845588292472339841575148780528060596194391528520745674419, 41863888086084673252256728756968966335568046841779105721383972517737360856196
42305826827653528844144342640618429401583951955726639966210582901929445043497, 29533062023902893002243744857455111399549623417769834989526277070180130927036
74133369242451350128213221050902145197837675027137426161997646278138970445492, 40679797514480930267083972447011096309015068567262567997603333983851706144023
21293603182476963371440640739770434467301173757499983224103887482606003390793, 76319877882152105256831558322087980894787725975177044552872820527984878465702
25610742566527013127794793400040077189648340831090169420264921220165466704620, 27763627518306976064243772209812038035606422289377755435475744649738061277101
34147448512654962653258366020608077622624988970000772632956330661201181589535, 9529741827953162708203858797705228148938806669188437660414903354068606326247
23756072553842186797405812324437303616971619350993764495301707466413506663171, 19809003337418432502031322799854884228712113097685700869128152723817923448518
42478424916108280967662169167007299069382854123081950070047306314695746726339, 19942426087018014220478638385599206972645550308299711840811283425866200177866
22727060890968273566688812453932142072389110876308748389727303857501340546473, 19353378147044725959782327362858860291148018545891301857479440664945313426163
7766699266429671981632985369191010585363898618561568703196632543241426208273, 17905738803367357929395238046983424212595672536834719481462008151519185135646
26547005831993871686085527061582253017623318900719286539635964897983189004238, 28008059220130252189542094325364058215228642094607390112366188965661917967335
27807920155402752976618362721462852680330097419822564329153209689741692006487, 21508151078368665465695701688372467224393132696119739799445394831012943192459
51068619897827697630117520116540361432657269436370112421254894609508822324789, 57325388240989088265487457971372080708143220412555336495988681888577018496871
58039203359907300464943607934699217404331815946476093408782191626643460374372, 53727477126988076897354086920066773102420403515390660784858193202068560941147
36697835437778113505831488976911224472164321680366662771357322197704618640493, 17142492480843772824264099992185924493806807416504329133311356624791171975783
61488942803917886466809279900006017488316290681363797312928025392691805853852, 53649937106059255976955048804366247198376680299991411844723850445010670709662
52660595361365908924669693558914233557257968455779417207396896934091612480609, 6713742619062085555303497941110762480776835117878252926195494706382516813856
76184045040372136478675121441428986884608799824927157456478225161090717447433, 33261903997280748884934541507607287078461411812081503687693111730035480832014
3702727134555781107790060048728756071310804832008784927398229881727159658006, 54457261899650592461024490002442242592063313150426692777443358014631464104380
66388190551998390119841188105111468531161675101056100094105491800822929438355, 23868818609911564908623661094982970842512461904303830326918408574810409642881
75533062807331903183550920882823656733431388876682010583983809774347824776575, 68600505867090208267238939920486485181617739423016668474077673127961047817471
46415270266781914206082406605275679201300001335440427926076803313458438861328, 61090891635419795037690050034952332239968176006913475774175542075262133193744
29871033214844976402915944679843564474638392646043328650586227285561320373776, 65117224716303310153811293201031392916155359641648842564662708850859408966363
15255355648879289187563910419968988259628570335370064497027416128677635385339, 31142474353399679342403001727098028201192621026589193564938234478870772298843
16744579420166758480257038207305227344584513868669823269005089823354175516499, 9985262038959686408320820363332942793110038911704145244323478293157869219234
5682755400779630336977909540427020187973380330205759574675516620260564727010, 55516249690561440005988433322076319323090865939692480291038351201776611811452
72315410508581078438250105892376994219504565451963929942315927092948732790173, 3173747823492927125566466348219661177347890251461377697710099600292060231389
16197617406202514293528153912219206191161386001007155060676389032818203873854, 1810679886309777989725703077478220457846709955601868462293779256179785542982
60571303656407022671930844210108659787709225233107930303079663407324733172869, 55858105573745853944122000990960648966845158672163845431386325903899028325231
46021201486726662023460815985274428041993274009418019682753812569863962832745, 16750478278085394933401780612289623961017984200785527285155312579758446426372
25752060898753263953235876442890998232405665590978987693893391691549233465893, 50505100484535724080272019331005513705262044394199732751113839491081101015639
74373330020986808540789939334047293096207304849742175107447525080416447525394, 5039285822180928513155980421424817556329704571286358597700668505975666922393
7868074345010709388759831621295522573635672065555304573745070062375744016461, 5588794277900534189302357036183996390562078570062119573398790454268971281725
76428058724068672834895264889745181033583505469991881113275757458020875506008, 39519668505574722371649494882341917685204980135135885141222483087107687081296
47716956997983223678888621050697373466237267323753879186012800099192609902870, 34478486601502111294896704707950408915943741136786242625178138298062325150303
64331156195137345686761850476254435474246039556044468490674495583338942900420, 43847981917645050982658035035233074161731423661007321296472061486448542719620
58203161105228903655960976472467438301559477403066733570542684472083648737003, 10801022132430545392033137622995311341528509829020118411533021957380976854390
6889786184175941845984920885749362373752112014779103570012469211511522139553, 36164521325883344895828934602682270174649292272714542540007521395016387692634
9558668900285016208214045463776608187730373791259455792052014470621484158661, 57196491701913758303555323715671943984491484464763032846284130033517713963461
63894702394642021825886833364198829467285382464419268105179161617207795301884, 42800027176722161236832445425074705683750717038428436537603854402487306097299
20350719726527624732475363010433980837531675365917378696988137186923625995218, 441905544470718685505858969392786941223444407093711550955885878410276788757
56609258579430028731503674720375649096162443343789741238222833697429172652453, 68809639629199794882742923059026730331913675317499232766775797298743046464371
75250848607606659059939690981625030580228395304318564147437318965006158171947, 33239356979409103550940138147795916164087752005484085685907746494976895665965
72465628081794550222184380381580579463535168591457932922960038735100017067074, 37397960931279358130553912355401731905540853824933924029726417955537532374
21570253313712671736982444100883661138873374498395056083294867917861111181699, 19358872993059398237474691044328248654850471200085238298059608856063043389897
57427362554696807341822483248731260377646799568317706662834432821984503684655, 72939803057016373378610740046519599351277270149628906742129804640045729307462
67313487222085802188943084022940720453775440193743098086978827235353765227345, 28946009705830495369342046101514569172972094711234437034583553317601940147576
60739858479808332124831441654448242021357520478690625999416096332652912761130, 58149093193650209150751004838447504964594544963575135513937270784398470188874
69904223766141246379788663182396781092535217454128332691291842261556908547942, 60095677286785964687251633542318851261686020107609028508263279913111102301327
2273761650084060565701445199965791217919552076316949906762156030947905484087, 52852167542229086979955854719780872484054783709308324447929271453469044255972
20934381257054277332145628973515169175002527860232867128163330556762746805692, 7649878096477470225891312979974912738189451110701105231092363992891451570610
31934994664458541110118200608293683063242744075525237976036123624998657400365, 19242774004270801699518218882314803945111014333187588535071457791711851872183
6425346567650800357367086264598146027018872383158261445011466295359286882156, 23468768797038182750731326453651699709021298166566056244230380243664558153156
64141887848602214305786391927525798415045047336995894738323669854127613070239, 76266816754551427301861861177509640019039403701105217564964269923230882831294
1476960337267549085709994909621617533500007328778568913835256003600133261129, 72755858558326518922541491803608934136967089792296091639662916335152534567181
50606393243688175556406234266476275914493877147537849865613153103908720121082, 74110946878781626975696929184182356916992152787511922731363367959265408764800
69730539941419688062046756913621086336419838885115437425415393861320241472314, 76632879983412578146475298752992497712790245095656605458343140824682591709860
54812642538582216652083945509113691496454530840339152671212559012416612692912, 35399604480806476289567424747068238176733525672583831472821798026261398314358
24599277440115779444551911114577290787048656050592889857944301488994437765274, 52585339339034836504682786162861778841487815898225863404434573944854201981474
934181563623486842076506116243730508412855234732560994900971582804409356952, 26676758651991759527218102177768630353126357923713196804004904094228703304146
14524795961095057268988510336271384178755194506758697057588290363352863515719, 50685117250841348585941665181095255809700098289696912586786545872256323913139
15446971465834257918145588492978116641141021452810453510268284403534989890158, 62509710489263541698836113254923353930809002758757565078842254236223627578266
75648184390448045520963503387810680549138097679982445423165706316199120083888, 36672672591883964672394147668255589293520860604223423649253873778827632340444
61658045971453542947451410614668578838631460561237267345846303638218690001606, 21500603747440850341918013656269382153871023813347211387395076132396883518741
3538650286472306734364726541438511389241817279672020432581982216832941715980, 54585263079362056669811376866681922671339852712120004173636355347199171666893
65719296062548212812270779641866269955400722223495648098105956796320875577955, 73488867514755962493205362272809749593902381985942700133246322879702615992964
67682285764528057847006643835179296435476677308576318531551450676555407043248, 33684409118526218787812862919789799248132722271170479593319501897424535017518
48467015466564655555203432947190813180807888941628891355848338433434826667974, 34392727297760024944487766344479768982008176102452155901594523904738844001380
19639286472575266532055786283381559998929207161141384243436050531533470395863, 25558600765663623704616753030049805630729183016919693522363691544236449235674
51938702814989630744466917008806650570360343431223751199774863392908374245974, 76575424457521611085834579115338075940669776511144294235556658740947308687995
70980685318047556699925565436456388745979627321857987044934020947988298043471, 17998256020617000131966661809851701010841426168480365112997224591577519700011
21049394210697072450938141749508152113075420230655027922186929243029698949589, 11130220521436905248651527652291174363033582978236472498041360116052819616991
8048392551281590964385155335938340519385556265128089013944745090865587560632, 65169961044986204880845170938381755589746166875070767837029516945560546462811
40903769454717532656219856726533009286996228323656756938760854262711564930646, 72512961112843283087844754124870339869473878209683707364177978849132872897351
32889456033507546428999790435566305887191933537613589588540629545938272642907, 9251989546004228399645721407319439223835275942524548400530630496858513161382
43314384337671139647604961151181768839535963693048823733231219585439953619336, 35452451138049093477176394663123621949101881107718157414854598295408001874558
4079689474745070341864581047136105443740992083110884296308042292221129208159, 37064550893643793912906846769776033315932922083734682913489094330834021930568
62079571113538492731169147532002558611667894289526634750055026793952087467078, 58144292787976189833911544834444913230955210277658887128890824314748618083643
53087846012571890319176345319530467756533796272333152389821177699169867236814, 75504213440695775352937945681646312997248451157256107201941333419227066152580
69131975238724962113339449736387848307291361729503829290823651563651921336870, 37817090649961441144490188871431824964510865096661615881298010892234021673256
51759262428232457911319631783249134266175959432684786038184349685661073712191, 71258401156345296906600129537045454153011172272040986450374788163834550480218
58509802055911135414585122390498683613179680813196795621697549992565528175264, 65712544135362825814394369008686065205360550231453890929798436744128082160110
37264602760168513072475275239785322757541698795959241514746455124178966752095, 74945000454802151552598098104949543955631953143112003780559006052567641727983
34612839171656953185443922778415652699095993874719922896175721592163774312431, 29415227325461900869224842924972279879169769426988078540216304612076358991679
42016193508215389022825628611786647469770015846287333381347793615100592832747, 51640061935779248775826118761852954097352164560568121939386096564229325455209
16523259650689329722125070852252644837502507090056801102367471633113595280926, 30637516750476768475258963282657632367858761377141137829873092001826399559136
70289542114222843652013251521132287538212142092382474541713455263565143158883, 52315594526880087661072036205681741071956203820849888767199631373793944026020
62025526395733061987196001003623311808955155680130265731065435806100886796746, 60075241055799411795904504004755616022543286078772522580654191235030004836454
5747865530944257483609206968519040324944874480465078171499063343123117713436, 67633717109224724966183034735789080863821334419507823639114557025385375138064
1943641543044293265969560557678212373667981252903396010126022485729204928555, 1106305228876361441889211305368040345625098807069921922233447576324279607075
40844517308340852972798306403901772048045824420088476388383256950930607649613, 18672939067424342591416631963250253681870471844724595013225565323615359701315
44590217085293919474323411729045979508839375594470398358502984787306683319584, 10168497265426442359292476829811396518743987767362047871058966855319893956293
57566681409353084483753266687746732065179361422646925737221702465746855419604, 40122098806524079087180185108087751654095429645723581750828982071240794190385
42589279341113890178412867625878607101483386093118631064419698353808951450110, 788347392174188379405610724237489984592671215554057314576059955633452412068
25215878850029176321196156206769861529141799347136599075921764201692999524581, 19208233838513064613918035416952212528196949671219640383514022363323018293100
16838944369312298007565641556843611110725864122037622960981856769687380379111, 1037668215046616710346828565778813309088157001594471388125814637300324719117
52657807300336968177465670647425496299250836842722051958488534684063865249211, 60065574725134252129223631649877098103474331691788567896577863842687324095477
54269494264395372465351376085905419757083933581781216001064147336523316026098, 22127884310200235504695436949192420719149092134854676318409484173208748362808
64401373332053016547314876919262745944132777752574526490630327831923018295093, 55612570916408111625204217288347510191236291349355313542036891897325480931144
51151174145443511406484718922830235118455545939719792613495360190653698290029, 66949604710458800679780363307554743442490584592624557750215901772879110678281
57285372238226933700994423084238867639377343233024466862779237035248819026670, 75082733311184229211541033901287399919310675979384394771627742260813782495282
61385706210892124595483666068796640273232778312752371402814506969843294442377, 31968884194541001196965429505092714364886495491430481997845241469267481632383
