Elliptic Curve: brainpoolP256r1
Field Prime: 76884956397045344220809746629001649093037950200943055203735601445031516197751
Base Point: (63243729749562333355292243550312970334778175571054726587095381623627144114786, 38218615093753523893122277964030810387585405539772602581557831887485717997975)
Polynomial Degree: 7
Polynomial Coefficients: [14, 59, 43, 36, 20, 12, 60, 37]
Public Key: (35657643199647841653316988936398636721083303188658830701408637542734168848084, 71887840278061040858455513578233484270217159714623904689443397631250300939890)
5125817290555546853458618985120241127856235536307483897186495993724218402046, 52683091019189433435337701314190538388732772250654028029954830482722166516073
52065080695567953904110129203520186363245441018879727965761821500547582845672, 4342096972402526770428555180986034991103191116621540036894445927974203852091
11895283246438705389800315950641470212604343556376346228143731925582745331625, 16529275780638168548149634864903987183713480962589229023122550349808580076391
39920062342809074763732816214166291274657041469405397043530571899069102855777, 54821759950025600998544855904258866775962275642609684278929703797436944005897
47188591913845331137884898589392092100464840149687471622938692813161864580252, 70432969650976513348163019094067199495129174650155310876368708408650219479
35409093886533111585089477514310512443889700152582751704297421336451925385602, 46613792086401561658303890060822115440741890799542624388586597351863773446096
32141749588956007848611805615834445027235889008578080775353959996408238755488, 34466214024827649884228180345306872396172033507428014587570228571635168530479
59333394363031464312119438657005396928437522327534099777755376907234483726871, 8595717504551525851574040161339834195516666929793560496017744819072475820552
48329963241260210032573814026842597945713403978120708112117963274161697644978, 56157534326309975660422543326759362704695306022778597838115747484353879140671
70926478984250214070773873886478644254901313690527800473239275289939511715777, 22807680374539654765688660043520496427859134996057515090526308518885636878469
20846427920580632565352823738652311134595390407647175393781792342206717623892, 32857645821392798789736243657041032898564346931362668630740897422862594273585
21340449754071236796112717036006322950368230616403808284032061790433016201074, 59098809930909003552484208043564449091905327593064383997339462696350364052798
69456909174267618097289575844921571728024699914942455024370346184451757106876, 39804756504386170101119161803107719114661852866605092836551934192400947354610
20453628758557462790514759058484295650854354059535751252125552457450278493210, 8977375958831027493132469710462567189451044848818386339538942382623281186032
65490982405780463702643287199930427285392134535687967104944540733933762145677, 11397601356284953615244535178744396452708228278017220477448619884174699994129
50454259705681830532610542030886254262458171614577495549411341647313695064995, 31649294544654772971249607369033925470252686222780014461043724186198049446709
46714747035085328783449221898390257332556293766013747207503919022408176758936, 806943604454678604541156969387433776447397327059941960801020541767006218200
64981281651180859707637376586985876062218875987304718616877419119133921327983, 22923979576849675168179611189326722195421474339026280701054710482082664886233
72626489413561365882501709216997626459669762580504729863496957285309853244095, 21824080128567435561520924854666343163815138673738083851945075158968267800291
7414076437816354155852321418010252245977966723498282946473399477524242158207, 14291148927977859788771260856192822986389484915999459452395944276279609001755
50245162838309959886692981647164011795772655723145629997509726427852457792868, 37725529535789446489690576682909387547228678974266231453155546110161132816199
25154051324978308259598714871618507235684158347853005963061077768965916586857, 59163544325257042709404483972253479794391426469090306334882672801494062584302
29280938884114677675145219242387843943673949132495305159018060738197583816706, 18613055778847081187113649482461830234631028847471156598780535402267810559171
37004334507367568555415245549178159598861701589401371054964350588807976260771, 38479546170584011070059479126415582038643261881778557465845768196037649900482
47291479603845299291193167264709497993833379477558075274353187644033600877477, 65252462579089120114262283914044484676186988292148641539605155046834462122124
57960435446755890548780758349634561620756404052046362487254290743247730207896, 71594060776207674178972921080020163867813356395165561818179135584161773843788
62878044724649089224876328191310568252865017239580529361628409305892938962604, 10884686920930487060600283086569281880804334714525488740913949019372714943516
48755931380583923665709357652412102753235177343548824337572339838376319048253, 61441645302958490546680021857763941178944709247914096462482589163043615986009
38539154159502128026105478620301451507525082589066189317992640950116495711957, 74144777850823628944686612808244290400724980437044384269375397493874114461110
58147579081994314546246450862640027906011051689018574556545476289593673602386, 45222397751971195604624463840456211993406057201070421229602237215655859333958
40294325527103035212841019673569150379638985722449301169512298930968374640257, 34964602651450008515642310376243568538377080465676718119055373209997138059504
58568390515911017953535548270651295950282766686870222244390949287206717110536, 59107843127076474436185380266029243886803567056270281162940372970089751219085
32697364548391850810536317623082982294218255473400214796765996902217368209437, 10490980869964565185632451991029569587562461712765953443978675612269635663048
39629088938123034354077707922627347061503615204993020848448954102268360094108, 46354462183894231759610189193576247546996359283000080028930594568204724883911
59838454991928292135536323942814257333797643199469257483991028294239563208499, 10984880951040734254407160112775810810086259799836193027569506601316626707214
60353637215249565969320129445231540492778262913312488237300314635409886377381, 47838082994326693593544176094682719197776121615181971677811177553473732415998
35061855482974381632710104045748051246840194157353784221476187563790859721813, 65102260603094750979903143599026662930877371475931617285572204457013730482058
38706678574494789365533754844702728356050746941251136696160428014846637422615, 4885081894073524455756571160681528973263675941722730684880685019288409136420
53767466614554527824108067300179158765188840331440083685569085595259613934187, 65948962674439264085856973844272593998199453203237927413925135832750643596304
5323737471690907154691730114937445406298715924881040579522283337939223383295, 31033119617076017611030260644672675190565144712767346823691897608241417057733
64432130417569673278100713734901222088581604997596994013373281915704091300013, 6295995884680291222279217000284119622413189567089966393633892751025418422318
25751047958700712652304558806999096112860693563712162193453315569546226872804, 35508447610448228106099325768176422871576593683558636466669846350640022998742
18626884076812338794248411446676400112085817493428576272260998138487141878977, 60386982009376803092634704751295858396944325598305309334301936765495952513587
28916066527955264934033513227614438079634552845963827845973831208467907041450, 43454859216551511255085483773240369380533160816222579484167921273120130847321
36019403682038420324174626650823457556773929412217088999382588576494904870629, 25728502209091127120768168944231009402737130363093515886728301385771946214290
51420979469810838631471561847557208364809880263525183644277393214079371682019, 26730593122605871073755400631297614089816801136969505997359007663399588827673
64497486657417620018707076170101750531662230140303663253613523324445931506152, 63501360322162663911593606955608366591399588289576006257054490844220874146950
32532772732966496842053737113568296080899875035007079600076349566009595120571, 74413764952282016221822789721072603731109308368176159596042215311985880802437
15233526815577909519625247732417693665636404295368036262116800861929301317355, 39720998042491679986859738002203220485547574221486598492502635539146657020704
23143098521301124176913083686306648492055885316732194355065596569164967044687, 61125525291120449050807075847319369207013555426927741310457364305347489288137
21713632636027688587082292254545162090597211848768704454789666912171409231882, 60570368050825680659906043952697989361492823541581815223601758739426926324335
58619985592215156304880221041721941377638573061659420068028321011073878388257, 57239899694778046055853359606224766266791171441066011218862398201665757067890
26220879722810174040141667714627433391242680593238778915241974135896076184357, 13232411667615147852469990704933415051443435175710381717245617258222648358336
3446535131905848298998196510359119164420623836154277420239273632750917426131, 69781130802863956790776186249385551332975868288669426436732931145226926049095
4696978038877184324134180899578124616233021897854573290727343068366387961643, 54596897458274731810485673272048122106683234468725935515038110999217688772579
6379909076994921462185386857418779004302207656353485493521295101690424058756, 35832555091431571810563729648437086188076523895233138094423384944162478136228
4474845482840386516213804534637707735052864626817599078258461883905482207644, 24414089093256734453672534571094213595911316793166220872306042252224410983289
42180929168326927971672583168593366621972495571305515904368556460754331681250, 40879726580465917290296664206191428318765178413661660396374462031444496265858
35123363397892348707481099678543687946972362459123756567162424332384595570450, 31497303594550359496114351563216396140641554463145281442537233488017260820370
36887095038179343577658499333784072306796989519426804542642661483783016934143, 28936842994771597778070101417103153706176078524544544430563598816515734285599
10104766957432747163692337489899877244838158926918845331661471990998891721386, 71177334303658910240540288746165918124458044387971574121089234566449033019444
6738090058140553379330836299792468882743414685938746598818287446382543654396, 19822923861012785343294330601407007251426174161164092290341563346307167690689
72118705848659003577465290597026756028000788715212580966199760257758221641364, 47649867621723222403676899569042847316077206127742780751398284527278642769571
6882597346472351729185617451844940098272156937558629079319872937812526040514, 60759364361266670182054138288519817444827196788501336094711368512773096527136
8104101175498569519498896300392988717459398571672585484348248615266941793283, 50653837811608779547154583093812886829848282568821542059933707287142105046461
10596856173954967996983830217600713654583772058495553953785358416018753858516, 34336367854936610055888605386720506984515829458838874659409235048877937762448
36116095859869554749821941400305330666239565607835303867536740118592077698633, 63102827484564365923793576763146631080162549648792219705442786819446018652695
40195572428173562304642475312900942335628200544537420324228806688085412737414, 7351557971137275621349253621892956027112081908972668771468097658769891267527
30592624398522686621765213362799645617674862338541426543142046093792364743649, 71023613179315003414606737241270530805012074770792535109494358583741441202549
18181881564198804796064689679065508247349165631239577903425214899832416706007, 34283151670105811322604695773130614449217284305813073793802714036716373374653
50796020656727658751744820830014512166999717642392003217878927410873765823418, 33952576044962858987253105299836184868275675867748621203599695785644121343915
3369741006120469819020991928601273923190999223600517625021739841030692734358, 2998860912877984046886660925160569793481948585463085617855228212127749672495
14486545885543759423708845116577988863518515784768334420467120611694625208505, 70829482481037175186214218829668533464517693747755705391939860383636410004218
13239720700499032792875937344482729770394731359945801260635718038284060494860, 49712177862354609652149023168379026530244955985857759526605446998575679102581
59957663618245805369047426504799356823899110963372283722255729141245745953639, 66321903486137689996853060946483492039636511204999340602802592742748666876901
61372608325743309290314192334418619259100067921013105957694283138121152717691, 3125342982985799656023856605182400091739680009524616414735638849488243047387
52063494919032955739265993013020540108075506885570432790414355025629810105709, 65415267402045172151703680109531744670074333104559045689044776761450275422408
11926323749651474295262408145771608263762858698958564071292838421108321595056, 3804970818475392971179572912944160029311150603611539325169027004705332806097
59344804435473576998988019515402295844849469593259119929659524942903888943590, 60057957272784842622320401346746366038768059691725087199319835480318524800817
15659542311775650161382744781551086242872272044311528191401495128911702718687, 74113717863627621945156204109769671249213602939872986180521782180548508561130
59430622874445278406011495515706108229904214629135136986411537217121319562270, 831734266663961539131972727189298761171768249076696080811262564413896941601
33125260898235399621856007639430252709503552949721667216101912988274842842520, 49831701594315970796405624366688445909052790589364063651614209317524922068693
39961417167349118310640453466167394562654087498395879782390649955603539419321, 70003556584556371827551437240493305353715600904146163359336291941564507661222
33034021649347894723555218173746002852594959346236491701284854211964470464655, 43725137128569603947110858775343837214727787640286488810926491227362878339365
21450449380671754282844756733512420314701096054626810512210562959569094714010, 68205312410738496354870193987969874656248290779314796844615527321074644865548
49294437381325223650059229905880493487038114936390258575990313355115759070293, 66259687362984742751570802110182420945839213299342911147122600652869637258908
74864242249227450077628925962274482084260196721057439276985500133071851108489, 36258016811751817501805536877332074132535442993689563974861857851749564177339
15624445939970500966278280546999636930996608917323680977285198672396515365349, 16566418895071837043026347419255887113359499905280281984497479880158987456490
67290326401432428639399485928958513055176495851987383832809830969238484359589, 32270252107919732815546016052335045401621913903326844376196491180291167373530
68506117789200051377014255414686614094839891906185273328847181867029733672536, 49446780884653183672256433563705588039299194720197120461033923300599748228155
33313940784916877250941589466174299641493642579145194590366376074129925743204, 6228888132075547693575687262245535727841412958203391848538806660000705631930
41842800056193038930850386201900388527001317361532863743814353283971785474610, 65025892145670544211886230196163389350377220277242153589297196972454102352840
58389301501265792686691929704634746624358266557797598779270991370623008961583, 49386614596198702259199368985877559532681064511071895042405570571461690264007
67197246970648186487954670745054778150361944093500889865036768143761709660578, 39785527785695459588130986511536839792656353910201782208762790004573683785494
9665610172620035198925551399923900614474893685521699036025466422056005054259, 72440698480133924544912957701071704312534771552759283837900626754674090705683
13894056810482546337093579715786745350210690647216930933151254030305220269718, 37209506420698868436705948178377774628781906097084228896315426068578709415953
30881544733644011797955802627260485597856238497269536867357722386918150940968, 16741368069502671615822100108143208212989223017146866951431698999504841964580
44157532193287797749023754722879435578925112709182431153009796598718805005222, 70253851931347718955627638461387053019073548673248161427478800455983560281641
44267701031445638096081660759959704152364633571251338379608377156715276800612, 33822709973691392319151571762657714964484493679932309548826473953390216393836
60056452839720329456907640609939179021848207626781824293139033915728951832529, 76421817956966105247663476885610743893063835465384880114358350204549063456739
57712301653138524394470369199045080634481422858214224301972057574410140012954, 10679109191903557861732403982416736708194320397320378442263003113711629917703
51559736771306147524678008892221818957848350138012392882680355947957149693370, 19065297897190147349018075509349476005572149510277036747193924658260693649956
42045656421976531728345434260173813847058817176223763416551939147829411014275, 71822490272733192726264317921865462584478806786928777136690564324175092048596
39664187281150219781551007970314803760865033394782321858112176024945288697468, 72596489770717587661913516700021024616291008249384949551532053372781704100234
68556356837410768727239012933629942033439043252166591622833324192988098212842, 20750973048655359362859597598965893624999734303173115776011973418496444760437
70720656965918269520190333561008539248160476600692957097287762325863121531147, 6045522113547336531810024749611490767837955963745360730284397440740507528324
41059344567662841925968566131113448294132402576205104017230671304233165009006, 36550717682251085341284483160074372991013805311884041851055307850487469267413
33284456381438833104229691293513371056723555873094334344928689834171377126195, 33439026140443250584220333087212106425219851007633370227064923410751630885151
52125775390989310179165823688432896761653846571832968007994799760651710556429, 36511502445813211290897371273556386843721591807547424521561121172979925794325
63418352257855195170846681861814651625264718047126864622189258420037940574525, 42269793767778584444908308669995281945275937950087588141181109758832547996615
37421527953946604772971950315744407447070734121890999828270339441076207004135, 47177601515998129394844473035235655731690814721012234686999222618572738309852
63193047255116927538915870668567166371493850270018125577880010742644683167254, 34865875510725565013276920556131755400538745054933404399088607854919963413663
50033920142204063284909497275112162263713306738685696581291173377480482266741, 42008792544714063081742999219466233587380475369085004692161114627697490010931
69877603444955020563808175427892650040410119777980475676310903809200466066450, 16867016609281181995284711464442832996240771021190597335007384934070077468381
7433459420116494241903626678901679697502160050456657761908611640527828060160, 9124715833878791828849216651894730820213072610383133776564645049368847980032
18531730543870877089927314047596082618788138551012015463400998376674077976647, 52686666605399123828334672157480656153815421560670514809136811137953741510010
66036008642684038267686718334635574047211006671293731693807632927272078382680, 60894399570872273562349803382282379706334498762067366669199809699868354245271
65104401376491043735968102269136996171434343250302817064224669327218957960805, 7225856812962935205812231201403034608459972183203306936698815052723246546795
46840014284130604043744908805722544131447840444934695650437873487141856750628, 17033158467915460046635908575943758063841237894963704544475136794117802103137
43974067086136929133467308574712538512387624143409679316653206191862150560444, 26144064809088188992501703442879275660676269413518014646142017276943183080051
35708607393110143003154399499142070626804246065806055524032876326300389922144, 57392815283162383995780994179077900246949834249342809505453318421599103017848
39391180682203785446789469263912808417701726437838235535325655778709646662959, 74328740056283911502784470988215290793815509428631081168134349233232235293197
40612238413565594751435272411666578568857663968608436645368390676874181706848, 38075049316139722337861146160800907011851526096597625257262320907824715612585
53630651600155349335587325185686727258227952945106945348071452453580348820305, 62525151032390173743810891885386195457419425630466725805884262943553892667063
46872386617303600487565293454096714923435225641846454575446679740903415765748, 1096638384983833243120022458146587721486656636149864689822525453660750040059
52252818966581913241488779863542145372244613133456694476203657799864722081293, 16795100008619016201940815367342262632411016364803755211844946594203361430499
48736054162082447477557717764725409017347965962138537785821767581090483846986, 35003745737205631603788312742379460132871579953206224635274692156620525948536
41406857891171254462625683258980012817502284967547608758269084258680600095350, 12166127930198339560203865775930095457140291463843706430455703975190675759827
69939583509290047478372390674128755101428641049307538983127317946538859533380, 21217724551743831144920212266027219320611676615945099787481655913540319957873
14769820849750962665468736431025348851343327652885688031155071534577774559295, 45459810044351370043144919164007467278097330947732082388208488409797250893344
45308422378684898159424166933936835306572991540407370979647758031850914889680, 46309603853099510851741426277520026187629957264757705720266749985988691595061
17826273395407179080671704208658952718673136379240876669863887755910912273703, 41162682954562417350550908522517896399952116332247929291919548501511862599882
5002311286966778645433134691819912968341552945236995098548701806222882391779, 54362586292090162926254266312235957234968474707341808543611971951027266941606
23812273429637177773218821816112862190241251603415797270986852013588005344153, 76227487543819029194684089351208914154063451572861305911644816705044762114702
21542638225885553201505969757974823120224152160607116467687426844176154683960, 53509562137655613813537774781817118041459052489411678025615116402444791288225
14391184845085817596023776480017710245113076192614007779430519578274282783570, 56271821164114714078229577081117864494180500502567799612687479381140122761307
397022383043188064965358439170985372868620244497790348733070287047994891096, 19796094374190780360121651777085010748080820202215409489896085792776932338560
37942797375558042357855828523124057786913713140416992704878125340214393896822, 22177473471677109918556926975966331917506079880804471005337293513489255808309
35879101313945441785470177914264662899611793287125841331517464733533413025810, 6968647301195460917370121542426298473669606426376960253589344644301122739131
74198309724624875303205906854889698935114070662811652476209339387934026063040, 24435970248248729423724078378026861217335890716684127943860390568170012359450
57860726345287113226316765581201100882153198379866908774136628839864200638015, 56588030348862225585013897504342439376053837988083583387435299046692267282824
62361866400494098705725733109555782789426102951413291088232578971141831463005, 35908078474122324450268843011655582389415095815594126307864628196186325431015
66166694739891558106162578448377522420322599472134151170321342511684431174666, 8189891204248421485283898399333122359903410318782950989612263103090451907637
32219496793859365626784855928576026733723968975390429320868804799686102109292, 57826203159454364614236797661495447247178808672111479182690309878373804397795
50100588673837997710957402283947112903955989035721421624696932478594126491630, 490147403416278749124271714240731665350732131726760020713497129400961890828
29657684281966903356166689893699290286091792555165936701968754847034784856291, 40055344726608322224453697326667242251633923456626177142051790798459640225825
52328626704792979441080064891622766596871348155965987733197311268416776038856, 47690206186446805486330935749854143406338864506347084278955816602473887530097
71166785383886249406162219418747091109795788185809070891022171440605412791353, 49576283549372026525075381454454031969581652073144354547345957309616903822888
63472682469150992437872871901410695161540897481856949823255766362098313199236, 61771323251416269680891774751992747035081031002296206608083738728609024874096
36349347689672062498270939951470587032896910803999851223230938141907204538771, 51728462363909379064435183987663791889865659916912181256314815055061007137475
41532646517478197162074556210205358448492205886523593621375847769736094804291, 42201964155249948123883791433822520774244303540292051368519193927593130213979
12354828001755183253022455544583224942844067799978719259379368826598637964086, 67928121030568962924831064983056429276989254530666091424851031823393514273990
61025932322770733519846928814508328871146136232744820235973988274392619939477, 70562764600569940029990920485704755023874798315571864081101429681123786253064
32967248984318949426456807566770687835971976102595091690304707377874327877513, 61916802117852608533419023163746608932213594890123294612652099185648683866388
18107263923816426889078240127633581248523075769703742109158100464003733791519, 24420773553019907570644538608527964582976591325654628923802805543590536716455
17929168603298765502602362613675563465163630132164161685192711697823064780372, 24496165093684959187046729070263042092909323638069207125057375893041751250020
30604948375330012520750856226458044510144944007374236705803555123562926760096, 10058883989038874966403863025120980187716981228649477595824111394528541755757
74777412089709967088567647002609029679758841206835697556058013402357527533896, 1343527024527261718065243932696520598559920267889435825533523445166632678519
14280300831852213256698526114894420426262768996441639177051623302607959261460, 63252844808652574421294375866436352022877535668810757233432079877742502053239
28484764183920033233299411385828045136535130342035841575839389280333722912395, 42094619225775920493618805614959198899497460884307040879820737147252897523295
34180997644709366512095846852941489949828523650207686641751523341113596604705, 51916041920205538412136490606938653045510338765687907102640266740260051699913
69060601744047664283400531652412409006953784618764029634457418624397854872983, 60189554194084225174785229934504131963770015185469626543881731047245787547252
66930499725981130276340977734463664706635376318321405112795626036469040137116, 30951261208534911964955840977835071433142685421756669152498049782035686654239
45498222844251157989473277695184332893307946464731304481740874578212592557250, 46790801164261280863600614833125823108830523107772003633253185992988184647715
51111600190342579590520624378230011345530823164140364018292482156748690878211, 25791618510915574094986153368504355395341692218481688526645512406755171787378
52235365900798800262392611729139640833228709408149605603719096256344776517095, 24445521827813381651159354025080425452528454888741096853442556719199650199012
59442041973038777074185694003720982849568189041580618642094783894020079431631, 54825212289085766022183383517561257502944999884010624887282396740326376659678
52403653613538160157467040562438580858490307044726381933841192931605995657857, 13587961503667606300496460345321492479194496202314610804845460167689027774087
72455482056468414643194750812246822256022987756166473443752484020395883245393, 587986844595207191849372571688016376756687943922637722251097056118405066758
9792517693366075023930387497048109563003510445313535638049523869150384386972, 63336999167228178003886130500092775449592538925319308808644976900857722158459
16770719230967362852944655387847748196572661291579347805866505190242331733153, 29255922441195779715226999108920736434346781842730753657892118099723326799546
43126907042780871828077072060346607768238336610651837425294667982554948902048, 68335630429120300173462680081667789366462444657192409246675567207444676829736
61852083534606834250391230195281316465422843371611340305512520967068956397153, 39523641888507202161442928648450476948851323450502534317948906646609430063417
27547328788800173997195052052385511139671193051854508592098174879899384330923, 4178025852341444131884565987305032651047140341895926397395484374450302827995
70788857294844187311856989277528422868158413003630632712137852685365993451642, 12143845936719546279425572009930376566122738924357609727441750373359279191883
12957940799331806417924356617963735233781090147054940935144922599754480550506, 9100167083376402561487470436414563756858514708914097904065209213492866550822
46451596460173719938898214771849238307585669791544579520076865094156714312763, 57645675950343950207976517510260745783578764218070191974045862787442521717912
70184772943085271159483186637654467576424665256365440353091955226511269294702, 52938059520425864976915034496342723356256233719668025794993086944258097574479
76108977730357959035341136388410071456613436498294191184085244743387520849392, 63395365401553236685091150734764461824582824114116861420425223132520638611278
71912872564699960129487886211151839676434390562893474156984297769867547740878, 26459141261102676375308439502486302070956737541051936709517867196405741403014
35313066275100539563730806797485229353208420268034816954457793244614601858475, 15887160012107613901186533684963581839458704949012304654165759837079594322894
2879098225184507997457675085523057003395602674009903646627806723813785585138, 5881709528427763232507727328064350661587432438811188530215940000259755525103
73484039680449382175395515080090612713266045303999922698257682167023026094434, 13450285032741703230949614327271098959354331515853017744660309522654899743718
68511042224180266900086112462608545458458361380399900737592879076427302927745, 46418385856693197710910213033784778470095942169447884132188869498700229405267
53567299462088984376996993669020146651613689002558393356416734827377492695028, 15784380985019120065638914708684919915695937337060895831871154611619587569515
51204910359335408649942996234754452731401209177618970201730558034700749621661, 52924388305578792565664950886781551960518324261269858955271981689107134321101
23697072278393765261325777192726357948432731635879699098427819469452747501717, 54932953865663909855159678583431714518766021132114880609091535701696711875287
3287128173952013213614276858329382639314794038053420137084436124906733002846, 8128651577138664014214885622293867590250387054212917522605107127838913907451
35960638897126097139041783363702859041118003599513119790359452987743251586094, 63704434701508229277965226563379214317352332403981561409911246174430555437723
55103371227012207754194549072355491028538631239742122950426232821217634449612, 72795966734885886631441273447877420857081145292914846559516640843472955165638
19129731466170334917022797530413006788268991409604415653162473876323119313440, 50562872965773244237312584731388954478610803015917065110090188757103096951638
24600142464190888675115670496923752794423195497323358873763209011809829293222, 8296041539584496240978393540561643788027984766297949733651675622762409374621
29296869901478162585799746718874394283354924996528228441931949607545293803100, 24776811903068519523373561889372395977593791440679980977723928497512273418353
25220576838938451714616427459233820714029240234186419113748440529828157718673, 45598936776969884380139693059491308689481851136054639582733353230713578889524
42423547753929450264417882227970474058551791206291202431947027929316758448717, 71971139732958857602905338817751637459671433172080160504710576282181893112753
73208844721967003341493641503853603652509640607866850262740072585315143966630, 57197183690012295293757285143968818856782149145915509679768090462606746052785
13259788782824009791489191229766357927541424974455690899404442287193187038517, 34289420952022472966648962924466700397008590021691889823566616350822063169186
62951732119945601029177130504435916643644852119117390174945312925008778817852, 54657388138183248460548989398692190642498262851192050066878528386641074333933
54209150723641897278128484743943368363197906898210662787421884974970830638382, 13729131136975865106104956090448098373844536450352208774809288842616373088658
4988780897410732519141119753766345787257334035594355056379574294963343531740, 25779051282312012399684463276429368074898048480389958534868366075753798647646
51123696335022984942282272118036521139829122963638145958733818916687821213797, 55717964308264215197976194454614799412209136025505228539678807198369133620984
6649936652493937163461824859589163763196689272270484045056791232096585521915, 4422728893286317716462204989882460199283447728740939185466718156212315250013
28072855173563999524921873007142139728639218925939716965307474297027515039719, 28589593309823443485863492614228965565884704750284947844599907204130572570636
4129737845908522309938958540942306502714271156303676381005448207939512336799, 68428085782703482053619070885482251823453731166314240209935740132857621032903
24126727301447565444642916470475233340277916752471946644720974265890935590985, 37014265131152621749388899006297097044480683040004818173888893501861439522037
35339235892966389926301749677561164673056200745725529037688772742619173225160, 16464122195434527614204804316878837969642528148600763402994152212482324843143
16777079992319517681218623384944533358984863037000047877986978285171429062347, 72854018219782726641500009460561614079702162395015374123324928333778666971461
62749563097090575102773817214809411340161175522907392029398027134693904409821, 7185899399388375468188613166740131110281290578305191846799954036933653155201
49815823357330097355014993911777478184706998981429550640826000426622948348572, 56372129014598720770320388174940431573456714888485576416784586658822668477966
19949089745166031405675351971769231874717034639640016035248584126121614510687, 69579412118971510661986498051020872282747502189314509315575089397325122360081
46807109769386115736435218729394181788917222735708467249851638377167444077614, 26098107908307514717121676766126517074450948383523970508931999962607143854276
47614159254516931540639340627756860842462872831549790266264575065540282862435, 36761150555333820971238946310515901384988984612022336477645737198174062684048
72574449362429790518380937408627886669377934602421361339727142551415212865522, 16813445185126582620277757958902790478824081844124788290482563123935378697271
25512447265615316023176413611975793818903947793316107868059355552164385936723, 71340997902089480604022216930557937860663201099189904723920356341350086444334
41096969325371831774920714894290114648378338484079500525927433539583624740269, 60565884165257571064151171444267112709852325244469412887039073404418277168746
44679256792740644919894785369670721872304941344699260662999981559839526263432, 75697251965134120481385494264452106361337267210434353300003703783569646865958
69212534871578106492935548680890447640759605222516660691260360416625119298036, 14814160040647200563554659296030591898982808182587263197930056350018695998294
1633144008783672546496341614967104705313791230481799544834108488338106655944, 31137852129744943220135458419029413729392505624873112425843060313846468693082
66934972279699634262481484171892335574316051704659807495612979821798254994507, 54999083321826897886020389198743766130761651809282570377228711493479895122087
29786355677317154803557131203767107180332621951371159333739272327567396572332, 60721402965553691766619074883801047164008437258713292085024974385787255797547
46803981881594940284775751662849817489560368087109407583622146380055301462871, 2428857246608173449371277481411491596081119795205767482496297419346142013281
13258469154082083675639290956794481782321693413099198212800274828015570561347, 5060795435573111963916581997598538395484988601763358448476141615771946865493
71523404296324813395556875038280528438754184840948965558538415919493954452988, 36394728053845891295348442885461021167499611514704799681478922747320062504900
46354653750677553014961527344114696136322110455932976252476429425176394070734, 24669413998815371900940017364309731732236284459858364628482535085217009455905
66679332092988427110996186496788016015226353436558434712893451941472929281650, 9748336602778592426632747968695743860366898824817649227778293677862643576794
54934746892011485233158766553092523026800531488523219628214294579002306808751, 27746692323741175812540924610033061301314206126500098369296884147745386370449
63111381403197532344054902690977849105661175637978789416865957439320774152398, 3004601015564624466842043210216731862462822398382989009504417637963431340889
28479567294472690834996989132049292841085272034888214838285029606624927499439, 45421570742513398890130863415838127498587770835434736885790142783062373007236
7043092782701984206236553121061803275465276677219172894393267089387757744104, 62723304350453370421086542055806922525165518129133034409463381470691492248188
45945764865164084282877369039347383631233201310679918280307594232018875711132, 37621510526822425347873681665711001032836865345295752981118970360692414513920
27547380400968487707238751106444449467327538212331806950618365880666970574136, 34405711542307240987285583701526067778687769531300979682524100822020293852574
59017022871839121198191682278800936733630683908058398510050848943337971842998, 39817223257561114098368397665404141830144842108272033735926617364947274760207
65080334887849793464215153152621999850033082252088148460017831710758442754855, 76787947938458410369589781607793153988842030678598559028621391660902936055900
76385320122996256550612625203538498440350176549872184671218308553117107753731, 55281035587232014314114623913278810348947856347383464955421034860916336545449
7719956550653820705588795451135793359047063819420345076570607891110339983806, 49741661501493480240858990777730212816909835633285554065543105350611800256948
30682886245282665213545282468933575820461494141421001132465200806980103442347, 26602825966000416237646686019998860740075041863780790996965601424983125186767
1495141371230628346556300530735682572192115744839809636953103395788641938958, 6089386639460025963200564150142808391455915423462435780514821038962308014585
32367022483187685986612041328046796595585340227402969458886998990771069294739, 76108610510919672427158017859685959781223517679626721238315566459938880908044
29987069509263672012690344893123224465390712314929851849664372432627927684079, 40439623605279036154305326858454080524984921552133278691824074070885539410819
38650163892630228229290294488966542622989689834050210339866622937253032003438, 9448561204344639741116386367498603552255896502772221276363431067831035037647
19975379605788935916304319717829280855344071790924994458317437974344333654075, 27001203979394028064584132810102539322249861911241478740640992443309497001666
23915152539979363453571622175950867529050843257201141263743476144878599679871, 61354051644548601985062256752398199228255787355494558696419459805269780837761
8185154748530217807022333230967481778949520548556027056418803067057833873388, 6901573658416312449946808475349663961009924915785252396760498273937751395104
17444381955554402479377910078411346054450883935089013774097878861465905197023, 22007058555248038169706628739133663063537044090076097319803924919240808858430
30864794929592746945624165901803712636853766217296193599208663344514914811721, 4602456664110416351912459798554493398235008197104350543989374074720787125348
60764516259789062101787131538266879856006100385795870735906560093197778554249, 17227763091634161879243578504332193819081845180926949315649385241504856245639
53174718472259455450850554994777157115056499956639916157144852836077686095660, 48541054938673795398100007811711080219196485303816856708847058509125899314578
11442434606469549934706313929930929861699913916792395718330731160595606718634, 45272169361956876607370966984366380789331929178588257185600896282634546244545
24800516659192985730728306301970439569056451285191128951966031108724699568559, 15913460666101780024305188614455590131304816235942252938094637449560402880523
29747118924831677448323275891503169433584824922468708273552899096056229890693, 47690046183191689970668819056750673593642535028470887866480609845143861327677
70898641513051750105014949038408089771069220592885119501102867502773007898051, 208773503915538610861606998123880450709615009648972871169816680191657762508
18625701615590076948466226579237989627866220116997002344787684462138591243708, 34773218338729854178732927132746700090212569436578424788035115502983495475363
37223759909778638384054034525875892526047582098105262731989131086484491950307, 73264021169741326811329337741254203527217430073180691435365063258721591917384
2791828041682740595832795889310025316949664618460949548094994584435396294948, 65204862722665121370748653300997314095366245580290780636215308642292487113676
21858075105547320750906723775668221970191278121813685530614346857908062170177, 68148659730166847372181676309736850631795431512813051338438206774194704846062
31362498883739539005407633904174246008446065479950784409411819043865054226586, 71347776087753551993898881402849826181593460953284463791868384044994839352779
40867154873579556757440396914035464873073625562815533083330952674254953151255, 23723233075043480744131818719682877480711381629165619810052934425399603197926
18978363087223834835050519836721835084905525467573294372409426621045289738758, 12536706434094491064371930698330173885401449299758618734863231427358135402215
333663001880696730044403832047274880716875177904911664566328122081044059750, 28677987407586514165924421293067655448717143255187388298164076916841647363264
34201085005605793186902178034528812198842904933420581505985208190736160600457, 72125723999268110118657005546858163290963757588847163419399658481148175227320
60146620891515813909457862814395644613023495885611136950276358990520203844435, 27843404555386956402543827738389882224400540379980755317619607190496623870332
676749494185084501268141655454445702901695186332650851338876746036964580560, 43706880536083095132097285405897688608044152661340338315992262594487411094437
4369633384318163598217292730923997232390023481427739115484402284917515351054, 33878189172979039500184602003402988750650239909959821389265523611373541850459
74378539044874109282952325487994091376531599793364648702235074863083448466760, 38121122504645349796718425376737454167144868623266028997370599980840308641080
17416509725163610239697692168557950445664201984020014255529732320424227040241, 45590474780993138312084952795782487500699256609443243337133599427379944379522
32966384359708741822116762029526729450025462189654475914862921768022535093971, 21131124769011855584940404706679013803349720446135148938717889127689074080158
70602033455017063155897528273830542376673406726299528000228791337424488767764, 35015723167388696855425488339394422286386482157630144054900395211135662174316
3838443217930531738161628111391257986869286848209369191165899800024867530750, 41184522445139166712446318945309447379640666946117697033286592864165663779005
64180498147719936709580701755481750463482256230427461656443964294727662322269, 73717175580883795790833376453729399548236696621261423459761588199777682539844
46209828168701197100542895276004453668078719141036164397637729091541368128627, 52555747341151204772921306963434530918116003067113645033499462825837306414584
32057313531447679530404956147464976458829983204478007060922695604384125400235, 68348201469869273399234741956635437871223881855301779966641003263415432644775
45143396068113204955854045164113652492878273669635943056613813059878848297545, 62522572248787936935853584229596176698574083273902047443771689759359205392671
22057559489389519665019094328955337226050439545049711781701750922184719836733, 28010470581827706753897756637583597039010069618525244605294457462901312544052
15723642536358146567365535889833646115511845421795500940324723285514180817495, 63550499885990663748614525714680362958190564786576857978309700355688343384333
9527832094306284890338329760326077769622270261589482570041513248402154062713, 41947406700296299714331106667737915046826587275199246292593270792532806537133
20279486945034356339427840704645858747615386372943966272980961656644448284987, 11472792574165107835159805716157667953773298324530020404679108455440601823619
65766121285690803270556152290713039428754209139959190772076536853556292971441, 36171615432741372842790742925014896653154242806584161816440212208216323787786
53089303818998232233169798235080437502941425241397959931403655818862164519613, 61122718458517496552583926693574760398768370352729077464472999624819848335758
949550239378199181709388241854124846296340397177059055503697553260429226638, 23671017596049436931118035790191184475236597052067978808516103112526815284692
74386898219491944029464512743429476493035688887515120421456390843059610507467, 64325096489308609203571093747965240779701956007817322807285689609608424637648
71896871593339000663795276041942454423933461750255177688905617199559778119715, 41160985166423477849479651536721928047564479861260980489025551081999295089132
22343896105438821229841990730226764456043486967558381399185885622598267077847, 47568415316635218639631572268960264837351048470342267788449209752105909188493
29635911698641411867368688434274917246458675743452295954967444572403128418741, 17927058714744815569106835295586825529101635473486057653380662821637541628822
56609158006800024509657657726381231632754776043216510259692883930698344230598, 29341454632077480949957538318037147428155917204037712534877894705774587344259
56850709231633287952501336730127887094617822349336196277449540421256288162881, 58060858742574798779651467927705200852286649971237236532389373130724039233071
10838056489727294367516751839910854308191721230884872876739848029410821808444, 18826604584266186689415227143698773061078214731923420723133475027663320517869
76150674090268226632282926953660707265919652871469103532101831702605191854236, 75943605538033279418111222204954711994370728632943321852410977317854086265686
35345246364518010332960923239700861456736940327442641072767806441316861577641, 13259406479393776544318241533712816249153878481494709277342468238005237592921
16490374297483096635079506802437753306462273193963517609152642327767811590701, 32574024649366267826183659638301257371879097760155108236130560871353735317038
55745444654642734897348524631480555337785486144056737145263404728261304860736, 63531181828797550993919640310784316869052073185148483752394169626718457580155
53734189042532284481914892035702107680411321885249073047921235953170874320613, 11843063119479143865477757848779995365354571808680403717306914249594342783394
68908171765063981771265165145625940246317303614692046650220400691811235543333, 66828036007328972600694176466801130202591336485548923119584283700528236001160
37065996392088957878578636004260968357324103802045988059186730573101096225292, 21867036815206820538157807640851389404686350075821930051577558334671946433374
47421541721428296272467909923668290893534786631268299037110751863852792065569, 62212033487374776620539113571989085702074207706119398741600629170527184825174
60825964884331638922299970858420125910281249383688845779055411617152751223932, 46497090677840017737755950841545443432748433552323903996905965269011659249904
69112778693326644207824062108279531296651247648562586536588265530551614129713, 75765974165556478170545712723574595851336019891883679373417161947969464560341
16165550431535310264268068414691875249762544705074638360705831454847517713934, 23779604326116148094137161456560234441084673193036915675351117253313374975526
9793087384381444086537704423550240068224874368349390140608679323392617900267, 28757165966469974079729146214703307426871786597456607981977620960217282925407
16433759559138583429438918401023161848465002940037641498255664855547273250698, 64350587269961553735334261296637024275753509849199585846270148730282693492110
178173800252049993781304480414099054762391982936583314846605281965273282964, 71969204131977753017530700939544451328806030253118748978582304780489842876637
57160359313163635606117436596505550795057480250236496480404572027240425049080, 23915739362644678717708460480542915428409764258070704724952400614295642921825
35468822888073640622123349398308216106746807466343724668931595534007167113686, 15571400929910155180237194396677867810411894401605381936627665645498454561276
12182350314680691921221581802889629580502486081807525950715346562188572324944, 52392713957651469005876427342304102369026485331651931325086893007546865682843
3688767833039450108252366000817733567745264819274878975102747366256519924721, 30866881784959492768317010137788481598797145118576027116950620482368634051525
8148416132724101944691577196258357060925922960880568448730818952937458664176, 34059050376920432136939369673278475641871175291903647369473525086805570151241
67341721048831611903889997864224996491341608020188377641088657461219911446228, 39311807902271357674873577521100180458191586566160966218325560336034998439962
41668114185043342183232761831808630893562581460731592050067169409253267472894, 48841813544814153926209187897581965315584856687867711547500940843101320242265
36879184644028985119281502365652351602647895095976282727062306928475830900807, 61315656565258530707361775054756289338728989249434473187654380448673569646042
38903079859428986465015630660661037887656475603653244465347204055166366439507, 71250458584726086664638482859923732028228983844961449555691413758831688982681
3942542222476359601228381867265340068381744858980552551024547512615676494009, 75223552421653589245481266781308976045072732701567747723403381916299652085851
27339689830690069319999083973534083276062990757031580582224765696442541435177, 34333280038601750625439031401858570383971381093083648670203611980446234208997
34824832237713937323630633406219650904031466826241886796981356137421252114543, 21499889035763013119857350877581244027928127314035059617452768035765821896140
10941630928360117378609727375164852108874998658407631391973090513473377129849, 72946449689885446916682066946933420729599786065622487850987720730601855740176
8003201373279429534336506972530500640351932486397727662926282076794526835971, 62869424876911327528807579181863542072002214527663553048928806367123883629350
23304773168512238400381622396672907799590861185735034872823485593114020891370, 14610813740810259575262466555352400499896296567572640992622807554698626082877
27640422322555528612179306872369832958970661002846092278658014677013482890275, 51900630531147148240996474688739114140207574048737144861082674545305530244516
52439604006545389474971767423140429071133509976945441890467528121170057162568, 55970510673177071558948017241503645841241430393319122686861542517915704539595
21200454592898093862173374467700756351703720446905115772495122639310904859082, 7743044000894264057949942768895986079754208062632220362210915049874061253742
10754832144347868682275293497585402056358176678083566713214765870097058292345, 56622384476741313572738063857296540546469996733441111821919391746083676026677
30294826701268299750725722692043110144351808111798348597143606181988047775749, 38506359742241716392346857188655898225242695833513098179262092840913348673599
41245342124107936712569576822300442786867879765178081744855124179753080858348, 14289464423497380710373925561206431277601012312837108247908929879505997425679
70035207555070662395155918114437366682961414182379667351238653155757672536091, 13388756741556168477821084621055223240689294946857224060937204467456592427288
28567952442498499754533808082002336087130784516550017792107926023513585929615, 7004909770085300273339302063217230732339740237958541452824695028631769475316
58850620604911421786483552365336301587084982102810824507072759949836834317907, 21814209841079379925239549063060302856867069856974541183882120093592669955490
42955839220374506575384468958731102651482621477903786778019809061177374523568, 73172928070405833281381259841518500705514841817507662595970123147991733985194
65073282164950669766110541918786954886494765107443716700761566745907554063251, 32614139429236881259200382856409235974704733647517107074484582198477026798064
37045345747941073728844725991397740211123299007425802923231634960455297950780, 76275910267327186864253080832688186383159578641436130765058196456273462758372
16736547534019320626786302727374782236767409084250338341718519812072546131811, 4019520247992771057806862885698202805781298580106866846888960284579683904864
44666826031097340912698364800098608155980651187532638027803670711919617582892, 68087343474821139133252579686642856650531168532549861006494604229557985335088
21105498992541030195765821886868773976893417738931220379435376955318217996323, 21799877004697240086138050854144183250112277537321278530074437327819823072490
54592807787214884378424877640815927354315296370778194581755094437074554806291, 7076975029785500391029986140028025258860094767237268925230941511853111372760
71660271557326305853456691168979245358381977341586044311225620757879760540903, 50854824789262103592113755857717697152548940708705565758235714948927566801148
20372756768005360379105898211286059229802668911669040132236453476527049477315, 51142778608513925309388378452522154992095897455220551850596393278820257747768
69277562161300880254724149590633069899527748949333344371577715748277020391161, 54882266107632707481089514404811787655636845766423036066121649620657333931261
53869317363997435492851411208281674642181072228265768942473234754902526363237, 22744973756724577735712105319330645743956744559954722959211712661232992082978
71235868599711952328917465988918973145463205785452566441776647107525166374819, 27644989667805655468638278575309671875913384731650659676167570579193987281009
6004883466646569722289148399689154078470878836148779710206328561379983679877, 46482211716438555939418045419127181761680493365200255643633144308568759589113
43544687894813096783411414790388963738392486668156457314506967924025112787605, 55565453981465538479425790887153486467493535282413350886473206286068447623332
31087912236138558179538907857645974517774296256191106198613922919811974044540, 36321602746771731638250894264166109739220299854178515060661917511078475931621
53378691739286586919943720250506658781528614347324389492357578938115014796350, 4127911282864694722547361196651646082692180704513774719752917927000126344842
45703308038680192084787912145320009047531886295111289263869885668759119305785, 25828112350729575093485754076508018688117832751648862783418028140050529627919
42739733046044136418054727556765820239634142015144415283894864665568913703901, 22783534688578564391627668474804947174902620454448087611426190117431357552731
29262122386518568358671552101876335018607553567946029482040626703948150302, 36219379594453046139619772484251374655432884606591092959571101677137821653460
42099777430804145801909091985346615257146162530464931717534233953107760359382, 866943699830481413823619671479545068200978567509356495346183642968396929488
10658250070145316156531419627619865241535562910870379105962012180164162527031, 67050835826467127603043680871960697338357645121322811190564855866112521633682
1053920365229643322420954777713014847610822791045112569090794030551368804020, 68184341768220193181069497776443598174200580402827043830458955845950157842199
46980578106443502764731341662488331979983927215080304459143555611989698226910, 10298375942102672294238284453763169783414845844662670903428470683836593494485
71946877093576138660446482028205703473174746597875055910575393956973314276530, 61180639430818093595688735652707097950223382160034681557021395720507997076995
44191073591094980975970097639695917143508015272968559005746560663157748354487, 23602459305639541485346850219456915637203603778246312758325414589648363249233
57469359020206089195430714446706995768181904442896805610632541620255397902441, 17649212769798971869198135586652178876517457424634721432699807316847078884389
44329012233067881940581293367121398058109878422461129583858827505902674353856, 25227329395836804183635062909738494896442690480240377274888780967159575603610
515598608200664275585250629416995912626897029273619389831733842222165627082, 26776421001958357467871242034468449370818786231769531367271780123279331797470
27220921616100909567385852602124157862924802592181322098975782329701673396421, 70529917678369853508664272658699604445741860209409365910707981612071099009412
12296246606451931703063774531773618997148993419996731838833709702883180751038, 16174210830178534978405202820616382361568282302892256054518958078668183701575
33525184828509811837078042238305322263004107786209490098095714335813819609385, 67816031665434965307431889872703373968675388232032142682505591307460540186590
37228285228074996196647119658177002734454943963546447068352287067358854244774, 8937170822519869320039045555595309975352239262280884338491859382121459846374
12490349356505930669537076249630015084720776280757034704204948810094510777815, 42656536316478392980196324847655169797484379631675102507356217823367142848719
74499724361289371457409527807652488834953029667366230255392285200706306300913, 61894529267233827149528467845917419656721627492838889024215349660250353965404
39704752723850856720082887012871832298893016178500970407802766200922706034128, 5499917520327452229240570123036584523727122972846706708536551559110124641514
38011151479066630610353929273294793864828693595537284599198883942009165826573, 74228653909029204695388958528438065700601069453094910519892630821899451734406
75405641552191157116686828594688911946380697955020725772232492361958585393142, 51620721345076925530947725671585652039811219220675313032489352880883463412298
7099311026437112151455566374079379129708002696995606567896730364192440042606, 48215250043090192270244550793815115447413119083837395884345033984421305058541
43870139200056049802591689783809809296230673816936966729701675173584294015384, 53612422782705249066314070351410203641989701179050228677168755571559936669705
46075048944658618625467704584096243133365772627749173704418042206162176512831, 1829610490415227732648077434892309203991585281238406919863305517075688741723
61117790358605480066499568899123864546839069011822850896805281638604080008204, 16951859399768549707583195749248744660008675265776244248662009441017894098839
18528551324656766115101896915731560675327160548813809474026147351303972464011, 9750842399076433728914914004121673499880310936260518055468348720877761640329
74460280826593369514479303318152904762352137092784323362839464947200258582246, 34625405214026800460238697776597446915243908875814144652574470727559582632537
14812893301658605120181857131679600310016632505699401619939472120433361513517, 52845222201029620320058155074668776408863398745414623482935556275284220186623
43579959476822095152799198447807395977659141648355547929670579707911439974315, 307660895504863149679451738555950532653392079663639417505039547347011001861
21029297058896866102084883366889057363412994167981880273124482624902734544645, 60300394986873282339583110237584811500756931581222261798251261244665519454527
9127082110753910247635597193870166622057245226224052535968769356373797845153, 895435341685533202341997327315909552603549142896074492768072293196939321872
75649849484788241310213442630610507018458629060768541637343549971258047288350, 64799737064922414473312190021517112590070300034067260440274510941999052409431
16888064498770234959336694336605355525980553342258720335749746749521349266726, 17869480580061975052259525633695810561097862025973148593359153847011622803777
16402176113113339533227772675878063138887228152656564180035227262543856472290, 54234568100532406783699824953921032504599635371368386834693465149114745563468
38574497191147645783557832104402062791180927415890116315451597857583727223771, 54768808377978928580500428196751902804653107177759649704020632405491429395748
43317255016889767227891356945443410246732023832708288140972984264184727178272, 321644494922023502014435242010909527759324714769683112854380073541124904061
39136157432318052394807045626245770293514243886338861370827840822831601678835, 7865038605399232997599808123642919847431570499436473469172521936924120205207
5590904814386919809909507204851204533787104934361612907050296252966979941775, 63517025367650074495299556011777900789623871286944267236820209114881221877203
58860282912405153017510352139454213589969904164706025534177117764932840783901, 39595996431209172161975540004446302823957789857277561842181815076800668273182
19616945416207120202127030110525718544094051017540061109905908942183547856887, 69512277457750873232417303415739550208442419148666807717528274484221937207135
19803584334236312301085234900905870955305862718737491225516472287399785271175, 71287981899255200044390834949784696755943526390543336634579271987883763570222
68586907161553775235235505381784809811817971958042448187262734957429836583432, 66273734787082471091233249325348319480803575551176519100234880865284438936212
14077342636526880989950688242469565097559338256670431360109914725759459644433, 58785103857479615516033859147146275169198592058704183606495701525229727033325
8569835501840419529741040970114115309836511415746347807816829060421059973488, 72580568756834496571741446302795457327915982808127740485820279677929227482838
45597826542703819424985035908813931493984097973929455988241302998135276273524, 64273600925383318790747169351466426554248054919362448262468623845818567869512
13444445003670541513033281481641165989343497027140683513610617831807751625414, 1792825165447699744593489541774375284235206124720390172981350160441973324845
64049664867113694883042411655900273491603240371535191965599296365970634491124, 28737712644657676941504191002102839813675401740807477748982152671705404909024
30302154043494465738420254256791496078098527815241296448195663177379881933496, 21140860568285018634531920391111330523235418453474423988053333717922563559724
7156669971573649144201775905444129295617319841938779871229822005676552121336, 12553356561428429624605988466744354395332203882481783403389622649318718033748
45262989048501037136250846037419996052650263114107539187416230163100237943548, 51568288175259402452122358394635342162862576580761218400821810564486787528930
54668432400757607788500953554071851928850146091198054053288312557352627355736, 57214937537177136901598917342238550803851242141457767663754796874555918515441
56743934297514807891658268099136902936775293315597957592479368131922142145582, 60458440240412893645888292965372953031594478902101355924002861252674223409036
72780928123856749939945419376986365055632893390965987973392965072043759532400, 63694980864561453033194235749717030322775482725875107861492509844338946815973
48580506254464920730092061979203083337703355963659946267506388729460379184421, 22539478008882979141571418670674194920219541442637019104781594768537137324147
17252837234296104130705951311314250118839496128794205360888949206342395212970, 22972319662711026082616854275418315930577066952396718317025296292004155405247
12751147237923684642743046916905828659260294003443085672654932601644418568943, 24445806956466521024539480279381766573140720703506956507639725651621368308935
60237544112015100156565020938741482864514901100022667306718203559577987837874, 1009837484946295253839190602856357528445689656132886382600308081435691963625
20170271607873889862576023729110433258868770952880351504942002961634932262956, 37275378369046165581185145046904347844556058386264625978352032587603029372473
72012339954313999567455884270629490753759306030440199356686612848269302202377, 127487560680007436493044667986826029656277403557619597432041658244827755339
18564351501849198132375180783346278818042996199114558619660778245259321550838, 63286634672553744115830318301199830246737398145162845811276498455219495838317
979712545528392744515529891973269933315569405416026647923715520371172061844, 7811603575708212233807203674724173242106735208241392078231848508890789413750
1464574129591027524632275446553050762009209033769909873844739477279506061691, 60983863639327818359728569793278894125059192687365918278845680424507979378661
75677323041067594356049728607102824708168966825610825407689862249953758393049, 56726854810716084344105919107772631496744518320295606663256659349389953444652
46445521593377048737163461258532085666257091291794559663970814247906037854642, 58244260232387055399612493320671907516263855977131774580193074852235982513614
41558831833566837835867550546622195280091558905092058490192768325327400569385, 66920442164135119139202006168562142894719976895540967374118786578361250625633
21883147176199063687202404332265633717334858067698524972691256423664783151719, 40571369336255732572605772565844575438374538826514159392511071674985681316365
2920946293682399520329211998695454077958869677819036626935062693973746486149, 27347364598595088431147387901916821280794814567201608259341262030387322317969
72709590112913492147114917803563711900581775075656883507103290525939347385811, 26155744849645092860774864943198031029724972670592791145519017709100472473099
48710113761963150233864940103063999711359596654661953918164031474280303356352, 87355327299959607010724409948702123564592422188266269703987266383935864174
26386576020922782815127823325119308232991442866251623887724364173648479520703, 29385240259740047714027754890584748964674760905322608622113266864852711031494
3556365590405221030775265579541607688250190823406818905596481552824001481410, 49788519810599904860886366469388953713562237725985285595619094046554870119636
43780384356288171170160605098164895396935726842609631332777976687920496108930, 63763155665663611368214056321221670186124537995391694881600580740264587752942
13437535157326102296016580979985563167059105454300164218899294212679034485740, 63904860877973020827773294558615531918571587953240874294437842014396406834909
25152244882038758076423249639306988501877863929349984388470803692081103457864, 15220568217691628337975374712009205032610985176205133421794381029499644510007
47732000946786563212473933022288268731510991451300151690299710799040712689257, 42695986980003864809779282687763984974889611006720237225102010633722564685950
52620215486080124419656444083445030083064592217604976596258287621299687220102, 68052572472445951107039980726174224312436396312831183169558442687583609552439
69721784986007810734439205776879514168085759190225727385589945107174029593051, 11291641631019837930099230337132110207435015746010581713289615079216327569877
72890761105105211787860789359613205794555790149489090228047841418523828475221, 69670563269984444721000533718528406065561775052900411106951649569512459434557
18662132849673026165631308425549275844387546719298926093860941024736684206024, 32557566974055362169388912998868719365494357885595165653318726067784027694847
8094388950907415323473630405845744150591318751586676591393772684329119217324, 75567431783906025301968553928524580441080604265661206617816332946252685022575
52501575924973926512381028568704860123147149357220576959524227729267396450685, 48100987887198904925816099438354883488107869966243262343876228998215992603448
60708710064237596611026867104653042385331864891968931754752633241054792132798, 35053282841263886654336360807264014850458301825694311713848675173239492722637
61359002822596975845851961239576630563846264852618170094460422884207748501893, 27885856314326516627832627795023504360267069761820219901456058271611023465250
72109933082895135261834529523686543838095586377881164116948437667003966033643, 68134212332308983548038188117621607967488602801414630336318121853010015201786
34313792294729334514431117546816822076872328490791103256328720456344157632624, 51673858161809230535219642823760262098179090432769346950739557063783518892274
73854467525542039683409040857163754525169563697361459633968372658199968392781, 26059014865195501622513648505959611228350956282698449469921370456493267368026
45116744670601882748459299644294214328071809559030628021669518345959681045558, 32030873706760872002306005479211506286512376555650908027802043185974108397820
57909593617635332319505167137543029252201367939212123129756409623622863936453, 70332468206733923301250023750748353880019820805122850706212618090483795271438
53503848754082960627290221217615603642926587856341252753091498900001260488398, 13740243853373685885798843468987754848320040086042867198384457962064442764758
9347465350999769214824555142495503178118357876238441368186889665629267952959, 14379416701149827384619751366216387836655554871864882301525378434136092739012
66778094607038055475662984298684481268798758442494341139554854673758657243221, 471232349176051285004376254029013788226721029789776651713060622108155377766
1101241686843034624167459405620054681201627367945071898060746328917236931077, 38668493216009956026994528589550799687988338765139672279853381761795764213833
3197459981651758453949679257222236217907838242132092783987213826651040408520, 41715754738077218212848035592007391237182766114098194615091386717916883866019
51598746847828553524750657858730443287154380833420798024612582226280465567503, 3053808548503069096659119052864148419957885700955227845813849423855298130516
34274773438522850341280919481997016190301486663404101615568770244517279420689, 20206117916021221511026792703392206239974606646209409403289643783430659277321
7875783347781459975929535862836577730615713304849569994341977074359601527321, 9256106348359135856796976629428384624941655402330295152537008185137083768567
69759060978015221047557673247959023100515756598628713529702708889402497885571, 69255388085294145707951128257223387171065021046146657206004723827031464602888
58405588373346592732787223866268911268013122475233430176596217946661407575737, 53445266016046149443571038943045396975563630342616156829565760591738865645052
44225975464762237272155702259182570766526248555430377630827752890229361309434, 57139406955730741568708745476240124844363318834663672182527301660231056763151
24877553779263503357676117203688179832456115283502879798329071337136904933221, 75817054597558809768909290864157042931625822367881015898973924110235048394753
31796771679784830493821965364949499208748875853307442125150235135431671570831, 48078453806167456922487649623818928534564511735164890106093149580537175918528
20474505271610764415444104420018029739474109897244292408121238920181365239145, 40849928169181742357706135565782921114550475690235777892664355052898607858810
51780808029255153884144681329886224813319590394169980349673338284361218367105, 32012598946449791440019262703066108048383901626527744287935308983187386715766
2642359161712286655386775281440133362503849473180571059060159345751669516997, 55228287014177245668284139913313603963046143835054351978895424208569068499588
45417878696321193077578152048225657857074296172311604386596409964928917658415, 61753576446007774929014923334216780735232357656406057261820182737086995517461
32574069277792047255851234901909935543563413785569644824334739491598909228694, 75997751955217773576501616254202996345199622869373750069947061941157070639672
12800873628610193544434320641854218328201379233760148451082046650840170047017, 56669451282154260127876452495000829912562763925912779637299814126573821807037
5180305842374355087360737693079740423828119453619557817152787565778848617667, 75090801522129788716722806802326890847124766893628639954726202763646152303588
53077238281574584117408913112394351664280624740754488001185597998382866802565, 20916431445534563699792232523236121867096176559519927604457004260682787749609
2729961299343659553994331377803066233335522267889765863993507389552665289301, 19345914033463395115749063663388979745240834511638176511875471959997013583907
50829067417929595339295823716874373044056241358014584851358239986248847053800, 47779077759041982696551077727924288685799273650238732567170074959257271204749
67611398448389707562299350041833747143446206076261777049467292857397708649010, 70024608614709209425836947252996233454696278275416438142623899283283850626642
73325509026048212029557695758378503921834203303191862502808549970244304804879, 55100232525193094995788938048588228153553589347078364207247068020038057441551
75786545814248716193377632712471971986639701883606742036828467342754388221128, 16604106437839757243277990731893131633904239656201568471390065980910692698991
14245522551173608339525110048286569295882949478783194632548679667400653466761, 62624398440214898209368056700511043837195660952235564929931774523222111420885
4126445470215028812788956919681912674058512593642769271882566535408601830752, 53776726376101853976254886186724988237000839654645794824704128826530867327971
73414553487944045089885064753483609797815084287236504099629387502252792964459, 26446526282889706009975990910579536172505462448718956068173580217626669714739
14104657875075368495021680223041809413461107590603719519065514423702393891629, 35134617971355109436364420216558447631288996232572450718415892285460870263533
65643037934922142499898346827951794878586818469368035064082532678382471442203, 20039601503513368890176231744755226977861594052553917965872008289141514865103
73276298501971899835514715682340926497919806091971869225761113986230997907454, 12755303345089988338279364647353831283350270891882862578652475734350878582269
64370159945687518004228061769650398355910203697370290627477615064966383758842, 29110709918082658903978902317248449190773456609982980433057934242065413836435
31167218670700870340304573837685445826388280508178581346127440131743534199403, 55044094826691284031877647355794804766435080219777289882114221668291369880127
6295846546378089418349131435989833908647469721044748676728304790622828388800, 34140683168958377477326264745233335933387610034320472282960097244154323468772
24857000467879193876929429956436893618000586912645946371529997015292392485533, 44117692092304196945015136819305319076904071743905410563760465675390653127976
39263902085364375733707271291564655646846454746625830874058082235285373478143, 17710103831717699939760359627229927081805742954975237751444599607741531509330
54924084918623672368053089019828430360771913550913526237358142681133188189303, 28280525328709995396607099665392131038105971689219603503658376116680427864945
53570211370660589171567674255657984482617113076300770263998448087661488343106, 3595923662289740146906255991457442232007477858667996594169730636162965315481
72749832272927593065749921893569509599792468237287001273214342511531457041886, 53338953944895091866556098908242967084819175248734027347755979927237746600946
39444195459921580917569575786290061651294889522531638909849517340479412605735, 74179621716618671266887121809202272384735338876699908790483724732852184781483
20878293701726133902260683516511146700768084153579587057750741057672946926869, 44882473679010639866030809633561155502516572161572214706276274753032092258301
50365236370396849881983799075706466124558335727924828022170725461858863087124, 28750108912986642762509826453764029874674345806993751626707334684361360117903
5110031382284381879270269866320237361325393687891151457871831754900824781124, 20008614906257296583149306127083002894940650948627330046184025049411702654917
51945536432122662431267490570855654384046939978828181584459549751825745022324, 14485808820265285125620944720388273593915086422065914786078071518643664159776
61185455089163578839740905571092170131493624938034781837482584138585576932513, 7655807014504078718135301590483555389660963869637625463163344251339381232407
8706044832648016237755514245502782022476383408552608024516612702413235546467, 25466615175675678098985915589120992898973422587189808721343388207759734854385
35744880721541519872941376643251457034470486832798718250847295064631350140087, 6042272834538936675752974617276602115873309761456565762398052170316980818578
65833615099307557226668517137831729458753613395834831835584122395065406723136, 13801281288395474119708040637133740221169285392704934035254557711281190920725
24318033788261281554296125625353549398753589617605674914560689353076363862490, 28643585651297159267856997568384073701676561621645711125121958770587745357197
44723266210436545367324163340248562361012103080996124277899771360353195761627, 36075424664903507130900818465600790239122081274606123373829399969151691199350
67319573827800255611123924841059179273214535865677693332342657635669023919598, 13784198630879301094791263968573791969802929880492205430717032737308130999471
61708133503747829560579263472318374874817085401197093202547138149743731913791, 15348141485979696536542128921749511618438983227147021798541784951937491190979
36052383967997498516919311417901872658005402880508223690457611275220050213813, 59033815017184898296377852196960126549149835945705859118272694342131575063610
37334748385232092330395052463665996401657157860025749067187721989651796880869, 44067272702230479307492533016918567514771453901337791577646772337084451831235
37339592292876849582230634706511430607087077212843447300915990999154831944264, 60913769751890272733419088566298524480797182747434207806667520118964881070049
29319656572977609910726372366602095115319499160910326257069265971348989250025, 74535647366011349780977948149868598887146490083847344680981319029556977058716
75608276819419603458159931150701730298853230931233912311679570405361088447390, 40343743569094546526886291002532717739310544398811395055675336552172971296267
33846202264932422202927188776377168762283586619024814497894321056511458697926, 14843086196394220043679088677506186692692418757561973407923880969601517315539
64921320838852178907134156076807739906866116935344044107455806127781906513189, 2610855936929639535834240624431938070127383286407374351053662222624288958636
62098268793151269480407934867457903810168830250492562879607926269023484988035, 17704510694221910778513738326139174497691957664306792381681360587616860478511
8374256621283724475303220409609961565648746418341041620481222681351676934483, 26858786065433907600776927874042843319353454117617249867255123365497605909069
73938383922467007651717607329463770919616011989869206265603285148046461702738, 63014742476158259584942733879061952795798594923251878699816416756803262974979
47249582456581998086955603208087883936496463943390209961194657153579856901737, 59132583540946453026005659554053688129148051620960262414229484436539148200062
1151080801026361808018498395628130377817276703946338376007231168696001328511, 4912212849255333673907660668479423409368638997271673017889469160314740896394
14482020132491314304991818173414784415589717655600181937424988920254863980707, 35503890901294530956615651066685522540743948679181451657556416506105344624696
49499230509389900638531051873344347511869900438707561091106082183394483201857, 55360241163806974930858350137225289412167828856348094211445569933121180258221
67337036774093011146618505044788618781386660300627511283937091723849081269262, 9897264096788286075034134374765316563416945607195777441246189245417880264819
36654542765317804030769941717947463814842620624357380255646552430760034166725, 18125908317791781318826149572542718782853048603931310089119747519797993662955
49492711832799544914556150077150693359629348730846113393952329121549658509795, 56699236048895258443710178848513845562519561688745335327449214908120198237213
76543834597534621418733006063706011357410062358646460137856918346752542876693, 55141760818272216480275407823484518975868177125931615983110044732938455301026
45039585147604642003916824052280352054950476158647805838922810711052372143914, 18253700675931328989231589776287209514701228091279653379505034753299707518099
23319820628079840709604129021476545823458699221206166410446297575033278585337, 64337846843145229280597512483125403263457348126193000769590602847013686508440
75576253449727172252507244425621938538369878906775573522040145024470188159125, 74528900131154393454933660247596709696338560909599105782133536158075802653617
64457526396560789190285005537747407766158216724035172480122874077086279996645, 46031361240193961389400495488125171505575961319781758428022213711019560403290
34429111313691797594090670116996535413158446823384587517195341122282128982730, 53015119346541622912399458319710584474880108650779687469602726175180867889339
