Elliptic Curve: brainpoolP256r1
Field Prime: 76884956397045344220809746629001649093037950200943055203735601445031516197751
Base Point: (63243729749562333355292243550312970334778175571054726587095381623627144114786, 38218615093753523893122277964030810387585405539772602581557831887485717997975)
Polynomial Degree: 6
Polynomial Coefficients: [38, 63, 16, 54, 50, 51, 30]
Public Key: (44282490590072758484815576444815637159423872445000452810296027449351650013923, 8861267295807136948644091534864039147130137047667636834675221584312656716445)
50813670981653824297669272704027622570063206323452073516424811090239387191140, 71065372195307438050700411599520850562747811921802020817180572532507362697856
30166500862543957856088304437572200640555908332467911316166619438297725690208, 70914595734691189546976245676380575081529006780718256985805739787731527694855
25751047958700712652304558806999096112860693563712162193453315569546226872804, 29872007421062369053196164855173488584652346155202910693260900100722698586167
49818449300048780659604107378559291121878140770342125529076116854975552305590, 50043130148781249820984675171960332323374006364178716997178867945531841285339
27659438868910336353710112849386633878391013663346058740389252196805500982587, 10598983796627949769111506269372127154092877318702526758122976790712931018017
72581529276692971178137326805480576650745433674908838905222732876954099764363, 29487525768495688789193996868644076943720924556947146549660619109027079455910
47188591913845331137884898589392092100464840149687471622938692813161864580252, 24900194282807708239881922051587255906911451874880807643778208046278501093167
13663092457028892675470281989018502830734051395697470293055081459623384545805, 74359856661006625592120481494561915356417925617163787940378797587073246819904
11995176790419418481066142972507897886425316636502811948109057994614216024271, 9482749216320792341397118819003645170097736957962083954383839987612450093528
52728605880791610347434420210542270307173991410144360227457812174733968000727, 44503912063158370085507285998209517583819679207921473641603765131007373951277
75396748253395513321005162309386339908723433716525238656978092072948148151604, 49874849461144619884971452279568372972956529112044992905521857321272812072366
11080924964680736600072359479526626569317991223399820918463756604905783200528, 11654055581333526289761953401470134410046732382969981694530986051623023809857
20998537060733547357009770230718895305912130278169748177926808877177618730730, 52492577087204155398117601970334742420469007241203135578911482586826721811122
46126374436261389725662675224462104976408093433316507670678301957913831375765, 36480587484480673470693664561595661964121348149487203026191587740796709173812
46681968327804173853952368311422145791666683474890815235595541596393892001054, 48760505660288466342802849702773409416588550424620114209242288575692050215325
9990696416124202580186520635189574525569190203345945727731816491266221583985, 72861824589924257429499866881390058960258385517415180236551917699550284681963
33717300422817575714989254397246001369210393486997190868657377205703774431559, 28987976693457476135173056293175188982198031312547790183589544860008534819297
2720428036911282195986410933575907955755288215015048154886583980275294790852, 9193399572522736361820744818484378151039872661303336072018203223220780723817
9212432986220451456032377185403801194009041733940968489065781466568453160623, 10727197336502646386918074291265483213731470947808088661970459852748943756830
62118395855586146554416365689329546812074230600613752300483177668772839698860, 47845139939553832766925548372526153478384394207688274983776310006426858490694
33160679293863641899933190240301989621434699872482481535643157552348610951089, 16405840952345138662060677718869928267927674926270037515769987072969526690796
70193548918307654097098029277990630990706837563090192377996680960578297250391, 67188791959445158798201139107851355736833244367869172783724154538311540864168
67724195918521966233811202966461533117772279388622629163800336081005281139927, 12016355449593395897563182633666918959146810812428304022039070338262613315012
39409624273578926868517522376137303336214193657796835628372368378631893938651, 45251258974040629003321673926274853550998030486889187940944926895975037460216
72513216932204627235003802084564494636306188032630920874779099034071568908325, 71814253059384615055789476994440141113670735923726193238360234005548035649155
72516726067456416132671411659173900686753481575305861460110516419144154631331, 35938287438127263473201930054577317525016370985585782454354800296677045649922
15448910372580143819786119275435499101895082832451513396265224566081961250750, 8725983175001006481656210631771090132411269965745282700680874703920085772806
15097293332132810395309843150647460536198041623494301887642139883377207205030, 26046909937492599983684208975275392726513077248308052026233044284993160989630
5144756884564274240665420876597157432119857337059878546347794430074016902843, 62184164429770431735901278720636596868882180382855024263827561055397749144389
51313176521626812519349157069311710397428775335113322058459196103653573768280, 8079157441632926017794909154549850392624111775696948411169355524820662691639
41385667568113541406418601655451076215684497008015253153125380280508409876823, 9245591529440643898114474987693503177036318999630790703012743152754253189847
66718432385714645859450634120755861992203151196435930151236347905029386859295, 27074957180305893945713661335318694201641080812788859992159029109115815220171
53283366840553911794362154481034546450177589807635697964450813084410828398228, 17747744856574723596614344575847724806452672880778667505308111998728329697320
44529021296808860650900289775047934099365979358066403076326564528464279076861, 25394829848064207956150314851089708466572326353538090379579139715512925521438
32602345759609516283969077048503273883471304323154905378465172870893895019572, 65321562191514577763796031312091628089805589950567518733999182492922257462605
29227252022896102807418965843921962320016336730804385283319571632700829665417, 34072242011368486318832918421529077738094392688210474999750311600513749090632
12223877015660022385848915231517326593984024795978462501909603542963074488939, 10449324132751722446620114829989489944552028688093527940736000619190357703014
42323413729108045857465401199356984404654287899050327831355947718835793449890, 48920226192018919201877097772467677013637218888925559631703108960304422146440
28092622048576888412064513000560707684207472506327929783125969619849488189807, 29161924683466909570498564318087362849299163666083671664034192477928269609910
48144768709832068864790407096297646628731480066055497698423874471739601661498, 26672162005533847071704586693969045736292466346057341220905855116305229906015
1797522519703923418308231113684483992137392517201518224613366678611969458952, 5149745718194425910043639291205216810190171997544847478695612797616533188974
8104101175498569519498896300392988717459398571672585484348248615266941793283, 65884758674797603338999578852103091696253963599508739860529274969474843882024
15659542311775650161382744781551086242872272044311528191401495128911702718687, 52761431275646678632848738593817193378615466349677615359060310018997222249409
751357933335113477254839010411864951736952360961229769419616141262495242358, 37827994532987954219545414668401689786099386783205814189747104961055828505552
60764019684307127514220549095440308031610221925429260049085908303946866182662, 22415188271977843865003599098859191661091453333432424480199235029437614561114
51848512225014694946374594930100503427646337062711343608494892515281264533525, 36969677947821655302508285344411323880125768717411915840843929063220625612067
34865685534547484849068356791520068444762718626509139060079939384061523493154, 52390234098912564292610656813971126520465459959381445572890285077897045538194
21483500843822650070719176433409579210536782864628266403187410843938592415937, 45286033694110643831535470108292592949087743878156930090159716951401142241871
24742894512428479313973953369536171040810379046430146819841302156260713488695, 69407252541439050807603002449668528708222901390841224465769059039278840336809
54291389182660065358396205060036185357068519752160595019774309002608801757787, 12753783317693338033487912606447438381280264420901168835577792083043866964215
65733869769981026086334704468189184497027390290295190043531970350838240338014, 49947805572365452579851979939360501182263922585963854908993070487101088828694
61327922638450610598608015414394140397919689727025317157212252849423795549764, 64775126349296366233528788899054076294776650801837061526828955930712894256470
45170191741347919201961954043154704155472194163018211664822839501548406254961, 6803921600502377548579731417423480812115753206393120172738884358531730907271
11584496343986828742370658379199558748938109814363312650995463581175618419400, 23193134382186014607668633002101164139888520667745614648818933853859427571759
63701018535133861175432797767828739904707316677704315280470448082946123272095, 59351943061771797871101408913871353611069407208075735072323576477310648028300
21584235491057730067742390256570591421708823940796903016559385249656077206256, 28247720642842193783432089178007277672153245172746414583072969254593345090240
51495895069790713099244366955463872106360475083118827039782091175714864400628, 38337125191954878394651349858195747078302507923135947122951763896195235854854
4148338620130952135017976278334252040214665906247694066064864485397588043828, 19448708919453424009818343476699691971498959184323209546434117037279290025318
19435127129796738510816027685167524555830247712866906004130402484179032378688, 36038289415330295550306307179279686447141788028819573847336911997612746169624
28578008517070687017400340430045833811719476077052739035369126750640626376366, 73586354302732940736329425872864999339591162729576395789613173210609326934029
36262740942048834590824295977458935117607917795210945042930571767359907666738, 67406642102941471351237642755665672526400827488784389229320123443593615916393
48385427120551331573695111603690428781087968881355509077709051168032232428436, 27678982991087957298204994033922544552387608264102437114448535935219484257718
35397861755596689928178389851840343681744068850501160523275649590689447763828, 36692032442513464681441546394690587479259842582092613189910588492774138649602
58864317159623153978347463960862578225415451760902543939572196978623825454260, 44153898539317925139986872818988159158258811563587096647076812394389495304460
75935060407054332536706721103420542722813676581411297390058263892350614414396, 14751019382351992237653621140206445395441483814666969133224103306584418504957
70938832263637639887523038343293561984354202625311912229664996735665788707151, 19841418180131500353714004497029223323519691588178326813429421791557902554583
39341524715234146817964035679745225197483056067178311447409485018730254684306, 4968085162526451372550457861440285487299697499075488183782739646152244716822
11997027491515266160197015506415118224258340156421434240358183887956797997736, 25706006434958056718329862916396134166190460923869602230945894584474746028318
52110433578465880846935948484126076059780451783338343251783138253135776519658, 38435757630383043215387118816875665541923265608855837963074564974831255096675
47511672736357127902140030222300794760534055641699265005128888210015679294427, 49114947154994072511982230970007363660339495196118483724804946232152106245642
30514645234451898516185581292314705575696588730190309888022177436753444236075, 75665469500436814517419072583269093538416303688867201565784202685876159253569
38411613781557573558506364488773114050880664958878762199915953506320108779468, 20970198608458752514307623850529174642062918832267141187999234268197028180698
45037502688387591826318295713321625728992105241218020275738234267911140401896, 31651370744870397965746493849015424291897331991834849788031384715439157487998
72601163745101425407244592423393518309266179183479681726059799820671697910987, 26794874589425397457989750142090085185787187156174625772744029779767654695191
24637678966162735933866019853582968231899174134896908666239192767334583461929, 72528482679793534237859641811624740483987216986224726382933147594602417265189
68443938259652101102751661614594259506618910453376157854147248444624023338267, 10851088174215422089053255944228246082897444160427558071014890539781748957119
35684081128979533983349680009769038491398500816309499273915196652847432224191, 9866616807254777016510035891743981464697773146026030197364262639740379837757
24581486740280353376562830808834907320194131992858485316702204508460294638169, 48537268305987196251860192825401116721373199173326352271440549727996767690510
64400480317201697298549454025196875320056340393695310228137673239280092074251, 69358909316042183622238865086521384230148068857868033241678183389253225912329
15979308373144781483346855738231990048793580752858972737763642029985797975892, 72587925984531922610061794920843604677357468456265408685407113649678568736601
25183899160263532551719800105302638976581513315703305643175091537265279794953, 27487203647582915881869982526023229671312476123829490234171406522774342361459
31946635007193067509155258651738859428717307613674357192899175969928081395078, 64695647645914151844392637813646762779211149668881670351424387241670869117916
61340610151044322170818637799236478686409911579319221101248108564348391943980, 23958482063337101837166389577427377833611370081073009320189098571938203691619
60923937280364353732334820384784943757416726948115331939480780748092217360534, 43653885276175368608580603002067376163445519659333651029116442695920070918931
68828566346070121381238849918698225035061760780500700817179704030131032851099, 37851188694103749245596443053354226378636753980190396435314983000527562684493
40612130429791543735505026908205377401248801466118897110038625934712642553313, 69402741111231755606430401698792053756814421284726744238133888485099101385588
54779038551412258373222003552425703857774051893325660758474807717131531849384, 36451775103762340729697956808633648576336021125057901671057028147747373757864
50241662453585880941702392200565059905735229109432665299333130894235894371019, 9846449309318807964263562015063683349604876351645336707012747111755832586316
23486645693517941379235633482806416031660806075883589096824048343997123578531, 28717213684562077265859061662669288469761770258220227684967943601948194334028
18605719242600200415922063033418358640507052973759739195989150464086767972307, 41126036790792743826509403073121680786463127075668116934041197219750851143681
11942949228563855392281696950393993592657054795707276281603536053020930669054, 32546456797915464238599933705911575307693267661482744804752852485383066947575
47932098207067784633489056085734114363928673412872935202504366048207800184691, 33785566059212625027088318188306132075600723050821281597529970975440778319585
57702570217487682474889380540388874549993335616148084125893981058938784779045, 27902763315314856403568304758226612863504225648395806798793754115147551537421
58311726140438371389553025027440739224518083992249317687877535810900353853223, 18136737567607718494783480032717480695619275151860898608232143827226010014978
1615292937392337712019488170356488562439034580849918577940328664354155258695, 66484950048203379912630809088782371752297406111375368199604314172586460642726
45530061184809545753068838370600923627162795830328393783756308923328099200376, 50143625903891242389627314847459234133548998820460796957505175700487675065857
74189577758426598833045499173490122460942879521149394951083070726974869939190, 74376364561073775402655862638584664046579307430074140692164393771020971059760
4542549603270594740057931761580882474622760989547787418509374409301183008945, 26998145139443547050359555432669041935615019865276377545292734500303298554175
5867974441853782454400564389064378611343430007435957253298286434170751274741, 58267126713295922787098984435925985298171260412306323327413859938337436907577
28856739378946953789973161883202251355339329774761977799603481951339676879998, 58071316743228384369043356063740206972157623295094698745958068711793261097776
23253658337549122731463016854939874375990755044241985868286454167985315936275, 43542219622529866645466313331099332919376579542308719195806119113804669176573
65061491722149058011530024800156003686038305950696494546036467534412008944940, 60259015222823841517363525132297324218231398862791822240828655822469463028961
54363808118186689868697432758208290125022535859605322047875276862569255914878, 52461166455991267195444727310025613773998447492902365450372652107242474919023
27567504240455336751932609666115838622147899434151205928178586649963523918334, 43816434388245419106865970720512116436344947295357450076674070962749653074721
41773531409234434225921217672874241545667707133785330454021292862796594146615, 19841421965822637772603897927117318050715761188148375241867145262041909783749
35555725179710188551492189267356049446862662046520797046121487371375320314845, 66942577241436037559643208533761163901860651162839541666163490568634487119880
37349335657942375415460556870758344961779553397037099159163839180405640363501, 70916479503309377890944026191035061115409998320655710579738891948732205278872
25190299972139797289796261263996605511106860693088305648922502662165805494896, 44170505521420898341853955260934589594673072178165283149457328578859026583370
36818898093096529685146533654962037577574800032493410561487576068508463814860, 56418183235810218647572873255680587335672170499577927749907406082547447979281
41726552026138794809142379474217155829346940012468799379062084917109737629863, 19650189407499236547159525785219747089185598229996852507340116534242117317935
23396030568116577006281285198967937273991374090054522918094456906056014890376, 74951766198009787023314732347693399446771536462147904180046635835908009002745
6024289460085525626855658080104590423337680304039047697300063247203247795521, 45955747447311493411479004391698852076647582214112246662469779117859552887359
18024028043471949957943843564966340791816887682216028935223525234111951476420, 29766104131267879034494156882137140649230425439123359851561907616742378995749
71238815357809232044843249005300156437815349843389419127893056357755176877718, 4389332078290110149384817672181441085615436973804365355546515818233236961274
49930310017483501515704606075142674318356085167891746735641635706488359417868, 37758439000546812759486809815965292436911677579747942941105835115251999740668
66940593445413048779411020248562745057406460614199405679929518298781880991813, 11937458781545957584812076133766543578100472998864816297499635697925354909554
44202256521189689300142681280136461556125138429421768248678590583086808109094, 46217141874606457447311585080401768015948010858591679339058140486760189214831
4018741013743757759772048276668263660998700964199196309590978308417876641815, 18489703079111602113270140225568241138494920902119583748271394677080434447819
75971578599882436912107267377745265946948562507621572411400895976049763213666, 71729347867621959571045871774417983326340793540314223288436483538982899843862
46605803798066048414278176278369031475673885828218261985329131862293321397530, 58790445757332869473577298410220223339807254078215320004498204647086647118777
61241531298081435400416210267597566715075012461505865568366276793442050706728, 39043090696558683311076639090882023625497407821449381225178054978388556209010
76170049622964080394507946242398409363220952638037093547639618386909716160693, 18704667314471586661285709553134980658684153824906510526115876453798962151224
72221130330910095879708081987087573306738589846579276958243783697066839731162, 1127376079044909663639662266644256516402839724441841065261763969301294504142
14240999187913986695552625931183329408485411306432969876279722843805754858522, 73544183300296334091552580327084416017942532541148322901239515787289257220834
32151351399046256130961208398389522505250849772562684945098676183802551655696, 30666582400963346451731327098898925011947138056061683256287076823908578524706
24107505313722285560778287554405815511587578652119042363334330125332379661567, 47586504344394912530252505248909423377145619687836745854549370958809291802629
66704084622677483248147172222448289220809007983549214459258288517692321329702, 28562229418706191168138856528685049799971536359966481943609658952998479671473
67086871669576531006660649227502528276501657766769373453971455300240190588555, 28592301762027483150232212991101745522354395170900776222986526456069958403686
7756245523349746544296587608742027695744891230473400177830551771790182989423, 32914629058091835130088592493927288672858132705072145788500366081081437779365
32381890930381950011672644138566769542907759954347134780294249473395734574149, 41992208076977001069816567766294593010482393232057731586603979992427307430477
38917185488872034707544748066751021975742001393255137286559498281566633965965, 35035749255854080495053132469264665898636550040010876397449925315356577845318
49158741955880105834398731455890136010968002194611175107055446011287300229212, 69159376574477503360619366965354918549464076058733693469562277966085816238449
24520075083660843178228957444774756941755273524067282302258387275190025263443, 74290945525926816912467476538549614694567036533214105999508738395965780300527
33824881267449682464510922398370836960529183170095120306674356325265421172835, 20028713167020718614769881767442125726269710143162947292195940132064100248061
72067618428566873191577813910078142771344818422164049109058406901939995474110, 50436531738133146390092229152698023836571214750571093426783906764838413314634
60972900145609187821493750428442035206503552995510770177687522840220357882181, 23180037578216460888535986640973675119412878080998263168944831637816148353014
55029216558661885699132492412667104010471286110063486885524090676330586096328, 39519260702999680728355014974636649496952686121787459959958972986378695246632
21006160247121431945503622415254338567614777560683503054520967560533021962293, 18037584427573797380831476404725683341318511145842299695235947049480419833603
58291709832894942354343953887169225708883565285053240097626375842803216023476, 75508994860655437637803103434918515803923554781453907114004192795507316552490
71001962704117924670250362700506651290001797507184375218615688732547401324112, 67827896384651614733836116837226113911919938173229401871085222821108546322540
4300173956814181485502953289983384921546695327483997792859580591329473698014, 6310331323470035575139059597837348309660180720536774299367767666568274387208
17344773459148796582080241932973178332645764401723915687035429977800205256988, 66708342477302023780848348454444975325427440958672600779662981167117360096867
31333665777722958285085633066268791336937838674764148809746947903006715746542, 7151389059252065249177788134521004880545794376480611568641725672019498391858
31386894378283047625613531853120988505681110877346153164540922242957747381925, 50838836781138555744009044841270486111121483913908692459190300359551312888979
25218364092495515283163205850883632289461334080156419570971379772933947264635, 22882570603738589949849931716442594465726720568574943674810348715266939226802
45864442786825581895759190106347698278359543131094503394846367723888581480929, 15042797982679851579847643365693060276695692980720860474253910621755964102329
5075793617468792275384290068481782000918126627557329576268773219983573914188, 21509496428720342060360972443380666648479830395217905073388506354679174629997
12322536914270095519412792704200533371153189249640349532706568709187732781398, 15417654247120723967458637782642176057639069091205031632636444235977549615290
19649747324424309058153407939196059162203461863361691774755735862806096769868, 40258354977563984453510677419908121740399965689653243378375309802986434740172
72287936121836854287468686490611220017750966950488597921476744837535586256111, 3558758941673734213345338435295284032383891626778501296440051954216925862923
76728890277964910135998271095384751746031232770933375636105794390857700916708, 43222594273491666631357135444486099259135054540029266751967029214644194540915
9979572240347366668931735154993157325429802484371938957963699357129789092626, 51481251600285991926847595030009656180938363520784894268080108336583989461930
53408785988421332848967357049611892636157932838010418797201122581096602208017, 52029366506504100824361330996725022655160183556393865536156559758278137534227
75873007267840244447614144190183989394720931224424227262217268306458165082126, 41643049084442627067196509906019321224160997954705653552429242157733618189718
69156922143540987937954435015879191860891346205905835797334534167650688581150, 59709153086380261926470631194668153677445520248486709336248486771641180983713
73874897012193449029592283468645269502391213025479833981505805195465533524208, 25167655710748143517681759653461630021292458030326378594315277915965151195475
11464089492477499616590134708588411320099961804887485156590540205916844965162, 76659655492843832392683071867626142939367044170208944027956063080853649822076
22849557331158900343509900638047236333123023049938024513950027317276304379840, 17239278116367028203714004032709750600147750277073474568104358684553693193683
71578673358566940395195489165579088745215273385825506178841683185442723881139, 44329748431579193971127677069769664948606087067700023749293775694503601652467
26898204881023533183103008118457550396083006846745991614157791801346165532760, 65513524442369975042122263473283205524512512242649169469047141824211549519283
31100300426333661924001296431037921833042477737238427145892778832681403472555, 62904665478414792220763726892598156713365703536701181920434573642372010417414
44247818011326618652389622123599402351693470060261000202104295319489819258707, 73525902766027371236455716860402574769592974912305225788758898109502729250831
437382089199119561254307392316951172231070576488821505078784851485424888152, 426889575215639628005266721608799805098339872739480616146770476684347880766
45564429462443709347874494752792842964501327609913554001720058123757728289827, 39849008176386834516118642477888246945706595915502825359331211802053054884787
914737217733423479375097124285807321666417970845842476625621015381073115747, 8419209192782785701843182275819981527374501118075933921080191882320998678296
53988758514527446502089991445526959710943949323088686843501988362742394824097, 72239338673988785337704261464827275683838086426544129034924199452179320086786
61892150897464005128701832519803640983110190010493115324126609452665342611669, 30298820728383962429878628618566054582915250962097805537562141593247137503788
69603934396884444715443493240715571668952971987146874193900747601422141059692, 44881854531775798132000175861087307568605551839611725931280375613079893320155
65004346276649371825604368312406444671318510561265035888636768647722399831600, 26548789610394117912596933576405937338889119021287230709304544316313014048240
65900331775160328272131425183209810974660224088575733566260620883904837420115, 13522833810220629649854348085221474823396515545831451316055206925524026497094
66598511443500979817543130284579482122261911132841459876230525073431155960354, 23563212726510530334999882740795914914388903102583582100212290507873666812233
36359281584123692380083471104986013669758030200202331852943289604292099316248, 48844249060805216293384676433541368728068219021480695000300876545850960464643
44338388859195584298034009133392060275648689320292851193997929363307693795036, 12923750722378138351643998583285245595300100922316865039562877618982956768173
35185733271737145881202782161014616886159061364536844880340338405600449761795, 45534103745943047155282333645725575826642701817606780328916884314682341573005
36900188680907385035884966786871195792006066032537549610934749026183830349626, 31912878407484507081373466825278314357953014503232736140237066843315433543602
6604998427057000566761237422356991415953704823593729483443027407911890573423, 37783182781676258107025035484954670897573644277132314237442586633963885138729
66762028560745928077365459567674993666003033072863794598545174971308978529388, 34183187766772026231529740105682328493949445782044275784468330214049014651606
48906868144735148992056131361352240998189856490517682779841122000575923682525, 66057308364859170345229906466149535412959918191078136465308014959903082006627
10281120227492704550168689575539134107267531509559751796785325098179544356799, 37257667706765470876671448407510507392383749288703122962631827140005661632163
13037110681695743913320388547239274420079137187117761748738750752303190214820, 2084104258119578882580680236630187150381746014483647469003708994622241496792
44913610827151732740688833409692025991424201717088202496137535185606950696319, 61169851738403125464548138043530615136328097673221298054554868806711409773064
71065687846570737860660917722389535323479540652247966575621736293768216047557, 46571000146217794241677756169007103749877140288039744873396086254574195086839
65460055489759278259495818546643460658084314909537695012707788089386857279109, 48865197374994093042008432471915753598170820236044101648328042869161843950912
38397078184538882756977082678819635925268249881263913871909895781536282278747, 24500843150387680670238135554207897400818721187135552941292162962437728091214
61274320451332959467010119916884830909816944064712681241712830080527943629780, 4815559137455675921855021878540735067801256545180852321576500728986248402167
55007140565815297931896474547188837005732484005556822399208567143547223196215, 8218161603049360383508653193014521446335295068958807666344727870199897893177
62308860731828647813496886142881692860872426625091584232117641818335539527145, 6239179979624613632802463365730632052924267702402003832182720541769917288994
36123635332927828475326038960433857961500506969969076698558953366859781501745, 17390723014967250669674728944723941704599160801986018838285294469598811656463
30722623537552103488907315605344072494805399157108014468083819190511243078729, 18904737164386885576776682646528099857095858004683023677692763721874631756301
17905303622122874472393534030717702037272581061134079377874870844482094261311, 74879351760021819458773300286802888042620188581843328677465784742578443515909
43572765583214667069514115500543398434099157268089652907620233114273238929346, 34417365803774522753117029896479172368858741944397841614245741980488295392535
20715726305158065737962645136736108388971188034899893994332887029462190227070, 29747765938825551674607373956535473982248518590618943756479618183011482947921
64461839259439702990790795951914539271060618064613042468804159947195873326049, 38368844517768727316691876701156975948650415039532081598381059190453206452652
19604798496187546554017281418037771443794294502159230280576422471180854826708, 11357449023345993373216120371304363814751864271055874118074372902707654345968
4441920222689437335825373143248675474878074988950065004783613662612038611805, 18791937761676468172982324655782399592168382967215836550891863649211338255542
48021512880874231039606671921174928040258240944760394315091704285506432002541, 44182055553800344179984397854956112476390750775702350819916963199730550650200
40413020118546300635733899994950666061060257777862459747966872653503852375604, 61077374473641403032115764468594965394482274060741856378343571229749790547134
16305961357022963624267938556846992990969011185626910493543122243238539605136, 30439434952066458062597434221068015364668670113769491638361873556830858427935
70330509972770228118049362030214979822972364831091523351208472949241249143018, 7801453264932114434712036843904532427987958118467035948644758934716436937674
64504732102825148986238357447885865223399868730526685450941018602452281682091, 29214149501569595001451887277257378824576585726045588293190796886951828583368
53235892357405749720301400446366403137618825053877850104776007409457350897048, 10372820146228093144685502982405889168605436750509587265244825010689006621934
57857983504057803801697162548498807156958474530172037751600779922997233836014, 69716626750588136339371451106369109924821272473928841292464446231351855939393
25320048390826221216581289286452230112761784682543899931914087866920405767823, 58517396545869045568304299891882475013420277458334403075234872000118723205480
56638744870809297215301220988868081960259583732463551777757746485906310141460, 26214090482586343690706659795319631651373937366493910852329165484577076329331
51297403958801367735262536794560410912089543180791797039410297753067602949815, 32751944857167829284178197562964687379161339794765409279563311612993192093674
35301512988068689194311738063564617998132498879886225227272950021427083644506, 37223841999769878483855026551801152300126068882848782664953672790666549235340
69235101490462769352783607837565565308778858342507381420304701720892741990540, 30868506085085426802617568160634047910387752422593050495688293595579597638855
15304627514655668966385708860695679175727146302925081960235560679543436263081, 37496822186752628718899600448423939100900889243237945324544378858225985114736
7348565551240693695027841387648651875868896458219690662929519983405460650975, 707343307363699920711688188658534997274696147175695489301017920497296130851
24250448865557599242565990962152023271635668155420365712854958460091239297645, 4117379433493886739753689372563004209106484549431717222401541488859063331010
7118389514132747494089952389411413004179946285916577830453102861007007546669, 67167341188916442854994953310377444374765652903243621083922313526545942061195
51578724824708617465592349824299298057396381553948000443906087982852606187485, 29757762986548794595012406841686449278202294408850771860810428030607645536103
10006764641824779329221161815087456561958645261900173004978124811823876987681, 47730430109100238079085397902393312889508851745427122680106427518267296217422
29145659268399726286295363234678933443963161032175704009777816067043417014797, 70186921239842384057924540598637644164496573605488532789958207745228144535161
56329247186379450480872508789009520492814943775985220759957635650647614995312, 65663623275118615651192848416578457346353430201117382660634865813589352326219
13853322550845358432564267838830694709622391324905491062580407202480083206882, 56001828692734388448408892410544839506471520027067849745486437606582807034118
11336606144898196121387687010497499252041478130252694784653313908812049214224, 47188372641252928665544056534028395508634142048577351122528616037620422114233
71798911129723908591773496291558560423684542100076321007863779565942241099, 52092465939625465681351152168741849579525607800986048627676317361506207766989
2396147246953376766427803774912044944909371766797059018200878119386300729636, 32121120904033240071668718777790556232445519834318461346620238872311736747647
76198565937726323200386396086663151263610221068752268576286467542855357134411, 30882609419474466764496813534391136825949584916601435476049528261579305736699
42829563813307876819091837772948883403419280718858435842433523583230498250882, 38433776549616789608738472944982414812415153407762920184645905234926602434436
44277685368926858847536366890597555519999919346659506250835513784868307152023, 10299163358221657758345921885520537644383613427415346188213372004393772817631
32533168138276406659613694062380517909458931302441147942201530184473391868867, 72241360260116097055779430489557862769417973868942418372241448092658626606965
53474433277271963834505335103376042139465788884336269753827861714074421538828, 24812454424968954658838501639890079659923765105831259889368154101573769688458
16584399590039487549847285962286049628214841657737551289004221629577237499060, 30835402584025096565057634732140450087390717712477902106988848039328060380796
55900276091545590725557669709355647061887447984870164000169509943024489953559, 22452524635071743872185686418375854654370839731886239035139522078392829429787
54086745268622029892126691217190864208827020341562476480774539545952714554138, 71601013621963481234285635067979054552388902575699555795729284417301332460967
51430704869083706865444060568729140298699963053611753937618579626656080783538, 75549502503009339140208460495738408369759814406171821686637656681642534937366
50597694402289537941685002766231159569512433813876750094875317223547985947384, 50933689024171043128882374127359222909991364066022929512071477805777042160524
21562704651702990804244098302313460911826809667242715407199316685348483418718, 68646850013576408040610372865297419181758735886218497072666923580119804145121
14436869794212615330117112679808533962514433582930001282394386488882838575930, 68958184756129457323796579917120747851881747279595804602413805207972407416360
58113690663827810280763676803809961209048110542924380639858410417170456758608, 5589924867122867046985820309873441444666110346708069012494648274136330910602
61532724129021106579971104090815104239661823993038370958167669237056592085275, 9823910395050410263045348172586658765524045810289211344693999852869188710110
33903022317475063370002496941487895179941513199928725816735429064454358847824, 30859717634837076547159892005290522081371218328563875331539359606779601534387
19958428493071140476264472072632196394093954030381151717265485315932104226312, 15805552402874599170182291933085164877010444956952347074118214607302857118122
26612749635442415448793248352661880264897584483343144417971876332208066903583, 61807148140898457258407901187285076887468945661323086717829230199406522943310
46533441998336491312985133072298207653884394803661750890721270901059288732888, 70727602375116680483810998020706282095532983926098293144177591606692663409101
30036649177121718458326126561775861157504785231195440023507735371082216542677, 51669891237828534840229712021091372586997020618770267530312406991852811437349
5744208810076911952623631255668638454416116089864697596289914919261471644893, 73536786000925729846903150747257535917143020228850890052562217312497467145315
52812113406918987533866458484824072264246378041339094588578519923494774839282, 73953744698170219591415581290567854000963077570394522973907165688903921535843
3077580691839676823317738175808344877940726491743076286225212886171723125619, 19150291910535514058752544683711804399063080758120376507964041644409004252983
5528415920398999899241057113987896630350883690926896167639316277739576711792, 22094896049901195729327717271614907202445143546156955527826194848380166177842
68519565133415028368219963106732110337732663832326889667240960634371998953713, 74737291342728536410650040417950981854841220478241437886257369373476390565068
30353056341732833611388833833856904983774077488345855336632638041183729569385, 42774996593051907268635591703529825633684906596639191564842182206940152969637
11850943109489772092905587953942527129087454887130298427413650811450819657397, 40071348260474341847188324214459949327066773520360419790078886663814952016629
62527937084586891318191431795508677308729010186414348573861832295644794939303, 38531478166369614096967283867730307879035970013554638416072765746507587005471
8201710245717469400782875031550019892448125427388485524243719043036141814473, 69536807364086503173796018019176472229850611986699768178877919508593670928912
37270576449856813757069544216213105711170364398821226386715551197468160363841, 11230236437855231616821001163078572996434687920904389479370822174128639186099
29594020156362702633839047766506026739050844635131344027885639229720497517406, 33637757998611156351287521707877107445970535747579088955873546591163050268670
6063590771119109532959707403674645165154928125841822132975445855187367161804, 17594834922000979180161651367935677242145674728432542583451552864475915994821
38993218957968140225328872511245668272264293575201544995474424375550225252896, 13760168671689262081942938662708770698231858736462907900468392067811952248600
35884665290800926220984293949289035448723351989297403653471984922146359221555, 15355318467756821946460963513314502667526934904859112379535684465427038377266
34084077699827458293609543362677968026866581396256549633055639243563392158429, 25310824869926233739286156359477979714886909259879527392123403411427174609059
32327740944405352145521208922385027992641554711125650875372930944143618241598, 37027496865478366499171907724438430797438102830836716726085763145433226033546
68423980203189608623681145922194550464237500102180153936526697084474430078974, 62392935180422775836286909373915107077522736566219633249306769631739939782207
21493569729963246453665884884985392730233123258103717213758687116586682094903, 12183431656747741917412704402708735158372584510518997583540359764684767877652
50997756336918989084039437912147539396269221670270739255992632963030070019102, 16792615633526390036019000094071751075052668289577163526173295477208427674593
35429728712289500850394617251611572581945643268805877136453108850402751133695, 19314920181144766084357875397740936603836182701383953229670023767825918289864
630750618782831701528601075985420053427958875925239014148048108690342795816, 22240825610592627403445889611537618152335796986200549639125889780835882214780
10415273593132843135656016634860556725696479886510174346985160375879157576226, 7722122584037390481308767663887454460351939565360165037313999988839715078698
56920469128589403235971814834517790118990656130488679768579371393578671076294, 64204362359434659326045689138621797226619529827184380522623497884971679163743
69200990523719526780513512992846184781536432567632708256484362679981382193058, 21700517498388729237058545063748067140502454859916660517739757077572798120623
44428238321833094277700749149136459186247697179629732751440543573170447093038, 25454789398591450881632650519866567450005349214268500691613062101538156097232
3335425812513986468418381804553194095992815365941431533191395012683463237929, 73223499900601221418921073086574768055158693026583294271321348332559686596277
9254784494265165410834118185580894208586944112461120549505232485587197173849, 27551996018071617554954752663990832710802610487680339545016009870118583819360
57580237238394179426729728988807702007660657254732250008710397218838549051252, 63685528124941974880344202484859890334685657421795598342543959449905287153826
14102963288383155243976171318903959461813324946556955933398023404119061340467, 32615515554678326609579964326796314836658753208435481637436860057955747156608
36383238544643525275528736882195434210875003687929497278019729485153388091892, 29368962817621921485107152958909832303656637844944083725195263725744264651986
41916093610175466892579597723376074019105634479789627689725374263705736711179, 14738148712705598620564570718051732251227987962806190984372854503217088487493
39341398804919183363227043213625469823747861106729398199524347251317731136451, 30678124050286919548178514780911847172762563841184516501426668246304171449534
46711324855665990540873406299105487750432375472973643171583351784806212808094, 64909168056762164854001878049615627139439522344305369668712520468236540045051
49678702700577742504450499669893396854285788783591514213073819751486560094063, 63265773097266716485164541987355230669514479906720814114406679104469193459736
74157710580107127333821822152441576905204520098221947896764387926828158903577, 54574006168519372496066646866543124692648783249360060735750434288758084959259
67625715068310504089081943434925579022013281065546307436079564210096946927812, 19081110632149546951669345234220964659557513298238090530998996625567233139904
65385280482828424481397505284270263207231626129996806320311016592173780861443, 37075426943940002341112629466035301915401184180009242863820258440868816133376
6404858838388411106572340135568078574912245204616076131363068271479054919648, 2787069071198747222334326403358396517191752687920874380992771551417552435575
50810604386032625789856338184817543255514006847555444398927085307122531856352, 49804693516732608772756160145069868167047483976603682158083209693266624239454
72127693983014672003480425859532668659035188111129132192436282116640413567701, 73177024011624590586179387937322699112358794019913735065433420107903760129454
25776394376972976060834714200914866714522434769779685840278524874138192962570, 24930979890021768912698463629588699487705753640886707657590468933762794812781
45300145583092231763662045727016628989845379149026870198641601766158944538190, 44433733520757626074438244078802099704865510282900628291232389135035618103479
52152037053131490312587574847955747095310453442518045919134085957470214311154, 61093746624236868587736698054934424322665177956436580071220861421801329022325
45126958439421592485202529555708922422010494254923456863194681979397547771647, 15225781637682530837824837300181819388581075844420181911323560363235579867421
8064142815482787808198265954502647359037765224952998475938128348970506349520, 25271107244622943911666212234589536809063965990615341170308718819654450218305
57075871515251103098801389244622480506667885128536935079794490355090560201428, 28969762607392312842403494523978493255243129229911341099088733432465201385210
43042636785093049453656703713047104372471585041293546291092392258008875613689, 27498143633885205629836840727700880020089897037931030978503718079061951887848
72071106864097854253491214129683609211862739523846493582320279421406022579581, 16638928776981148303670860003930145051114899216136442860534010709515335497495
16844498869073613703361133781968088885998890208055780116084915084929325624366, 35338953935979691864272945511022041948977359239721788345047010434161316164110
16780639984725223555635869891187856575861214254149910601272658379695125123939, 18155957539602512134590429812779408952760842360209866459562373722464034321342
