Elliptic Curve: brainpoolP256r1
Field Prime: 76884956397045344220809746629001649093037950200943055203735601445031516197751
Base Point: (63243729749562333355292243550312970334778175571054726587095381623627144114786, 38218615093753523893122277964030810387585405539772602581557831887485717997975)
Polynomial Degree: 11
Polynomial Coefficients: [23, 16, 20, 33, 32, 33, 31, 21, 15, 26, 37, 16]
Public Key: (55590574994788602718545134907923899095309138834928233303921539848004812890028, 23939033607266659393754054003988871197996942359229687442934129676167275201414)
76285923872406223919157947248420457997794250586398695346128881681231227963392, 11808361497527540881557924717428237880025693996705116457388353365251657559561
56488500106439602335184552649858395570900360017353509278233258730891546597566, 60950793667468095531820414796943016695817603734876325936822469136401648595184
56742033311809539869786677655785402021910295994214067279756131931719177985185, 58068027171478156372772791101789180748163349816828054333554530769329922077454
46773209476303011325868110606837056821233592148251165838582596481183551299758, 67195013358656610845481316573135280373361652814954495128500238065395753790206
38843377816545359616211051960765410898627249717198661423383202711672960015626, 24843094471065246046659312038338286301288024087846992132327349024664870154715
21996260600571036274495698405633970220755752819270748893591738062996350012164, 48990912675338247051867099331881741654719538072264121170735816611013284473105
61666074625450833074868801709331948094522498475954931084756398403790574903333, 61206791791133986225483716652767037775503549256414424571874730848941496196852
6536843903256776998336341657879860692541443467233975812876739725957896015846, 4012597178460787678332649454288951493215150307676717640119457040406666321449
34100061970497083154272907600225013287217956266616630005285691765555184403686, 50736833510695951182047813734774783391798093901754505753621401441157081805041
47260566628730750309018321993112548863951809701728080655204173067566148979169, 32204535871906103479604977711645585386907228604366409970909570796173006495427
62686582247149997308544589205565543680201504539145301712644378925847999486914, 19289998523720082085486291912955835932997860346060839488447641680929352752020
11077513030751263152516338753901406077884851268452107225059702771725841846225, 52094128848030750750108520128824507758996003249437726586253035375369152035461
16273275858473815997295208712012106137548082995346410192427544774243251583356, 59356145450552503194193745278942768878643594008305559981145430325156504671096
19903143753835941608531148353877382355418204773256136606066993646702452853120, 39294583570632266215606628384948963557960336500768753478925128177670061223597
44938510209470615492801347883973644657312629933767677731372348319577697651846, 38870070641822510261345786864722908526120523450020364645804314329644172676194
18583932530361537568160937404845139972571385081756236773291163425001615794517, 49418132248943231965330047230147809888998433795567931280885051486562877567673
19882785272507888602673444327813717937977523352519531178146767276168142180792, 848292252644791811776299531885392814213675738572579772416821090752667672690
34149193597968775909388699121728645176658199430066659043550992703497961288112, 45155539176425578361506775261427824596390752046779975820942010573291996747272
21247816415146926146269443331740364810148456581181176921725849552612631162964, 16472073458096427235578402450151040604568666510355312835966762531320421464955
65487720354033798822354045836080405445245645652042828861521138846040527112392, 36233317015106853307081670788611913515858990048653152381790769786542523953558
74258633791005335076234740800576052201627743679951356415381656430529341871284, 53848812427007137146009560666802817060777611242946404410750118888426037611657
35911335035324386997261072110019059538111155073631561541526674558746769405913, 8440654105591900098441446940190588962109230615095114736594649656529938844177
47808551367397390768909560428556821684148494415618536443818553780300382412846, 36078004913808455441582101199298018139893153545210965052205805076971180223117
22793628163394879665836151385400402156267843223581718925276531428483630322914, 35674617521569807754490247434037973050788143633543428747383293632364112936286
65265208467440844276456440276194576561502368870698541058179762118023045924400, 69563140250472339636145738075329778834993579769830096330967300842475930072287
62269882422865160190607667491110018302367336367824127423145616461118767297578, 25833705244856509915790152507742813107913677011830032139347192223446350783311
40755485240414892297462353082945497650860366566022267139147212955486923445496, 16786846841397892401075881793122559148333994465566438908986694540569850906223
41037308304681966230866497411359652181595545190363664650123519216803116565801, 55655730998156032490606279850943756676726378740150886163513973386215954166279
27404952223728410142315519885337496828179318150637166482170717229245113117665, 65537542678965754272882960857687776704507715656636205052428437103836100030734
64471358883192807884851425339421808026193813870971040457862089253393889199250, 50113422002884741495487205711990257044910749886892289227916267809278020680608
16187979882151267082538741327809512985266524404842145524331293584875559323688, 20789381038528370423687641741799759229905085631560967135163427406765083490393
1175491165982552651555890284392640515424654012135839177288233638290263819638, 59138571257310472786790535369115502160112541199571274835928902832580606657200
13113490152546108176723978597687451211169248629590906367061946533983262541977, 61652439967668812777896455433933270308513764868911049642825747890726151610991
40789940095772916570192512743143503876968588100028584756081433119987325304027, 18196479646466302397548229405310834170154241027914459008012883399188994393337
71979209444441095219762953665194632592289871705729617262308244312856609918189, 64590227139923579404073664283960432037931070046415286749496742338588670403047
10104766957432747163692337489899877244838158926918845331661471990998891721386, 54755041710449150152515663380576115890096389946975587357661051911343349353652
5088756657504887446320043772633973106250024043057760695930382607452235641341, 10826553467991065464808998711440335856127144875042745213253111939838995203321
53765117947818713130328699928901515656580899482588822655406996389831267347879, 60609701619479527733681554326074902379375986920746381730621973448048133126667
72329349941186889662374826421685940237755436351162922094008281170418227971182, 72939465910993403892915326298715046144629345883116982398219873508463480461328
3033142676663425989888911530659773303497290777700362184286025980906887211450, 15560946194094834867105643234069206572428068067490465282574749528356528007141
57273830345441254874556329677606988692832924101851388783917042757415509786486, 34290647804184568714044184780339430731884148908709812745726659029427977956748
27927119370023918226525051381636572990954181360210412535504336362013214551458, 55819039439127873931020038355893228157176414087153876006268204820910754223488
21483500843822650070719176433409579210536782864628266403187410843938592415937, 17325851397340248030593486159499811908596651964935547128353224688040849029978
17554631971889615699897547343396377332543862152353635318242151726955930832449, 74847238924072429758918289195214237945452858908792766776028322248341768099487
73199973758647845923156583185583777167086089356181236611029986688774014774851, 15168695488647371724685257273410169816884924392501993840672415393240733065194
43169217698665467653916723273678740244657710385277436001432459528713808524235, 53961528310001417107414215036253650086195635708923453386722281158245179548250
16094975152206349802925978347768852353087196436080864195703424229678295843961, 24246468384838041398295594555092132107140765486552480182807613383913277601499
63511305969160695649951299131151991140600396568921450490366697061251681155670, 38015758641445161870710061501269984030867105321011627451683406500493990393071
67029314411869262615248229666515866128002244044155037977759662903174185377937, 45677021192195226324416590263008890943851707691290783697268293704432747545844
23839174614123219664593619036254316245138136996875896637685044990662698295825, 19471938511012926990994733992955667193444814645119610424366214331289278814145
63348626155532364108555458525879626895124724434363464324513549476961023175377, 41994059617202667412133863751372576461774948673154155321952147571390074896510
24996747745445784250894704793682699397556904334111663997929495514951806863790, 61904590865802374502383001005537810028963932631569871284551521790680337038616
69013491802887480041797578588602215672843391825757539656656748911117031725402, 22975679377962688263984459685727658960908221026228577854590376690819992144524
63075899744452757270747206642349406833467259988766603454646616160522265939232, 24412413327153492692427886785505218605544884284792792323667897494421140314628
46200499298118930966427325727589325253583216783125087141764298066143992021068, 20886159289064311005934668516980066118486141355132226265391678788112556541553
5253129044789183458420839593519824801741448091207950989600749957816169390462, 18794435304147119088541969528174727355798208564768309730420270257088554499830
54823264130011607458467828045317297851633091666848505196746552571364740907312, 13790452622998223208349551684516469270942024050564600000260888369853623296482
31969490006202600357446401760609440537519536168067232747276450184297721669732, 75428353066807653928371371986961542344955909425132373438462771557741574949944
226727600557255438835640463947548741441756105719779477051894045109542111873, 64247519782121106309594903696303175104898174555997946018719957219379431886895
48051041334532322263187052298967430073040330103900319474360730092471796075397, 13207143653248695495641651339154961270963463637216520958584222820746513930407
36535856384422891777859484032571403682647069542085906104409717790172606012899, 61444063070389206113375394421399290213926189473125317684338500886256315721179
75686772894994949423027204336916467810529435123532641468691999514884248999411, 7041417624437744714954746765857577864359389560358539862021537097531275041267
10167545729231326999064848140435716711413291790436925869102225442889548110182, 11172751386251106133446829481171017054445432182604084379493244728919975226904
51096461600525278168766567432079024380123825189811696753695216640585639258311, 9493864038030346479486731069808498459750711988453407962002335436867313994523
22982710217986004470465140614900977486362053138607550536527854565335054040512, 9336891146877195966828356208040201955872605817686642075264085787769484642419
64222830023051679395756941664513809797083218055557059997506155078281379060462, 42497553984248439199014772200936714789055014474639157136056501666753383560420
75409766921100346172646580099942250176366532727035952434878440492846314940513, 19850230235516751964259331229684381537436408184257712095569290026491559422348
40933276385344590112000652519896690467089306692605153258298951006995176313206, 73210599692934053191253174100548817246656500784102070590577775784551567636970
57243323858580488293522308113321255152472313092236474442136559728680288655701, 59483187976443586796654713502247563083970046750542543118246710779814018229868
75315314780040173738659978288121399465056859253123935523564227257061778946182, 72276371082885973043643543838570481098449381794981887314860624623864409383397
52348869682836145071922855776552236201723493907698047336097759540027265934779, 38290789574357553821902698247111704682229212350542573293681490078744056662147
51878029150347828008278721843369042583751831244013276212848142099148512035173, 13789321083035841438634941568936871696994966482967411507603346996581531967036
53525009155157774021895704053414589787209878738508126116849250817793956140847, 4161587226740049904381008990288933193549844995903300440709995329645512223302
29648473820630666821925429161116557855182394675918013146488026539741474631833, 53491287398202084998210081414255739687387547880973332108405187394573603481878
47797844369204976180413603258015285382123948247736354791246242834830554776485, 28369233833746705353374004253785917751531261428779581761678878511594785456675
22453051682185623918318953558963718728172530109669816390751646880308471602605, 49821965714396529620517148488164388012268615452429263550092458717886961384984
1351126627600280805955701859006369026426304030628202997395242718518395476776, 25001511942966119992099645749230358810606823484013299939945975059183760238845
52321856043173002805354774070067561161045469245500166326166883287045060029305, 29055996222800864564630950726714661454418974759251343027344340212706425854189
49747649763483703551460291892731078888787378335055616255218334622251783599366, 22396998429210395262858690738881761591075317483850462327218751383276860801032
32757754737801495254846694855149416663423752146953036085252780523164577242357, 42317790964037157727753610983182108763136551024078516497033389605668635607854
24767386045880303546231685503969922363953451926407912587130934967518337461263, 74670304221547524826834731627485930312163813889388986396945410222326277917031
41573887934115784875672389827672966593802521851611622516457977252886495524297, 48703802336390579630672198187529997603115088302509229277962924209816761722955
11146613944991747164930430827681516034360554613876170428509934469698243405495, 2114658245281233701395073005004486167629238904706263981239542116821891187765
48872712435208748233090456655125117144684383595721701529988578635607177061886, 66285439088154668093231818468500131748002014258937814567416408670158886583698
69225327346751237269196503594294378849995177282809628782565478291244253038385, 14617695707904522800755222931770833367415511009736316047079841452237403648927
28370302485776067819545533728176462461408657648176131289686302504166113742402, 67009472416565762193021108664662268978899496503175815353396952932231599325327
15363526733104952985841900867926645315730893361798710407689036510806390512386, 48218164569104924349710897641481677428405021089617341666394465443396457265740
22978555110190445041506261796936383606583442147400530479539598205250097652186, 3559219766349017699815658691458193258625905500604901266505970168287227129736
52542434876314954455967159411696752944704500764628046790751456718510454438707, 51063991879530228758571752430697425713041252972721263385644199730676822290598
74975445383658807022777302278816816182191881391855207590756818280571871092643, 857919094093698079706371384292258479591459950980229679564914345043466934511
2900006152584425659399055693993016750119545947692599461603284881629100221729, 48420672517963655651954482570976143961289348987641614652921532273625309440320
31165940019950501326279318374729932782880240320303584263359822462200392336606, 43664142392933492661477130525381008147190143706046325184150414294295208724746
6524690534609544225461004261805129611261657666494820917896405802153889980779, 71325528038512334485079843971331681188310370815211959451349546115220564848776
4835639371435803831233125211428006429387245059353758179985659983707690005309, 4617286872383384310782785095628702510250156664145392278283521424916671827261
17146742981696624558153561208826157876417705043426040550891429487578593126188, 13425954206064435165182720490729750157873264635186669922269946084665184915926
48597115412516344417646892371837720505443816553930817302049995353754956166296, 51044118494555241141138910756309477167293464840238387762189163371588661131252
40151450494697906793460617481595132373510422677636830257013289846112923806760, 24307023940399326403894806332951304050706031716698264771890660491829799666544
72416893660639842632573273430905663155175920511669338513755066811671159591902, 60330454656429603120786777131621658540104555330892295242550604232572026984899
17008379710428306100509012501753698778893846478041183587016750698059844579030, 74525064341448916230623012824928623028408034580603945521348946978039558319823
26486022702664483659166714862639541260658239389429251050766252585806730064269, 74658126753899112267648385794874718413168552677186608412076838257415437197234
69507742946177588421730301493887830816201591267993578921713820272209493752444, 59366968095397344141892645856348093024957399057064127369847782242796429440351
45938911986458360898785544274452137859830848079967571148662444501613672217770, 37823185937291447451161325189663414354494619200628553306629915506283416820096
49838187108491440793724979467040163954194171791643492812473108322455675741900, 32447179620365718226258986883548115991871577522199878268254949866911574948
43277497172336826901229190664995097592081232866201731899815009381165160662097, 12349279192478523731162093913092967656742187655516261295472732435394869255398
11628773095044198329877092527558076731632788150803301048315116130028567564833, 32716563030069856050030668658106070444020066762825946566016506668115613057439
36728476301654260322228678430904241537794421957827079747928870076071048450605, 53985136790934722513276383894861797281266667170637119545532103951527699410055
32505515092414859047911341307379225363128415706211514289989138043509078004448, 60536505176226945701060601996658057632723058882194267765728041555161672602203
20097206112801191785443965482635615664995261918378835695433623868244781538327, 63168788590713971740780859687483217899663359608063672055830152964634486042599
35337974424596576523714766551450891190554293765995249769070160385110990983703, 8787218454106336818339872039609197222261596173210160328687095967227250130814
29016054916914362598890326132185241204030320099873712562226027142212077145193, 73200068441965714765141145324036065679893216043890565196888029246523025186799
32394564733216519452521689145276139558321386862184458999916339613651716946208, 39526501494730574717031349573135410607096737134818254796758335694761197087976
25127070213868927535472462618242041925145170531634171630399720828729261366884, 58473693614151904089192573421569980225011371582786377620034640119800759902092
66721239809733178153889717553421239493124502866907537542395537765188460438428, 11324301220690531538781048231213081954384794754914810554024987594764027640175
44389270055112556681616684833139465102737371054692183709187626079949749584100, 54907514948212417315431058214066401234971512764367023693292776637260868940808
64599849263242815910380025503234881046946035324281654882450811851062090155775, 71802303159157083606587154981765042936731233565102689414193071973014494770714
62303023799157032088681038344586250203528878344824917462719378263612048837860, 29605230448091045933332269206471229835097333320302560650943729665865120634012
65381680208893180880232308477731012420081168609317989701557351334616391433934, 24935167033792453639337130352908377702050086315393736384299787744719859531822
42692673060163815337811227534071445824014274557539647891250222770307381854766, 58052866491329300755359310899020465885767515302844122925028216009394032209029
26787875989395310500625141559844350622993594739927660534460067135124206802520, 60497323065021511992467124831039771907839649601029045003818549682657314214529
33459551068368820357657821011704916627907207730951580519969064572622315900459, 7978901043214151136213862496081364482266615747522820760794215291995977443891
61863367190964068839403958671250220545577755411731831861347633353286660065056, 11523841270181824993557584983026169959397128073200048567953295777260806695980
1295463048290926582619802419844155458992328280603290054639011974222100696628, 50704188782425065024774517624602141224329735504151087861069248137533263772759
47789735259309796769464492135042642054584315855821298738065812151736679310759, 21561766028245299691691320201154894454171540790961487136591575541319327180758
13503177097657637791337017748166704535471548658512823441567431669813082451676, 49570047259695271841442121126789033153640391727740977328525844640346768812799
46502581511594523342853935443577219218649725699398486990068905574002527252220, 33027093486270697730333261023296933136174412535840186583470912371966160497017
67113955899480578194836471052824373297405132288497323810344830305195484117892, 29410560879773315841741057591035536538972994370345710104611060392479327022751
16962921276946356162791715391843928056686740598056132109201432338602161304386, 42602265913440289424639172359341592273542509540385568837048608619995953234760
73489722056657203340504519102554282804799727222578017687332209888040763956523, 47030629202904532414606723967884638920538574035972557679656510753432182297227
51741164803647562137969212346959481843413795453848385687574384973795789639748, 71383340121913347259651558256948756177239108426543967767476466130805438263574
66243623649370579243740832258047187757405625185594146241154999339401156851135, 32177444017859560487527045594834576354321572718427660475776078614233520646262
54252158633365502652452403960259545708318308512438231604808920811536136771949, 40804742593714127655626702584622029273021555578964312104353010237292370349182
20580911386430739812644581233396508233012289836901149551183396067108810829056, 35216005785814939166179452154911119312594008316538116167535780040536124318347
60600425534357439773068561878802705356241885439129778020051403576302650885703, 37245499763104947355120178378738503428909777551295221546822627621961214454106
3401401204876090313455937628385748698972724639684878811536623684150865630453, 22978737611043855367798859104601388945477118381596933328016537177110305520582
36714657010037363436808306647775973210578369518836447794261621665666966533394, 8132541470876541071810735252305445372481013140566262283292514338859200219613
26758513830713125494468457286971538110223759544466339117027784878169731570156, 21600065788365517294156554827026097706254855807806532656339718530359311255174
41732083829383560335597574717530185406427305910568999016897703721770990418193, 36929294872742719411079180569095112749240459518776892424360102991867923714115
27539107964084292057062581444213733975946007163454709363167769849474239557166, 30513176086084129802958070215727652023072420109907803297230905317260452694178
41919592910777335225503506849316542115734685548338764830617895819939825050563, 67228074491265979529270045017921641964884915692134091761538143211430786199989
37085296800419841299963740524776693759516456765671958117733891035501904137330, 4373994646765660507068899425828634783878845701227186081157417674055995247383
23002578266001259413698108786636090683924587797718881874687620140286467565248, 66005550524448236045294287489381247670792927102025526585551191965996106088703
34373647456656967504728492376844379830699735083732919103132250149507213079414, 44262319490213304460422637898607970361771715956022432854064160428895796050076
16258658480939143813151188076621609864418897723181863613824752426664415978661, 48857140882097927421878217382026744285177598770388222773429510066751259562026
21292451979145967110013398755624650387286471874461897011123352678315758235310, 71192018586529512206440193571854848437616748107476129196553402093177023382512
2254656558630599818426519425162802813854444909763945711736436793165606473062, 74570923246001404382080144573788972093372655196522475361271079623620887325825
65077310490073520239189976969467528172517159491663331159256883858039030162173, 27913079224817866701103428251831407519422267080808381155631595858157764004315
64837753043576844145793503855089505409872094088861728365673336511346165293178, 54783932780954382230464850019190084661677452780874147102203386379418662227823
21392202108935779251041684717351373895081064784913669970561706826154810821391, 41993362071177036965229544487403458243148282602125580977739475127399278177836
71865598618960272551321492092234171345637102508604735066703835640712001608171, 9311685968825609881067627774883133232584489362983990299650493866428760521280
25384240968903547584542943734178144760732586072730612851435992073829195054575, 50443858816103205621324418423936839655693109138301163106256368641478328317899
50803969397752320525049902915310896371764745722412536692136709377941543098758, 1793101218379710539664291874513562842733667359735300985307820352280163141861
35576315133068551427832308112082938644817616312098240595057721074111352952006, 70358177082788393108496361804857119524670341695927083219104564719387110522429
43015401598602296499256594855446405281183417588679775101241130293387304591843, 56444473099360695922117696620641866124652412851182537428943080087186821512178
64297894780794608964138510986589145239689391290790594480167715904233901009779, 32579785015110389651588836267048341927327919074451305589192620636330022351278
75303242043677923413836870703042177889765477940163574263036019873402906317225, 67658049707909044467615575955971575377815626211974043857309767706855696303545
14995100575864640026717706249507267672974619293716941379313908637300321799045, 31286184634775787535589545029460029854511672837837496812329959273354570782170
38164378556174277550700458460806913197005184198157032833056857349499881344239, 7330902479590446227938513377864051745836280474976477466256279501970506319179
15678142029394796975390485189651530360406652878461898257872065407078266419355, 4787268561475281356264577043451411925118684769672769905884844878586620933452
13967380285342689258140308729097880909262091692093444334620755745190778224456, 45984717510103531921669688519634290584358120282300603696578660965541515828762
23529150244328577140572864823565279244470765934214425204450660253865190331181, 53585567671490982786689384068324597187042432301129316522103051185959046646575
64753326608364400884238120187033996768427139498320634965102094278302054256935, 51680826158083930334663037940903866221399899403505142857763432895881014627190
16705117157309888805444998218698858582010301690655082914457844258050386637471, 21510621762922621287639329091113061898355191053289897449268423856868796286334
14210596157819941297220464972558409905797807096577590069607799073940584507131, 3440188806122502828667951659563564907647329518722263544644326942026305509169
72461802611134019667351877703394585535874002701489387507541169605668841291902, 41222794225107431300440312906635537883851736630997548474283650381507156085639
10327983161042654797124791398052451639396732523283707947417119292187822522797, 59997895784902090894754417378666418696705272726448923151125471514999679512990
23973361088129005283642380816135844150470730778940603277697648150708979963337, 58873666037767950946113761394941742352097332279972830318589071015086994208559
51145573377986839247780896443348990546345667104379093678385532975040988604331, 54014566800691272316683977916483882652321547370841818761809334639440309663111
22737723106477636853061250377625756707991890795670981232727225664459008323575, 45236774356324384781182145456780409304320922319858635437413025078463325215683
42398179502530181841221179770897793119526491587027576714836528050837414522446, 56086792511419408409717812897220843553121795538253069558791311244953932629484
7689492633268080863147728092714817901699183040016036806586109829534627465701, 12199956612658105207103155136336455625986959919970775720351601643745288779383
49557658146966879245953306456891423628840696718343208156149077778896701899464, 73693613450104515717237765995632915006548360048841018175979976808878633599534
75032631751791886503454668425208870649817491989660652894979797487879363752562, 20303751681428809970118411073183278708919247810592803227105086467763328457754
18694393500829061465706765646865439854623070014031114193895710677193459685979, 25803997049382646322862154816612308617862187945249317435769648612759257846113
45377348230132561637103151706555948609590583848845971738677329869742215594915, 44468997965121056069583474305101237516833359452779741534873562215077953640748
72788479844872069738598388615188507618684576639415605137728169686746621014083, 52869193035775050068566312001950042866698749867366924947683325383437213851877
66293045163801057644903016041407391855032410373398723029470255590214074763862, 20463497874381155990776673521243219504959125026646924946330591843887642723929
7206195732849571616957894316510011366942615141216502751668644761410562951722, 70330569655479675574390424679636080091081025478221901884836185931820654223639
66141390157489568022219802660457797729576087817515640122844362987889648614039, 3741427063502519205709717157622994506556132250954987974412497352858122817569
11090886941442002830700621473360617084887991673113585945245419409818218116600, 65584434856063792849107892363160940141821903529960691374975849971353834183670
36445711730589274814425633672138220295204867471683349097034124590308386413340, 19667946447568134268094401629690617864831207669996794286418579966717055177577
69650237377512297576964602334156617623173287299601453304258088286884343551509, 59439780572142369844398641209291514106911477870016163425627147353324982942936
74415198097772444040046921939922436138567068804933553234832976456083861724045, 30701238675190039651593498462352834052670489178272304404651595876569207824322
20980319710111934961207198778013371475457504509012108101412793567661224221844, 27741555821059096456961530884076065194506793436303994725345341554785680164704
59838025860219832736919443389234756977015588768953074232646260457564885032337, 32504626013667113462645201816783760328228708300503983435402646717840843405574
41883559934958661484851933089125563240956384626987498903107776907695339758556, 40295843250937839482331048238822147734729243037615365993840827793494085571563
65675506543170662521810058398243723704404100148409636385506162607160982467389, 33007928783928711668387557773660243198834389899586930378424884003595465896939
4645704045278503305300458859202849935278384089217169668140555830320696917924, 17447778352604343699324684150565365691033942986133294686749035906263684336656
27925983510109149673698512842189917916141808486712078826867830261140597660097, 28315206997590542631445751276130767950544093713514857894973715395599585509442
6030574883505393408755729756507481386841166839174934492766020889008290061749, 5930994622081352206419020960069327202439676395307536335583354793531769959565
25080385943714543398389527393779283037177216656305323687901104573331630937996, 58689716018932628791021021830562985545248860353149620386245043819351844227316
53691127052412798393277438525573917227432205414370771503105365194759354402829, 33402271660018488981100142444273622710467731748316818511152862492807320250706
24616489367715062652670529191942460660428818766337872680723310739922926186148, 34734056314598525735579667011597222301325501683258296271890318508428165723958
29614569483531065989043120216228869630902875796279732232206971023494177275571, 14273999567756418499372415258658164106664624902782478445653083409463630428690
11691900245507486205559185834719458117130062071305502741464820942889049159305, 36705773881907937066386158666703294596552827745029983119727984922801957795652
64075467937998042795095455030016973364096996814359822341961235146776593612699, 40584125546148094161952564883222658192029259786186880982232137817110058859284
28394472500765435201708992233843423766732258692463604741018048858049865265293, 68308444989565711714967905970850582088163454919924318670838105129952106381196
17332590632644341927723904892821778222820877053262180773339123776875519770242, 56669013994937785361837093962163504845409143671037988254370696644594644685462
45420432608488050112360843291364317556940413381052681128626382150200573765367, 64048140223155437009211974111475235043553099363625956070586019361829369444738
34301392390389171551834095541934835181351843311548086869377171916702499610044, 27993207608307470833048624777647597788084575740870492422761199673092095791658
38286438582465547080344572831208524789390456995632120506255685789913176090093, 25286513820654989524630511229122780365952287768738939009254842805713990137831
21446067471569598265485370054924436198514704756466106949662250729440772936976, 48767766293052519804006122032090766694616836281181810055097608248740502332770
31637635275007558624091506715491838878570556918533443558913807999273460706724, 58886636600558546286326168165991314941406329783180604111305123620071012162465
45760118822562971208836390522558565187843571597341715409769523817312135891178, 45866470535458441305837368608841268206790141750009641034460985133408546941380
61629127602246889919009917663275578753684782800094894085428706450943378682186, 5863673130738396722793518007849651178434049505966568071471707881578268320760
44165580605675799906619246863873817558942394371164768723460912195693082883533, 6502817485834648859471117790807123239927186657742215564836422744431208129807
7941697461454575458297250924335188227397575882654285053051583761987825710321, 26094191068614711370302527508371246442292364720326511499070921099130574966761
23309120327845427873100949482128516189996510825945236522822710589950840492968, 35406649734060205375977702741926311714522722742293137749275928495789611826198
38361171743822470320861938217390035532665216103483771750228510057482138398773, 25214568537593961788987000464776923057779135471630852768070641484328278788464
8268351052512514454079354650470212697816483815569874945364152621013618302165, 23811410275605701443245841227671526720339370557077847944227375637264574101693
71471215714548037973360040589713367727978979777979737451224681450260126063134, 30328341193373607121740689507986422657402942909153870336888116185935803918740
64514091103336052065095897852779494294753868656550838073706908125882537275875, 51519106109595894431911356670936368090901848739414437711653797271196094660715
48427448427133158203210708571194632636643123037621905945345226513828565488180, 57335350067554904799712346619191617205369148008974659361335878683647099762976
28645060899147271788355159952914197307369910321073215685608885454873639965079, 63065347637071208660069290001318665322910367034361730298798066730137048902105
39665439048460364285414403623336337284801690487082122608517934684195241126486, 12783986413854746611177279181111075752920048618444615790047817372963156585717
44023500336455488140471455263215402790851740093663804730845043307779452403285, 58213969190034424810992294954703415184977621075123859867482150813253644902620
57874893003497902712159192467094277062949556840934961746783146944317284357075, 66696648160075810182552570124926337513277512669165988877748858789601967029446
28969813328685852931192497894965746811807483026444675843935167615155542121868, 3294044783404697186511063517220136527722777219550788268564493814967026681694
67709035320806457000032228647788435874207594622723190944220532492140583998959, 46881006254577216151916937710961074387142444991011184383105718759384184805573
8949718430234485240444905591221048110276115791747730652716466615694457459474, 47134421131770716222972871824787215982633222917359465273219402209283648937543
61300792880632114630100089573229969385636111615166491271585261500334825694299, 11732102606373792753766901766643175132026030195085257466437524233405244993809
22556743664582742526357885744597441417541825665004409951932978464255607635206, 69773271527150541841196897261818680357892081904313204293364548138630563976073
19616229072992388195544015094964777175769273426171015097766112918560570693278, 35762899888059888128728431857068095520320956485929074652455275248178373524053
19936145972739216843656571982894171452525992073814889997649151747987193154809, 34586482434200278988686318076624524099913998146542126881622854896356687385633
36126186053528759579457505448418227231889267168064361067891799588496977231463, 70828650650656431994094918810180088602908363281604987969868468307422282678859
37669503702785595379495613979802763559305679161815492786775197900438967253208, 18914776836603655777933114867751867731298055291988345532046652404958024058875
12910506953691529605205399380915156271816774474528163071545221560244313131790, 70299935799106715984400932341402087330968640201033789032411081087011148765610
27766104641789827897864881535494812614080851755422477057891924358587126930875, 50546248913236349849532744879674979630870917942468001864191399319451050982903
11450086423875928896583168168887786234384211936590594214139341890563724888416, 6676672862845751247332951875938593367723984534815086346097712217678302101468
25135397402852921132824303376836682904560865767667473431853462288629219094750, 2712881585798985029579769494148623735519370875622077446387631893134104965861
36778990860320943626199337119644863545137627478991878276861154539260878214876, 11742047251130531693513031196886963976960218742456625644739029793720915479845
48914378600787247246279504073585461059464029497463349922543880217262417821291, 39662953454636374141907720460187113838465504584152818689294275937639502053282
6168718841329381874916054967082053646419557093614348405927525797326751538789, 59981983255883449565564755708643709123560367010962049146995092433824019168157
75600810812727679411459004267289680235375211543843067435114765783327632886037, 27291536682726878946877160151578865865524263437650309189345314263043634385622
67090130632335780277386473643074544882224730922134471870425643703215376080256, 54804801342166657553356774596769001664736608420907069804787760452601605514939
33555728486065006673694948181996643110755729720918446130270895882310633300451, 57296790263977000046884979996516645679631007922400398117194045713813629146919
55706039982360210076334044745118004985869297042452527997161473862191576130180, 64276671710543723567491082583059638527895123171655195351779655808980137953075
60502506845035786468147240954110933729792843952217427145383997532949464107797, 63178530213627929128468325832081914234710669191325068543059262053876844933973
74756243675954125676909590436860749974575860028300726733778986838588281080209, 26366952977555370380851649629565419016694985016716655436029220716164393320706
1092772890016721458245522759843543962394473404652332669509351842741258209504, 69342375398093561666292488703593352645039409085769396459663833131007146699626
70541337499498270558524423158564060269431807955897134560824041915667347510049, 11186456343381953281518567183244958222516613840661767399253428578039141728550
66068692447419580394893918352227385494351951161420272929757769278127737318871, 57317774029336855423179597709578221432959037861607085351280613141072212479602
57582638425740926345826405366780093421176534642461790007186152444972708501546, 35998104232879772593358361052188264461223726775119564178439225299996708997480
31725608488495738900956872434573545211704336830617342194042748368395473331567, 38433161906895465293037392414320202514112146941750951991534907916864211273223
39300269969193639356001945456142848158669853917692540537270398519967668038060, 2588633358599186349279632937940057720825055054670525284032885022479901802754
20580118479977786888817192295110239349701316417976020417662910172246587509976, 24552243380710166993605472329200821514268950707776090931189590654012791452812
11774007970259305196638003796497706143673953823884637577909558358371317957893, 38228847547091187845179379445956884630913412157151364753573309663670278299057
7444745202851828626732017695555494756410494483673140228194556790959007997415, 23418215374555421060123470594229898437204129696436672854114940866807375158398
14926580562876426353785459084442835028780321183361968516039399652540641162237, 32884019036629251358881369044022324708445019517831257821299146320110314296615
65225427333014382619063316090333611720032795644745195489217539629513434823716, 33687184894017427204612206140766248172375160619298623784987035310411256800163
470189347827367134402285619477194317570283358958522445235826193034383416182, 72874806878720077999515468064433941213711812931779022077331865759415589528293
28075414744692228368356162800720539087061457619109007220598627217384159114042, 7950708288890391583835665280100524751491481939306672143667758820704940280709
47342693020991279182376751363141153480966129393478378483331578263447023863405, 58303220541412067588967529018154787079520309438129905720936242442004958310656
53864747391987626004433677073932449980487230186871879701806285678459632829872, 53525111777270030850573056951401899557097154535875182402795132339569074625140
59927589883451935316816410377818739748377027052500304814289818805160224082617, 2908666797145450277410868517690575878575881184850483702706354246402620041516
64153297932214789783806848473490509002860140312781770654182919915166923283803, 33865331809444861117932027143388036088670641841297486009695272283941383959691
51046635853694092724235551999271980947089385949175827211826361132511620914044, 23776573302940761284706869791793667887268496624736858008374017775352629175385
2437244970852495579655308441501827699361992785614935710926035683689803253264, 54508994535323584158758439378337756551041094151277839648910607964095304287537
13502316312952148093099716121474509036737830879682859615613896297389999721481, 41567840769004382780049253714575815074365489905259381117001769345538577201075
36512543011228015214534631482424904882407372957036542946809407675027794435705, 1217986836114259103037692531433425038657781716760574553194320495894865662629
46773264176468379718051963886429157727081906789551181037729590282114258798533, 41353679721906553341305983289012105292579928606949498149973506085313046700506
45218802117187289035918721896167468469912636749413586087227849561287387428326, 4135228904012371850593833321198364926868583354776689424383335648578399016921
56491208361107352945959235532336132651317520933009564855207437075660904346364, 49605591282574443907896598387212891636716500059690695661964496439413511837027
36780873673500786209153875230997784364271089254169001768020149621993666285691, 68253626425717003361253112538950166726958277275079822482377867135696563123317
10471924435809471281654244071415639366646197796114648616765438696604887843178, 51771784987799224306609581268674424808808102169996006399423097088641270700196
55416349710915871722708673627020069545980777848676356621757536255427635213915, 52088172663818349454354471393141231031779019918209107067168691027356709203991
38951633822138051280684247939753761408581044177635616337830808834814000027960, 55221892378554874603805211735677340701469658177014001406941008670866243088462
4403218508368734835398830012182659724998525837615774364205178014384384167396, 59415019086386307990343231958802262078737605098624612614085964699957056017615
16111040494676125450649234277521287676311322647643942111479748514390747767885, 71337596990124333316580453888922300232836987855087166028917928287307875558365
11567978387287573605996154090218175568794484604146177914134294032183044232837, 27043792408689007201606204820605306868440537094126046331623566889016060811543
9641266161028628795934476303521387165731091041859282930374574802198501562056, 1676436843092041109789918269001603320804194332013016026133179893187594296542
