Elliptic Curve: brainpoolP256r1
Field Prime: 76884956397045344220809746629001649093037950200943055203735601445031516197751
Base Point: (63243729749562333355292243550312970334778175571054726587095381623627144114786, 38218615093753523893122277964030810387585405539772602581557831887485717997975)
Polynomial Degree: 5
Polynomial Coefficients: [35, 41, 10, 24, 55, 16]
Public Key: (7677695129966437853920614585466270717229373655295430459193628462501296742956, 18354066648050481899229516557728553173760366578843951425554053419101665906729)
62004275187944480962908731870516347943864328012839241753411729758122454542589, 47165319970877225763162765055342773953746433106865251105096802583191201394410
9975487286676327605986727206032419228612089996552199338399051393437550653438, 6128103594859261088234882396778509713474900654358789654071198532021336821468
54930898964491095534026990705438729249646281299335943535407971125110621024734, 58161257138641920967331036734941671946340625685656476451141196999757243105830
46934786786034479227690328519593336162789347087433863033210544335783163713887, 4802851530925101421181740608157779488451906714286777978492325574935262671711
25751047958700712652304558806999096112860693563712162193453315569546226872804, 47645097898584140116988207974980685213438872870880731344462993721821630874070
33452286405523441176406101510455664217787376488890242313220495436715198035628, 43563628408816198112770314247234065726536593418736713366246598454133183897761
65159249184196582833299863760080409996544430306704555995293783895043899087717, 23357305229405845683936054337978741290736117882605336127271452187294234572799
59520443123855246686959255088557168625946224867769766679764603545040404232101, 76523605908963004691060198688664041903951640148576040053630735116759505740391
57758120460155342041175746856562459115884301202400609135400211452213807272765, 69976814073792564068529943291727307629125625303928611154441392042141831187357
71481041350475514721793947027231089154144530950709475491264965522443073215766, 43261177030993951528093677538251956973377955797053908288816101274049571856918
60761549552256526868483302992173374158298849356451235323753107244309373069552, 50995507870241410439268901792084632040790089826169878531885703042398439310774
41819723109677377963487294645329494867049154230318009354655780289255041837257, 3997426273429012897469784348598132900184870187861926419292227543617517184191
33018185472466941371043514997575259350940004947109051574372061465276103626841, 60957692892245859945570466736639256672670433059876387871418189442243258606805
48080835063094434866485074091822739287296208733849534028352917730391468822218, 63756777940912046547055909215142646849563282800971434636443597435986497268174
18626884076812338794248411446676400112085817493428576272260998138487141878977, 38775373515228771034607872514190784382651860842223181322516346619887934788640
11755845975728984324068968462430802696025751966463037058394554371849254903734, 9068039879042292540444684998607599059915194481299059731036570107789375076831
59497889332373435158729769255955838935227858714410498008086462410335104797013, 72712813175782207591319586665254016791416880088129853618104861555190779291896
37071255055612279540692565066684983944229526518171138525418478983556636230158, 66750202969603578825904368623221662048319998691565559137721772243129034949627
36342298365735731757876257160271161382384022018294570112116464120474733666274, 38130540204010405816535025152833470099793850222248214655836842589624226645810
35368283575540919866569115063382347866863223946693080408718262526434909270302, 40593791881860378219271494131870274635843061444677445983318115085445983031741
69499893652117462101824009840012359286665763306535045096948470560779097726474, 59629537054324804302792081134908094266701833572569280027119274560791758128756
25509483673702622584624577490392989140409587723871972389577240901979151983893, 15692976312282552545687925305548819473478704406842703794841604297060572092992
50797064017752728582948773150385112430773321055081564022579128176900766488124, 25469649718790168320549245215217854411752843133512940844064900416103156989408
32724896061538048056509669314904980634925510983725391177605778732880337154262, 27056158661463084400866007306161296784232807825304838360516599964326028967526
40822053402186388595847700199141260812207213199246255759671791370276148891598, 67443326710243551873940705700384300634733849411983724311832249206711583118152
40705258941289684969358611420214254969804280284849092365745788514906712975820, 24226995153438630384736588453841707228897462181972468792669495501455915113103
53908024733078216721123156165367232392566523458193854483066451568044153107740, 33752715540991336421319524618907200441775938494884901752626399083487580325842
61757769763425566593802513478945459638944218015986562983044309261698335781366, 39962174490045627670286285310797883817047323276670178817498993688861880056175
39101663940012409674301984518687863012893170543441299393448712043236752265441, 24452595792287891150650758605624554965025914837535008342312899189216007371486
1028793329523707588338555575418237001658582526029171610692445556395318208493, 31896768897348524892306120537140517949774718648731297759594985665882378709733
1045990783327938632307577751198098177328847828786442240272382471214804302791, 23483351009605162861734718280718924509884757550653459025165882809349179854682
19556369488912402006601057784485567284342743648656387961745077252966285374693, 69999628141113919227422415638964344119603519255525645837691550249916377366059
36956203968927402408341295749861867635003323245956003702115795288671014113579, 57171303671476114940256889806237301431126577469547177250501200742769652839457
64695465573857944853050533853248950771823112537788038977050725729006989752891, 6824441674561357914817550602169932556477296085864467920269265401206147816842
30218526513890288842879735579780951183457467235654438355134442532444753738552, 33715982005832311069597561638213492778217794076411048158556574397756230502940
1418889911369530176758704594507770448699979124654361157224362548843317329960, 65920966060151264236566371520763135630982458272190842743097902747794652485005
58147579081994314546246450862640027906011051689018574556545476289593673602386, 56672010874926017011528071757661000981054835279887977780269996933232561928919
15097293332132810395309843150647460536198041623494301887642139883377207205030, 55712380399721540129780709581192453312554321741274227410541847365275676022051
60554063417521916227065110238960229337086086158095978568047049010716975519531, 44667327055406935245126341169571759839292152622007219877074050093891760343781
36781037096207839161941549217635181235139106758816920108985058717696220127594, 32082173231584600227360973796707202130352618947738163005508887182061091585779
35123363397892348707481099678543687946972362459123756567162424332384595570450, 36612949994781905485896197586970829023828973875279036613657396999754348295642
5144756884564274240665420876597157432119857337059878546347794430074016902843, 72520734887220188660827445699127790712226534642932643463143610408742140281454
76233544488877899169174931554760118238915104925114308622933470888832853729871, 36512403515675761832659749809332040336493936742744083944264600629863152828525
17817318019484221991826287623605047939599711776910482905151201246837215910854, 20165069800105374728510105924957119295483300672100185709542905855704956359178
31727268478249482415905105517849575626949079827307930299070222589374511045251, 1207319414883342503290792737589936734369954381732359193783497181646650922720
39961417167349118310640453466167394562654087498395879782390649955603539419321, 51895282559239392843682598991072088382395759239823029843603240453947123459755
50217219525352592785130869132096428220070315786898860321292811737282494027115, 137553256308755588298265264835571211033650995657989113236521767911161455367
5114360147611189224601378581616325934216991695377451933985317878965501970174, 31393426148616716548820944459664938543111909110375562731863622605219259737584
16740658190098009974683802557225246424318079089529052025719803373556533522075, 32226733991205399594145652850979703715552368132939643361793293035588314548812
61270780114787038293961113361216261063928293389923661275179440152298398537414, 46450643190530918795503732014055283162886332875527780912492376152264765041038
63457151910590240007367790316372230720798878992335291861816800335831736603676, 38211598606552418432922511916399813638978424033597392207286492435601197797468
53582543908981842756646259547743182271647055207574154976887088861775887646446, 73462188075545541573698336457469593783317460351426019859636737697915518478527
33609848938735785611096538080540017836339261261562031259391434089693367549000, 5195886434077444967669841587652848411379051446726012056538356170125842252895
18537813940121275958593869405177691329408363052285616825636331780642012396913, 37661537367731580820632098217671405743133110261884029398231047422899972750914
16187979882151267082538741327809512985266524404842145524331293584875559323688, 17155475529021989942027006159115116301412942858464263276125523389222659023326
27404952223728410142315519885337496828179318150637166482170717229245113117665, 25672808167329437849049028960841377758763820618505554185635159785714231847291
19004276917391876724165846084102507806251351436382309765261013388338192312620, 16954926534119820624553568572859456585690219271088846515631056723203123232136
28855650912723126157876118116787508966493593571207478795646531593377351196041, 24280130244561859401707385133173949276106003062889376051642788521283302413211
7307510523454982064253354125804328981504129532353631886304871606349869978189, 12026075657552616816908270747535222938243352410905737776495678481701013603017
55423165492348681234179268007780886789437238573960521478071873493584697203290, 57616618746556436615175115301473832009756462550836517334501326225779705403650
27190438657350931090040366363543913892063171021170072549410064331995420466103, 3591421161758093143797988062827858915200665394078894655788362213085920174575
22054459736687054863157960784410172257785784183400673701711002128779978889007, 47572461518467462897570484580558719840324348678007989313521248356960618954240
10630902238385639988026434618752122348147845280549864270981472132111401254682, 9820342317298721986394450108999396365716342985383365038666368649222180813257
22881800588556974360842018990803035888874837071161611075104647324388428901754, 74614241001277485395782911618767996299242558874604643446094426883862800764524
58618116633602421326115633241015000851651593817627670974557912206460125951670, 39453967145063913217677310447770613993234290178059649398331932715371340695636
25608226997474367422478989287123302799002504614244288205885198011855430713902, 4599802423312062068122897862300148798251373893725085286944540328209938080684
57273830345441254874556329677606988692832924101851388783917042757415509786486, 19980930929414734187512058915586943643744196033362761729649043934687317800661
3166317940996008070138344813782586917427152595116663532094517820073402866144, 62563020963145422338756697588370375917556314087743101815799457119535871929186
45739765421200610805368362196374382929059761744677115790466749645992945721272, 38845861624564068237068794018040297190639595717826141383047752740913296681571
14993102236926520448692088632905233406237492388245462412097567600599928730988, 43705368589516510960332235580614023818298129948221856298949122417754257203236
48254387369175104082443526129689652201241173899410786639034768796174477806250, 64842989205995657252208076026772870025802035722285062353397037057179924442417
33099291897552116816614873336416053311735522992218338278564795068537457457219, 69029317079637750818493095889537656813944537793850105808594038806255269287922
10687199259487425640781766876753895287239106646428980743269219562942271137237, 34372861578588118308417970441123498062896935182932155831383642935227230768446
2859596320730478895795784198483627486216674134975516864080781752686115064313, 13942668139969866640978931633512662570532317531170332154420271334247550568751
7034114798205099763887717851534522025472712457849023750653154940313573541450, 35195078622661681240148063549904943166144666647215222159037600949615664445392
68264914428666929413388817392704540421586783408654591328904138952464580828540, 70231933439288571235111419644166266055603570566487896967309504097618300907923
69529325474756689451247133327421517177878500850262531067491089642248880764965, 40428496073063023822416708387320537104851362827996052403730425926957035802097
56924227769718267190100312825396726391803094626237772259625913587928885591760, 10851320620932441113129321670351030085250201022894093933269394512581166216161
57338725293784721730772400422884933228701148495463148520839157833757650460180, 27730212667783585059612369067357057144905822625925391380605465343644393697852
57088567455161567984704585055915589419550571291050754349151954776192939777028, 28271669561209827345303623000321155990567231558746927897024377404697714997759
35022644979757971845385222514628515247392634482274829529127654420317337866171, 6349456772253414998552289980414170820088780742221270738803965676345194828733
33828149713104071797186691893785481164782303619335042393596095215159322231202, 21336650478037599170778382090433356060362910917751348765716606538912822739209
17520768172593568033472668432807380992278142620859721327915893735204594761507, 32696587501531482250034342604396072191387886851281958941724339800472014437073
14479435914785574884241416011256284046840747114038134597933451973207276433803, 47537877739799070661346824291475715497699171750065928516481283549981564698396
13549518496720886097438697980498303209963890327502853305568129027018220982482, 47190896738206970628650908831909735520049780873006278136958221179630951889609
70420582736765872102696226383852633316976487453855069359044177679260170426881, 33507202507002889646116440062651533248799182742567988658040239406719134850960
55854278882874082418467395310910017404344773768909151286991947433788047572447, 7930612940817187467912213114403962284686986117867786375470338888834836209251
34047509846227193675099652131273580738669361561166722951613543015522752020539, 53179360333178377427884686083710468087629654328416037196368823679004057203280
25662363889824583045508652873630029597583100089472588656040969326458955372146, 70209426937466259144909392998333199640920285115717565540735651342082386369675
55636454373597781542318134475211729931094241022662840121256482530679089573050, 74243141951789331092136758735017847095941505123257139602376766632895503620000
41648853596777850301011234696048533951622647182482042429265115315132613345773, 76756107647467477448307694669134396930070480948922254027002590004131916169343
62899812132188794704174218695835258360965158674258960398342437082851005194161, 73982568553627355669254885286076458661588387121356448887132773598835305202275
47708383212636404747908311347770591942319658876808247065706234182849329622245, 16776486600630981078214159704348099493134601332142191465851767514168663021521
72992721563046313561311686023232783673545005286877151836205828277943678548270, 53633418717101891927040586333394943639118913730373950500550431714013511645936
75101746695181454426850132341395543083804926581546606706163534636995421362273, 18737841284599864756428549487378827117604815059205049456689479359253312983980
48545224287422304753407870606673211022856789288321379647963584580991689324911, 18970323831560313004317429340771210728950603138916332968794685585124642121964
7431199045840842494177906458774369345297567825622243768985799201963058574438, 50969285182868983098354240119252854137135592873390097932075906755971713171227
21669959483589590152497978430230380220061524617554357411137467958725558137736, 45783769493217515689598843383262124195992857777419277957789128997825802026451
45921316799870090761613716087150780398467852166449927818065052115113389936889, 26591190892600324521645499164382012918685136307056057210074648939197036328138
62402141685322188807996575531055855380587554683883551937312616039402315074156, 40623298315525914758429405352797569186084176242512480744618818349090860143341
45542628191687023847313450426493258956424649845707397889747598983412930376183, 49635926073789637438437941484562847201831005745013979859878017469841892202521
4035624000330092478491166097049432852790536183981250760542605622506431110347, 76649333947521000549013544466220387859157094105690364585800078896812751467449
51642648983289955913959587257409460272318332914898771941652268717262043240091, 3723909137794580326860933138214889711607971858073072907657922412264942907863
20615346493342142770729050227606406915570168955414982069546560125739011921769, 41802438643991970381283857364375178157750507256297113216900246205256696973756
5345728729523983198295827627609490756197714052505778345407881316533320528176, 55555655663739290183151537085291297225894709732738915670713396079040748240821
45442190530891907348092816093931954623564370564535321359201217889454634959348, 40933666283224135137095970211365988191436742332666628988028199030840233183149
15356081880050889752192389110828226948668158104951938580965888677929217069458, 55488704304232458670997291627481419160582586141295118575224786561186366887892
14752601632299002457378197372988331507860763724090803959501978281375902561129, 22299934228557261838476075534129544356699938727903177734510272744234131374597
32868458214553281012340534599370629697611640549490795905706699988801661676803, 75718367253219719326398773294567574247397118880876137202049402498797540642447
65991334288374179393879247405196134875146825718638107644638441837312546886481, 57387163724553026274573235683367883745634921000026294020840206402981858657512
63060316927747402617732008033906562573380771108399198890314753535163005983775, 60448206516491768931400449763809738405176798211559139061332444479192134967593
70400293062294507380144089368663445207810734122695441517930063832600217348625, 36416450260426444575095594821788069119748786275461698704515385250799006213079
45003546990204421251262408526589577136915299438705853744785390620930700212949, 19413892176902398121427445967907776641112733839389101164619688615062473093529
23651638773448953237522828840584159539260357281311722328923363777271851265085, 14814544832083566205890990918930009015034643089823967028960865096805970570846
5381062919040712759428414321172209681547871985690794438931222182371388852543, 58973559345996911888945642453539543669804235492959391126215485042221902137310
58269055525805459898891326416378960094196593101507574675118397957461469738520, 63888973875218315328546449504387460250346660329952362510372156575950498665792
15845686106271913256838392750398755742563476316305089124524636919334133037349, 52102173479379435801497477791292892971086053860540237131035069270250468174077
73450975340653561798157471997695462839791973032521512017711268379775705074923, 66104712592176130195731370953422220694194120864833887943675055436132531053534
75170476761521280176925130694433422237446077926693097854982185047528218783671, 37826314350307936841117284013054454627808223664594962253553245618590361693444
42953930813426678031903901384886441124679144698181580692725021634567484246100, 69607196366542748575531984604963202665967381500041033729517958372670483209461
46064959692937474765544902196668200325303839271075561135053979192419150300780, 62518742889430496065880357289657634910979970100455293021402769050273850107607
71771536230911087517606864185323195519142069520153673673195751148083041792197, 12415840361430678717173004637152670875608608242502658621138751926851556660899
12489624521704573709220773289895053058376268468193267348007316330060096820544, 10911954503957286122637557304520869781350908731815683560086568534388627536004
1056394739677634526521597098734217044214172820708120476313640048053690899436, 11681616314759216636745983844131099408883654656648403918451098714054883580399
19538961761605623068765995162991192704597698113015544370829364076639238456477, 20959733827240996659029792091041922029917140745109414969428758865523081627953
60540236312663334002367308941832637160859977006257262096287261389994759586657, 43862461648628087631853734999016611362006666592191193673342035030455200266009
76787163780252433325877185517399646793390750906955548534984347678814918947578, 25301248298888924393285772699826929768165271678053984244008060392025707478386
34477876317734669567453852979261166296322164359292445029638380202132977810357, 2000550813498444978348256117613962347614570012042803662896839164165224426893
30123136555948510664874328752071166480676746784581068190846398979711094188397, 61672765728883530267237158873311639494813950706938043365861002050213958165969
56026194248049363778985048253256886483963281018248881009608093863261671170854, 49441211646360787678172265116343067234035515662779510295095275481113533286878
27795219422403612972657725278723184386835656752081427300166443170199453571415, 29071056339646302686726938069451549396730627199142032659411183618706982764533
30138198773693160101114648982820090438816212223418811083958412626024856280606, 49118285754346006036629727459397320762957400016297431030340007641200195653930
69581136084861151503057238067741786849395599098166102891510682322830481397715, 20846360496435049585884380647194716517280365744942255713356784334018343995240
67876916665593417070990632836484838693018937106021234267922364756799755339078, 1255597944310098136939697830708258060876545541161909379619623016870029573793
73287980451303572969476695018001365027317528417436478496287247831276221840987, 69927479740983017678130589775084236119931051002008448715996149493519435626802
47342521579856475359435830739327549489268450576096835022021957246262074793951, 7040469309977766271339569598275150226210853741430436472060331762583408843663
73016668899194566457676926783335579497236716187806500202181149146313784483189, 6475625370347633169566692821944441852261829981811190604490778653664907860670
55622556936063304579938649973827689311291140263499509432728639977578510046019, 28805163032961538660043152368136316760535417976853567374358952742904880856812
20742664291310812221494412547014311696454565841484058395447019569471280038254, 44209514809957166002035804140388274265365246921496129975279468165393876997519
27298090800704575913237241500398256476431345745068529457930280779568739598567, 24537271969284006029269207045864688997023930961851690769920252077285617694980
23748913925743295764035740220700543587596733977718046087071583294254780270469, 57125585836731466015053863594390672085318874504653036066208470601016281528835
25210453264596562984756608483973349265659962473500393780865727169632771112681, 44693237347558131145302187255587860916927486394738868280782574493313588536601
22539513658520597019681920079082336924276247266735373990926323905124578321669, 53558825490475007462092511212109695405478263675576152904994266808542946250643
32254025002856633074883839547625875180303150002166297448760850269527261758027, 59281428470369036032059168104503230056757146732888742028449442393188667072599
44915781082068385815445340544623214178929663196504726704515455609931385627031, 2834778673599230314969382089245432910334166932419319463019646922851654803414
26914861210757589828214264206431942585884152356214524500534076322495877730600, 73143108455321864059132107858531752221805351941575936027476281642857954387193
6511306482053673921517517428794252775512472492490000829066128933987985340166, 62242995174196803137746797086237207808825561158072134933420449311825228278310
1681369650681857128781837673558652858609553802498114413745107417447551747008, 15407318040570538147155942931795721250286475730012041125276567514113041955714
7398148608216222119078343852933873874543357468479142176909195087160363861678, 39526550688239678022960533103902868621339752470065883094701629562075070742694
44063187916997007823269706563061452190717030679188583060514505918479455411794, 39265457206057204854092486981207280957014144967585607600562253335660385081175
9762323948619082391572937647264288851286252071340306931694083209080220677899, 3415397698390078611544287379102093627513450642909661918837228471735117309959
33364332999379022128696332572021880376055302723292332662130899781010053960451, 11395908035319716618051805209957076624655763681376325828892987029991588346628
44887949075276897548630406065728536868176749389923794496277159814866291916698, 50856819352118964302469904546985599615308223200671430996041136756232423573940
73162113269887168635165424958329550030168000860772177071106362716692030685190, 16320165954778523103354161213192772418690570926161452616209797903492979595436
67504310713092047804856078907395961903200101479944760325852457890635283910226, 62342097025410988168679852351857471502060725079032932786965891653701553166232
9915937693409473469166802751637203730026683991149328183143389090250222438508, 53409353841816568245436176335840064914508649342368392921880702309271055607403
46169259153627124480352073089911754947720408957426736537488436227402656323550, 24325419070765141784523726276776963821451888027457066852951086348106489372730
67101056608318326566288862226741576391845094847197844530825957001259893729275, 30846134301716421740139132027021358709936801577428975149999582356191524182843
37992455808104961986313325471773936158492562823022762127363265852967444789662, 76411951170342287766981718321851096788259674279597953366834207185884035311242
45392433706266687938747575601711576425417702004617381973623422527695593115550, 23883745709012299611912005190221394215014524870444125145210249359377525557544
5641194781008995833782829952397717953790847603021285943493718193938520894490, 74934891051963610256755954151520146077657924545309694469024047287206365608795
43124259200904538335642634286693216577646865436125862990457898538174914199796, 37598588383663386991025252259046502214685818822872536457894077244610863918857
76804956456884413969791327670096743098627205953899132152810560047028682243774, 12018768397786404699039090704072986893106184911449323351224632493115652900265
39359640746637592855927139242989828364946810043749560563471935788989702460650, 25028847463077074194552588608053372453511770991726964391372868399799662322076
43952210916338520641120644353857114512390048251948170117406644427323060405130, 33815357245594325264945498784914730523239209922628963728052131153467670799513
30009254155548281279293132393790271571521407610239033601932268312688570139077, 45246528769541838874366805859772999658955439982836989044100274658995811252825
26401885628327935205473250085385561616674960537103156271928086602367627853753, 27291170668734694453593021594446214880527185651913849203059860030217620544071
66196319786414412820928486312328298920066200946920110338813926151421521942339, 58989780964082086994571300444147043512261849081795166924507188742849086533397
7038842802672332265415510155839114674768646506959226891155317208081766704545, 72692052531693903475166252349618191014189793736127155305456097271435939489723
6434778544917648283599623436055572486958174228289968731207953379194948257016, 2919356745518561322585701902188550372109061970883095075117385262332360908770
4056994805188271499611894410616660729855582040186947273314981177338625728927, 41775255673578257497366352218494617167661319148610679591969736210499156183931
4013305719856154648451120076968677005391077754471017367036962343453319592705, 58811313584972926017050218497142103522589267569699573361103030307126269433355
62715903690489213040487131767761407746244596613203444441502252412498797610369, 71936691251287537459342505418120596914163549758000347358314378964935491262569
6132749012107315575200230038102461889570384663894314716444479081323815176994, 22772622642623832492460594417899036155628451483772835215755502738520624551490
10880922684602878248879607396625643105337046173078748366277016327884719561550, 29852536145938181952674450791684575784573768361259084349143912243403573341683
31720267574232172495439813639228214935028093632554038823267211867390702886580, 66873100145382807668141069810079286882912500812512887131496821100057393996897
61048319850718836616508773097373057981354200270525483447495353505520643662726, 71834513356139870795338177429984656980482189875825464764994804009764098807987
42738397076255713049315394466823824889293291820361456119889494790638423811501, 25814936205116341525834414601060271918998962818080438922488920468365326135464
24246635448426367185300550715636280333080272942462310124073726989450891459125, 34980405959277832844121258124255950033561773852351462729257525530812284748798
24832947913293297767539953177565290154007007794501256637890350918413000999602, 76827951132819552283579037452050411972216102593571439107287535432263252128626
20021922775117336669838991668949622155209006263118441725644306967675350279473, 4749609438855547463051013183174840782800420745257097493194686430521170188332
57361034314178958583501758573382987564111578145473178826049002919219813012942, 9923988416717455926108637197892852841962943407377180896191042603821214518701
63440506751978284519864358812273788146272366019705716800334853092773687988631, 22090495117597451630658680108804455189470719782077160204746606351049651541659
29108365379312869709726544728646596168191253549520095257644503600410741972534, 56586272981163418769542907192027922861749557997577639414033003385943832483617
66977463973375970180540417071634193630344377834681322800099421380512054200112, 59624088614729126195875198483771359672552253278108069422166067090690123713393
30574889930867680930845000355771248971264619081401995575484689923500951114029, 31462262686748988610475596908272183779993779754186597067585955039405497303276
25935430558761337302966412786620280564865497741602977759987467043723802197509, 59389933852992532022048913792830931868769253100688975085613371518614583660611
24283657103866026071504669549362730349570456739031338841802450036137015550629, 24761578284574660257988559103006401681867495101981194989121822947743272856225
63657871691560876094810857780794266373840434143030751466305617992448132686710, 55982231055107164894122430185634396104983688678637479538085004059316370700764
20459648341632479858824847105275654752431463639779004092676821085059279160415, 73798883547458103391629678302222002770235640604466531994203257713007461389511
33312074959684554737430017063476756670500977934652983261781086915112282817269, 31907202599366178986812574622146069912477930030532172222749188860899181586655
67166008065329542352049021703867720522117184178561099352423691874780331278443, 10780150821698533216320610301775730726500664086332878389827616528922123809062
41774267003520136764121219170086978250599367913338809777014572870427082973416, 56032148149388228657589741036341764480974133313358662879799987609130984134141
8069246850301624468750503902460976004449625315407230263938534669981308180205, 70904551875379564008983934995267810073759942917640920124833883414224303411661
27308009373900662820040543617803877630456630388377283070470374014069315966156, 26927232623263573799643654512349605867900784520590072534876858030721007074193
11051982370573875772982501212270923897946826120393776504609517029374625356738, 13337089344907072095459827777317777612367991948558567933854416956771267679270
51041177191088985226963434659578797137665515431651813650553538453296055116418, 22256178850201252899359360165390929007333939767275863038827441805122413883539
57794850376645758881215743119997671663373358090945038665028653092848426818628, 2267485714144235739554356253331698897668013709392217678477830504144851261721
35631533473429602676114303710869572985389782641044540487419392371832933743834, 66348590391703724651519284515977779623361825572306813342479514779142633331130
21633122198066920087857904361501570704097175007701641520222068901922054598406, 74891637316082833277579995179058409774377659841519045840710668640239274414436
75690396140327663704902797146740740075487723905557568763104571031296104338170, 37132085374423437675651542435496358592905455991309614198612646440847469201310
66209291488919245155937220379868826383105683716047234368909616854245444788086, 67905137728776592280816249160947219245218001546126183001202643969347570072221
15326009581607304020576811764896717452900754845383047068155119644384318412556, 70039674456112285718089300585570745403048223005744822834261839631981092067147
29299104005985955342254065224838164400253623974885135135304677416721086639188, 28614725872592847708302315938098991217367290916739116313189510994271116284637
31542778307642702976428019933559643927370851003168039903147783796619383197836, 1146120737557198684830439787889661330445892244332400129789092817296245127765
43342791419007967846830996080759943016622816367003478693671850116403177596469, 37018567167255121084212919476994285471017467372385109643780860212057450989543
29285825613271524991482366328775666865364609135796579982173100675866749357937, 35196867840344242122348998304175824914469482785258098729016783706079306785367
50882056209498150939180798929235574138863317561029172610318985031341941679489, 54642914616628538590401272979553104654014555865789255222056142742967192712296
28113663975952372299980401560440506553877526582187387155087126570531063178021, 21104029173684511374223811169809333994365976887044969381407825767824971532629
54699476876953148490808832859506104689744158419576602715292132924410513054324, 72401637926766110908330590041031148222069172001931890325377231095964128216656
50618949103150061001610187662520087877684620978308180043566343303957365694197, 42348668315368745663234992786278849339846395106170245694568139296117342815635
60044168779401737205776880741035951594666882726361782562550788564762410256420, 70021630794168172602291514399697991581365007539369613710922981473701661283224
23891675567107469387182369955374002098696465939274979586347375619326054983786, 20189916221328997753937663609887441841493014402790326961128694265446138550916
35381425324621721230620923454222329474368330047417237425044403140925901286967, 75089030591024667345485094782878883213513489419077923006369021326865574871865
52748396248782544039767304331073644619179370540812899589951523917557083398031, 64368670880541508364654835432571591458146959857449973669541194264443994411589
51884438811033851559098954396841923393460567934185473732779134727405682835869, 26306777960144822784271476345351085094844754823609890029403522790085948418218
18201231442515084353106016650285334490228214944215658594453967899535364508355, 34951070496174196979998505666086621253533931757399170063185174291307568761977
40578275814510240995635657371443237019802498674391871731063781799988409782129, 21641757708809678217973238293273608963470352391518567107818161949774041294413
25661584616401353970486744249367199846114375845676606619674557903524425478213, 11923953148852556027496022617156835361682003396942112589289254110820797233597
5722864718321795299324158375294483657921639489794037060107661363721853133186, 65151420679335222583058226657400398497803095723721077923682178423569638925669
6981192102486011761013104687545868420675711607830338523934815880018866286653, 20486043873587223332808297923854393397664026838017040063643711047281121928307
29610435826823761888185012120248894601253520289204353061212072756472541030244, 21394727262651449816889745279896523580339118255372440495704720788354464960509
62806147785065790058266337245252759866029853033908857130136319800764598215076, 21584490820807862763037760190721813017346872587125996166170686679722490167838
75589466937674028372546205888336803590390965550486152156913671393019498551961, 1901575219604847370679711164994017023758314410669560523149072732569399234263
35598647643998578796872177114320458352160953825218735258186414882067588869121, 36289852810481245807088939338140020925126330742249665466099733975465610126498
70200645343832112844240706808062257762468822532060068750690011541136391651603, 20498353501965856057755726764038511012789454433267987263015836752778712958663
71801444561328851155430586029477582933573927352942013973397043481967464079392, 17318541941521619975895423570920083095386684957666250435051470794774406166920
53294087534011265670166205018954772368971917328149778069118477052053820053100, 36072179746451949557420157899565081046967019452435186479020863013493285460640
17280144292689405803135870588218513590225065349216737843245806725539048174433, 18568511883449227664101094874274168158296368806925819487671897501562379090439
76365611220861051587686802160882439329030915632264571587990700970844431566097, 4176817285167760581827489025422856085377123360519655563932979188492235604308
11479001249014260763792604549405970977934303960716920368760553201977790222, 41018153463792329924159018974917861560434492869250129308271666439315902261198
48623824194245116950540191396363901913843167502979246086038918137829910160005, 47024778293528716850688727916842776419367922569444885445761031846701840703730
13589358338682840515169462619921510415860778472734690465195058720653672247830, 36976455122776950630552737577138472689713279745310010568837567164245393406526
75619596329515900038442743195690995043488307191340336781286103815324257591280, 23540649257976340189001720821605532366411032198178642299396102032123109518816
22196342758872005517002758271016272189805490672299050696704598906408614018135, 28222944477531338357310148582474007250465971278368276341423519139880949668356
34195437126583916112380826673838316198607631789446007837348707128644340783462, 18356580991929867197558872411179574228022437135198809663648581949432128588889
51241500956476742804749742242422351017899744443455568814977355286492065894414, 21788950346959369730164910169697738174739642534339057051486632956046267157567
50510573569192928474980649238933117300841179599272462923081557585954170650108, 55379980867387427288174523619742008886213163531904206302801580814038776173374
4662549636215367323963533545863885978938319572177738797428821588144040425418, 28702191758744361721240855791865410523882523990666670364526886639373451968231
59685349797279262967851562952713946935434936893220604749591113909619294367939, 50081203064109150091262088670194859831072831679580934539716991768769162532988
35382037695255454199095167183461651741530145226080079908069326219156208439832, 67236826610919410341888500012670228817158503586287735288045541429337249519139
34672880683393638079314854745800101185056708889761786239320602257890324368315, 13325250539079804158644745938804806434735254062737184293914120502288826400127
53891722377701553178114240427937466188324584609276892547522997926091257076776, 29567528552880420508876105636960110295423057312100797623071621120964275551270
60367250913162310499228163060452377560995600648975071974839371102253094636723, 74910122196664355484897169596461497711806271084562315434077570053093367992914
75180102879514257325461174503471619621691890509712916712505536698898931818480, 50589611596888839381289875026400172798406695833259742232958325904451373680606
32524209621516845100224994886712780988861782963460137800735458822092242147836, 9973773672033325345298042937585385694250253948114615415701536026665873987021
66383026268757242892487280713839754187470859081672554950785522258079900352290, 63370235427919119778856652631815992875914772459285878074209019301067147311066
70342033641196776401232292152129605389084032218927569555415854796370613146429, 16706016629195981559344836223616966528654773614501608451242106572037502632744
73932688657513387773110640289021759023308135096148180322838647930436231315345, 48093322466163596350911130483145165913368853872232055946401502759581763844081
71310438549254914555312742476841976097716852591613754248444919544769079984388, 11175659537478953059315175419218159544824906937509785105772676540879737608020
26622387119561563639804974332064750156227660232479413558196420516340320210692, 56507654875024739563194626777261440064233200769137952434940450429659340915334
29051200963239717401108305415351553641590946491086988499925145313834012093633, 36245418190505534122519553121827436327433026878894493756701002026996769767491
56967563720728581928376950109791877697845839137212337376430489201016471853619, 53497372827162979869870189917378274538059805155015957723030136390258527080823
8151204853378482961240032802081299595862328954131452291065032378464744431537, 26909378942608942798565964478879925483254321179659668287521719552786808109014
66912351849146090520732721448792083771617344344847000464769047992536413597610, 15917635340273005248196188641691008060177297188085599849122043792505986751084
71478596869250959743255556391918506082632925317645856747416601207786031805223, 45622769371596334933438839407317208787654239953149393075626131856947454206359
74700623894240269575003598330525093126355273875908148352737135718794776597254, 38395922103811580877145612372820030088128511261765552568930554688117992493416
74474322488642869256934967263588810801964872339894511509749241272751417212065, 56633488540450221417827929222075240738878007182775792478818065572010965301846
42455967577901659739076599785395623306191238924001669457494967279444859396702, 22479975041805563462637111149129813585414285067106594383372211006985857499776
63950162700441840918238829381942106434475049375441079118114267976607789697238, 46641949632755086529442052358337204528826971705840304494368705868372417541536
58705508321326313983324983711106536267341089084129677660305856996204355737386, 34573190403759211917645317213911830700260050425326794150279751222981974156385
76369979949926046736826801027461362019732173560561223506554591546332570668050, 1152559167349841970577287426965057943915784388881452506334501565736446652663
55793295113094420270807106785680135762778490839936333754694570058502124293520, 76373379543253230960233011618485354620450105781575419052733450769225407057890
3525101088240321545892282212476375872999096063845895020619741891962054458021, 66769720712363111068762763538508415603993245117357607065753019821055823423247
24220945006126609477446994509797046335096358432507495986289655682180472950439, 32962183580422798232303229712354990041953221359030037999712855405617253430813
29728227478262111709247113250886359964550372364092036612632330785106421177092, 5928937942700482220375186767417722866492664198207403766953646966360736751774
68410216413855230128204030124812517664469686697430746074496738778397476729357, 65188583664646326506100257728502518083126922976278780372975145889346412546185
3387190640511469108273936190831859500700759322183306842657105525280465359228, 44183388714981352401193239286427712857396311872128677621905431080214551127155
62475444860892783570529201995364069147886073133454477277326692456575588606374, 11052293293721690654723724857154207548618565085208046891975945735790018859246
73661998177844766000263280323461470134594331032425597661863991159450730274661, 18168352925509244369793849093410964898165051495431428435958267135207685296179
60143944694410904076066843532318349670715831415782109112506653505079361875123, 68979342136660488601700029827662390365080592663339484695100685695003512241507
41770748606196879188577911922107456952900086970670551804492592287178950157574, 6719759229315619885358912553187866465715001168786812885032472302980170553245
38584358545960562412114993731454093854424552967769020157398483919535147461010, 55672448673311016140068205801410251736663345009739497889740911061061879927742
16927531565889686814229884664198703770042769788655080858159273352019076486772, 21843549422179215264363898628437336439400362468905079962304281002634032727712
28935764447377499608442949271267788102116407581666356066621006059415362603364, 72233729016693830532155098624618252031738204603164418810944978084429362208140
30160664880319976100036126106903480303112430355103926932801377555583628699526, 55418588342333832828483107417048808425006390154146658154088068556890471327276
73367041528999282482840778386793305082942665684477530722414713536289402410810, 43386931193103109781511850608304998808739312345910693413638662457411590413395
62286231953340849776918099844737460747197199759940275305180295726574893953439, 17015247418963286955531912724535643070284736490849856353881108422415180356473
8114671450007779486726289086448418757970239428487324098902338926091339908641, 18379899678669767754396828996932454520362686369047689225838733292312122380023
39308433446427002878948908986820691813397988071085986600513127420509717129580, 31253729023993314165017001166837118556700737126028098472726593191841440492021
7080888699197716429804415634331627198341919397922091093819874247702602322589, 51862349323314829586160994217519040556842424946858593834137477254791157488468
45059584857133668236519383923257950404637040752295911017963528309507064064799, 1774966778688911250940541721968962079458694896693786122826464441048198702056
38900625855496497274700249988796191604715120473309211589698855673525595240194, 26641148682315666397187179753166943111754878151668374126831440945725586076912
6274310230602096358229064502805261034803004733479235533841300486655796352314, 11297090748227571827740157247540005616287521478390927813557961664097040071688
12047927247889223802945648927454476456618511155335346602828693337467970968492, 5593113460157412700295389690619773422825086453731898623829796042667154207920
74416694280235839109537704975160585775408982451219272236020300929797749866331, 31447927171244266065662905214968713730290346119923358388600260438164174346190
54003759687014942399538953365738707311187890068902176605220620932768799349712, 64042531893396593895699985648983995233784531753977454447843538486964249729744
3662158858935217460411606695795734666858522060728197832767604613625442443977, 45332028326344913031509975428579501218123780110207645060709078536131752823237
47806342993824983214318601130610791225455248994764159319461127796019840367674, 45413290436534155154723423605984990287281280347305761684113853480912017503938
16131087642676106722971540752885180893811610369165153449706098634650781564245, 23150671443821341764344783663720277973511269180183972340830222484152042686158
35657646741459608118193103842855664240231692172391751145846428634098477361886, 74452247723094693335650281623577623588670846414348997196030773969078226038379
66121089775796304532818497832326458444614402164522059909381934360145921564008, 44371738116168179290352828954449617113033964503121197086202152388778696654842
52182030015752923434245328798080119896488997848895645584492508976071782695566, 32971917513483583543881428252904846234635130992323057014311354509235731430158
37231274064406480502221903797146327461308947272704811987943234002690150197541, 2726530096433752304964424734066022357598967587850772896839915182590076780642
18205774131017475631225763671253904202743853340321328539151301509167114053167, 1707280406918887531284559058732989139540414857954789684959702528844908157205
14352523625794210604065503778841615666827571464249334312852190609347875497568, 60183065935944061398563226517226061972161548965916215825257651359442363686298
257932529924689042036778434234118287999671241117724298448706003063425174771, 51730754941614579359821516930038960724137186877655968341835656655095357169767
39262370443305903128133261363988087006624041432232558762466972555032400988174, 59647944482368288949945010528147311066400888585181402738332756372661123921261
72969975943646121520145082973881906267788170411968333086077742152210487599964, 23891793579102285502213768864912292345659194191436390088687340118637288898389
68252932918383546941519027430343901854286813475953061849735560942367522783951, 5873583657428817705989167474400353476501827205834713882386171035701060120420
65019650952666983365870875939560987237900792403298947316693884569659095417018, 56084537582042130061402802939429595884437579828759756871818036503075791822489
23901226644024473767666584658959585916031177358561898501214588155582876137345, 33675710318249279672123134421481863382552562176676388006925474263039865772823
25207028315656578909045231770859424992996560366591140416202245823492668020011, 76507063925584040728256948991953725590491001536272466871358328479711579957194
19909752727468868678898336974406537265687741188797890850704013454685648547098, 52409293127439969383150086465909887035121415876356005469525547772583171917266
71952492871850563999271675268886690372041297037778783259197290153316916226615, 63403549922884652239283702163930692094830937167802710530488404549919049205268
61969756491792371881314832902785016115650441117268635761493921954566553135293, 33113393441841392478634518659418710046251925941929972160922731301457424272556
59512527173050804745688450260605805350233773081740548706560907957622095574804, 18716544796343469683233342958477904098422764406625868735049239218903071834187
22481997823334825841131049889718431050270068633169602567954086062229215597540, 65098093541380617549574352374553798815376063867842498253387558876886960299959
35476074437489872894397979522659618606859278559591526735144715375158000778737, 45937988436382567940988323985589122795042057815528881468818251699534564873857
39884621745074032237434055893205636695588465356898066034095751887445596838626, 58487822595227792689958124343759868726394244868516646647204237829267749283032
38043805026680791392233973235988200938358729282481816270027394941958990342457, 10808713917541648372362605149093626683651673167498784390567790686500925366097
56236829561387593415793269675520676634365811554169668040112073947477365374212, 46415343387609942235304206233567096264185436126733149426239984454400111770998
55806902391376401657130661491622101200374916495898053619787762233580153591943, 61161003184971690904766371385040135397314822690757324515829406460491033030993
26257766759147248920030328248261873505573900185859431668468710135710168882058, 21659465562674591356849886238301973851563042099726627571953500481796332505491
23811224051168075437108121705046184238854440351236818106451882042555903818526, 25562900002447818244638085677808478166399002905359759585751022449310827449599
929818389761680946119478212816532828537787140704217131817111642114202298403, 55478615783582647624323099655425679237370885711794598490619952415783732464980
66718497943697662833490119545855614755650887110275843187374435001092994490910, 27452819792765056404596103531727682977824651974580908724423807234751390383406
2202829476950503068472146408130401909544996954565954140695614710113716869825, 33382701498540903703549856599061300178431799444928642157871093932913550207826
65892657163761788418382932816631058919933646141984480808255580053123276830595, 76558306576366248496493254444296443309231016157425835737555160326506023417718
22322519933876138097071407076603104558568212040400811812076793481204065051311, 2127066457093257862121487753922777215380425426946607624177552033897469615498
11961780016091250025091081492812321574259929497605449852731253014926513825725, 35499950044941282445585080779668418379359818360090797698794373620623438456995
45462521138209217285848682107075694230254672310201994313319058030106132584041, 55545078278239996586231926414085215182790339996394616935447219189400892659069
60781866234308384941037959707721599070875898095768730911676717008082118813164, 3227307330481963486433798221726168241663325188004463157723383525387288391213
106227606137037197303825592607347987971482494126098424437251038254964947497, 68473027569643370137859923526219917571824753162476805883227596363146016808905
45884245905631475326717047237998303977300107850850352857862943697645231854348, 48071460818020790802330070765219482006697662158836108435541529888214944903227
75440740583294793727695212180957265702412688082409423258443876404946180539308, 527750803165561405002425833391917415382947205880544919316180778745017660742
42333649225401895587711692243870097429852810258932486372815304456120957252034, 67724248250891469844637267722067640064306101395267588948676407918571286988042
44580159989510960891728094763661809305895306704176769422658229792375375204083, 75270132506279705069393918477595547783336282367947351923792414930014017273484
59943250824834915794528421373524538185288367970051634893477602992274496424441, 61067221242426985461312716042810635441881477219581506825396339918573662828050
8387314884797010869285376097724723516106301339746455232973454388849360964568, 8831981387303427268434249356182647881050827854652715299384235709612799180110
33169339375861187575145282913886861859877370291196516945462699788111219883919, 48216827794796057465183687848753811032672250983143267311211018974217682217181
49909112966397110676628474102553947531813597837074271616690936531577090474655, 1079303628035898069355775755293750963045583307546570183850082774260741749545
30586384234242260208426949319179086465172842048848604314877546126669113155095, 35187940593491613748379794083079005174586168897299634854358123923778593231067
44743902827855459189828306596697613880070323727393991579173860260507363202009, 70923969379239268531093561122904742126796959315780221196246747470987513305236
59463143360108895478843788998591336577457070589622394920524297015152713580480, 535981228550636352115066875269242879931704465254971996947485302021220456767
17006966832080686427512125084458031850313377582536018353564368306825847376016, 15073383407203082818567642431851532388757670943354489683876400522015960890031
37016376432850409781574566728790696320436812652526842188169539607372347662968, 18584927125134437080592207590639135198804352308181153625777001070706595706046
44113302586648234924128931492941556778469939773046540171122234740428102491556, 73926665557816880434946827969708196283731466743471051770714535764564097004068
75503117266964851714786290771312979742391768358554056277816961027045784763485, 56875698314413350256007531129164590615463680862056795539517160019396488121655
49070452602262022514669008844918442024214025057161443061607839403277461975481, 32419361736201734110247291959328089663356491140936185510437799427584909752408
21947238130575222183866054401638126425632342812082160955742455128773103087630, 47402311795893796223305684555978593203998200301900260007486112286310422480787
11314339366549723092590084777294854042410053621859194344882875495827699239533, 70181407826937480068917561018184594882279703164466086806912057809207014221614
50513207819986563172792960844907336434359400370225006123542116324368107365819, 53559076764792585554473917337123495091094615340641233832424814802279978932948
37499476657605954544611458020751836779546298865287385619564429260126868231908, 67117209759960910480601635930797291294010957033634306248736035444756643250905
35071417472144943453877211880668748995912339963706191171205743738684751577587, 14872690680485726227292300915773707083628152856923873673098433822563078686138
40016892913191979984310610896466837469811017036309442947229984451248892464274, 26206994485809224795552672834307157400022404400328679194156011858918293760159
21734091370384700901592035485221942446695315461022646538768943408484122294233, 6360979186498947391561292859655658568462950902735623938239304434429160629829
58963261666124458573718909099135964802960429178911954098116384565565882507528, 13737751883542962184485491866126467773065178751433983611229869631939660378607
33756715373160920548128813656011466853246000859570694848990566052813708845474, 15518514290733918848805258465088260894356011710238103145182139642823901860289
35558291367788186605010507014937192749112673227361902416252218529252546230869, 32743619584029231836674336569317818099919875605040061753076462174851969102163
17454200390718983329441533744894531528980326103149864613979533455862541823762, 51609001756693900739542928055483354522362213408139952503684325853276018381793
4561332720748577994006637691825829637866940622446209153855330517388845832022, 54869793764637115020050768655889515588491720032498757446628508291483083370168
24524810440861012790555199906851686442806466830753905297866493206292290096659, 58996290731818464924169571139945462160734986166658294294341744222848486306681
21383366104549776671345990425805773977260744873369104575550508382173333821301, 7664997730654722514703873469302347151414251122497523704827416755814674518913
64769750624650750507936493577772308129797861830867434023558284523106675720304, 1642910240013094621729825589971641818170905064718541060898538223755449087097
30427933304074377610115811350132169788608533213780949825574833677759444361618, 10671534159615819912784656378395913936703681380463186703163447074497616488672
25163982194220581222580420869361119125553820934927774822401109410314390922023, 9127795801607437832128857992591536395974234989045326974964401185297298443682
64013110303341989794847261473572013929313946600354184658037287968858568927044, 143189534648947819136490035580188142904537952488488751234986842360211333947
2484227603554935690986437614638859539325641408373903333384324127516302568125, 63713199765162026780929539790979716719559824110596886180697739056213176973558
5525991024903195894422321809074024577274337491397662451459152439085237995828, 32207054391209685023527894001370704856342877912065937466104483271642034855494
16427947889308453278081587600675582011923708406837916244677174693364964897399, 63089688788168628951922965271955239925928675284166710031280450887955859130289
18351752522776737020905033639569084900113508787750610133326783176295700622076, 3914964552271618717648729622042695807321935912817789757894743417023791682743
11156321383207974212670615407379999665083094626690497410320591996365494488334, 56616496451257824080433356913180486665373416565606428182821588631342298250961
62329311520023092693807733641108249847722157690879699520786530215485215318576, 52648724858879870246110054978892602809075113507623473048130412208905860026116
30418507215128298825940875809658983411188301539652420110415819372662752432124, 33514400233582079417766986281723297333886268082190575157643851197940318336719
54689032220259403545247386869551989042694246551742039646868769300771673547259, 42073211150681527047687728108261050033913323038440610392350044022962975893272
75646984214738364603025403293917812256758401121290390680821234313198553304612, 30962269132064579636429299626480955211967823200595963497245142838495287491105
2887158610389541614146781627059405201990167150228842933198474481804059929336, 37899886387604478353841056537521898272968804789603593630465515764923905512034
70887861111104984678677251532157076773828351689013054854404779184032685516966, 51030027467925977568004917592735580266050018082000788945294886815135955401440
41591949080510144461858163496292235189069125474449306739442192005528056089737, 72574918071034561902566206664031323507947812343259151942575396987582591825027
34458117002101183491444109346159221142596385557489065031518168172004135434237, 53114903825575746960648488061841389067067568465000628219709520776298256754456
65192523781430234612754441645219521983624506780762178034654381361587856498384, 59115672225172507467534267483458091736954416500088885530242406010131236936746
26476174448941249594748637823596382182340194266396179443139008283277826218258, 28978501693727798579224851882626441653863344230138139843054542169958524674510
25798834771090979821533509102607519497451094824719302773235916256966444311704, 37878136532994235356932375071071446387560010076812972808337029534189837018558
52283593107226055876706546844248241846373714059190097874742588856407560794099, 59690725168577831508839808456123469811780179707643228193231668974184322923937
60652757553221501952886937570066383187621028575919652429285693538988718797571, 24771364333529915936166886300453350632511496999471483866747364217788671352557
18165449919451242264360712184753988562180003889799607738985891563151489572333, 30676444128487952454770146284917489186215308913170416973188829874742871275805
4234227577807381637361121589216296424675705521605478739747964338335598309199, 44269218715048630707222958809069979257675209571219316937118159632525103234141
7703643726916744295563806356982449503941466003683238736726973747062920105171, 76277724459501379065048630854796426831761085438701603299783524569336854021834
14824083562935164103509962444146806189259213965856362862691305071542971165692, 65298728355522165519202818656555297794702626812869116888365932676541851068086
52282196393326112387483507209698353952445006061902052510979941219116836520648, 65429968382900508001885233546584639170401194609231905324287396551849600093431
55217310048708159763571547209567090339010681992709958125024304518754019124411, 12044467555545791700189772093191419772842767809541688342814611956967556876085
480431135433323780126514620102203180695031470139357580922565496689460187026, 30515264889340299130621960342099455356055900329881451037987822099096048559133
5180653181401920922849599252552470379292632268331756991766093447448393856549, 44061984132023826004647882793469540258172053222577676929526999754941052093574
51102556152520105417169723716944119281507919900161341665002857225810172960434, 74584233480607414975880694813711695026399853375087131397349456603110154250873
10287845983723925943150875013741996761133618171125671109135187700872208802857, 31647406164518963365846517397557612545548388478113628566685467635108316046017
6447822090681198158923378519640457576291096758906051795347184058637247415440, 18293037658614721398026429675523548227743390489568361336971770397646798781262
65864443384830074506928323729170676403790877348059781134161647105822351650367, 70171440156829325896129016084505174315183162109999185443178486541919379258275
62197322236442457365899704094385308787370998747567500452801953755740365833261, 12292247298189276703180458072037879697937855206682226651634689051219352765226
56362365791080307077916594015209811941055286025303464838003244003812903871339, 42794045465005450707061797704009934910396654477269218764389054609166344021443
66185805492659850605774110881650605032782556622999582933415314011160826436454, 2789072717421496485416050308582330661776772802043805710570155388418732087110
71160965263738004898901468994762422275292972741298678667918727996965381712897, 69481632978272864928699730424185022367263813100164930432452690107053373089688
74091937534801745818706136693022175038702334757284686432856939732702630042268, 13414278117431957892192799906857631237336014239705829433725561702487361709727
58552910955674287283746327243700598632448877325080129935964911846115190882982, 23136932662328068411588220198727638492829771438341156689594041880335373684162
38137709006273873303808013094172946852351241134477596888799862922996611536117, 25803656832967129569854325177755164568353553415865344306324739432081578190044
15970888940601503650913315976066249386383356915063611955966056596658462745349, 69018619386363435198814397345783424243547494260459576355482203384975958340676
69909867888221212557918409768833882869613219269700297138526676395627355450809, 55964973076727128796120313469872558948120543509864311878577382096632921329321
32527768552326649977783177362757801157747037718622862997176182945417114196868, 62876987782875226345771893302860411368079704571121024643001536984544821682511
49267686806312543435482352741058609559318548400502098008131054174074945531240, 41866761301067837102999633588448791137575028874393648715698493408748384854866
44968708488849452262283839708454665384290125222387550749805796043338663532484, 9037399944457932987212900318746827497524288987221749744384074538290017106822
4021507425542108101227231865762873607605342785648301584847892175235041799227, 10211535295008571412621043037780080015446757730518007930850084892106524102932
53226066174391069469528400130903746940498021903077594976346799937456024231130, 66143149491788015693708339938163314989882297895783530691390049015552048514441
