Elliptic Curve: brainpoolP256r1
Field Prime: 76884956397045344220809746629001649093037950200943055203735601445031516197751
Base Point: (63243729749562333355292243550312970334778175571054726587095381623627144114786, 38218615093753523893122277964030810387585405539772602581557831887485717997975)
Polynomial Degree: 11
Polynomial Coefficients: [44, 20, 24, 39, 17, 34, 17, 63, 36, 13, 18, 24]
Public Key: (22980096130490376162287710372128448470249368936387793280732374276747862241762, 48822179859294208924099046736250035561690742901833046006843984716683591360630)
63069131747613291045875148786147047556587338871710316616513368985259379416731, 66049006875379455480723595644278464631796090365914556603157408706971269324419
2520415753531072012025345865378080192869002363720012184765527686909178830353, 40290042170453750387535631781921484840805790794415927303196248535629501156444
23359736955307085060473139324998781720415069482282454242283413450682759174832, 60306748973035931340846678269129624016535358437702512753360377775404262211769
37577912583846408975618166282297889778022341992816509976001689611707013064283, 30394639568335226955495825285885536155285725670031964854574202343663213098471
709008156780725389424149688613137138755577332296991283956691278145147150276, 4295272825787931957577662593280430156699393533396744292338040303659534854220
22788085808382229417329505103568019387597612444143511127614534078217942714004, 71926578490477796389310804420556714013668772189022091577074283880035480027628
59168952902674081393347604739330303980378372386103780913610022322882418760381, 59076624661500515128116121186487429198838999056970544147138939548294810556286
6461726800205747960898317355617469256766647387723516358117775023409280598852, 38555222040688683703457898585776198088578300962822287475175552460493708914526
55896509307204696188783390573818499985921688484071444174218622700878859501784, 34628026478153141005257693080397163901937052472534822726482677628540996797764
35409093886533111585089477514310512443889700152582751704297421336451925385602, 39502975465452860473245853027257651585563211684806561326628933865683281505893
54358237319615922366106491927618936807715818559207140465439934399039770764169, 44244562051024908236482921460894198342738831147703637102879647673809311433696
34865661467793156435546704655252162567786206646871510783549529737845086163191, 59738228805485394713734262836987987301704293284075331653281751600665557094718
6070671471390179037878488003943264406122617382260782643182517107790743445599, 72145651804531073966174031015532310991127354863828557361885556125697122752672
5299647138853105585084361106726411475489195463755654795663723034376469539141, 23298080965356040963844980555858890405489740119752172834159479455145168710098
74091140175839315361904009106611208628804158968177624929159301150567871565891, 15209467649665885505991272546794214182144693040787700970117907974398485307016
39416097838248990255267053214397843495858921597225118540191032802948805879882, 21314753776761051541590021886273407787093407642614337488901076251326785116171
28517310262230579107915579056631125350617176789525770011590506735442862172872, 30328444748727293072645074010284370811861877171953734334811620014197815651680
52065030725475081700127592741990721720396394014467277131637957871679874941653, 10311543697750195319719599430263312059087932837600989458823324430049445417703
55486206744308179570907542445298623587855150455324941294454214207002167391944, 67567631507828484454618984829141337091273008074446122151859348262269527657691
38589294412698450270166700886698520989565842010426278781170835820634651704262, 15412627588137191429568314913483715389435649555012884221652285654728562145695
4562505897296627751917565896399210503063762998983756200891818435709978636260, 13698284799145929138027621895096712763600342285188700120151926680004915166086
43159765102353575663096579740319382089940409370886494110323398764053497683789, 46038448636957802075964623558559687750952948349666392827247585246792169548356
42323413729108045857465401199356984404654287899050327831355947718835793449890, 28337745049989297805852710277229153936844219152510265579945182414605926039056
60038884889239671487138895874047090431523237901964627488143594768207495906055, 3085275132693995562709936250974689668154397631698806778020610591446803831346
23701739003593592478681637506181128794804896972448225057115586401275056798010, 35517426304211836174187839904308908499649035913000046923913596763828074967491
26676941201974574767780568059913861454227511860034298623365623750154164543287, 15542349157947721707603695498658749731643477904990752880420231763451088996060
36527952184335137779856132715629495520410888667430424300519838269492969959722, 8509653163581254941532853029851328325383655017852815763272300496935929660086
74702791567606837882980122174407466248968548357469664728810999409813562283435, 18268964753519563351778126500288632897015412673760272175089463981871158585296
57250117423803896254235950546959104665215702274474421546044667473221283488760, 12209904262850369645159019509690390495708995495389200697467200254633590042546
32250701617144608187476992036919736292235654653026637488657327856948801686095, 7660760180695334083467432686884583844116855487631465114083868623980919758042
39739489727080795392879355508782655353472630887573055170320542665258307164934, 10007848335821597038013937171978052382699873152414656333644113179586565653505
890415658048712166306543650564729454995858759570629486983124791901302488685, 46707458736218273982765979001963565830448319454928711469854267271248950606465
6837352010421347806518155701755387794788042641189352620022724201710536417574, 41684623070615890309417085471851243643952635930510483373178565192318117084439
63112142437472371399073903697355758489149934563370644466749123416576982594755, 13202225296246292055393686611344174912550520813570825275544142789449178173217
51684155495521128516088454897932030000176159399853160533691068002958481163489, 24943672126065857045486658018780112829257289366090650209925282609581461370389
31134699867669012467326157983216192378711070895270783358266003897530605185844, 68137932604610197010548680559029619754726284440053891768039852706894391273065
28973420103615638150486299566911747867687265372052421612126425838819471487368, 30304761010595324464970965501585999053310492308136159002125034518195260637283
25248847646742217850875276278259657006047256203210565086429196599085083674438, 65247450746752945044343357005625876635547473683836353460241800968514081788790
15310892419131097467096715650062656315600603620679846948691954077848174416432, 2199716731327636259953525949798207503235146682869143407518134558839010897539
44540284743294443430322210334530788985089221919677190632568465803787740324072, 72207720981210210209509931101585413207182351253638248543268351266300516650916
45280888475343045038571329067286574311981027853645360864121128664110295765439, 39416577115645319079970713160212325313353869706511732524539523215795204521232
50937630833140478108707333626456545221377803761756029971569077824016961973500, 58932604294089431629877275500010255210759085636221280779667333778292181362558
13078469067932705544149568077638845783407820886110768591912831430652533669855, 25252900563457144014993032334572779536109106740201762690596324568887467904690
13194340695742546628783827376479629727486011781818418669743336292653516814518, 67291813943209375841085512020116774307468184962160536715405369435735052430305
61138536439749839563491875655851202190185344503151544699647347232393372571404, 23940292289793137104039591510646390758993796903215055350170938490699728847385
3595966971009890845126240361101640023147206110210670755037418072070835739605, 37815306974135136098540111212031013655080155958499075207220837398054447885689
30099053280950813586173283972193776419112401685560449488288359813168761204992, 60178681962536984318896788071590929313282659351313067005083455699549675927304
69511276945614673263945343257514319747774241399325870928418073782229279697014, 53655801943090771731897764578817267149433926346037026664581468903143029248640
42754260255098969701009832863436376408388125641898403920597694474222321525660, 15199561228633169351024173311803307390104973754103856014780322718031967950174
36018361051006175950010957426976840605109108461713706962617746836865252660766, 21220736479075738566353639955892278790682981598960479793535913047482464597993
29654224256725971989697044948853687054341247349989270171796130588661712075608, 68953652417675469563993883266474076178635985156422652260550947390150382799157
34589701373819906853965187482341740491872430027128846925540821482405443196643, 59793870867405066492972480002168445810810466844116662144724297495258808887014
71766244844433128884798812299086202301057787005643427394114128411916024247977, 25933397569930683157884686895872646642183801240451949068620185266330823365784
34758962095101456287539724747201902979167137443815806097326302889945200462439, 70275238255464697382504342579492595100665070159340183856027767015735860579945
72897448645815226715568093199696142757625471177290463884552454956496700692458, 10854915138074099440514036632612258862897709236804173308352691700618457440379
51100009922452498252415728493038921419951544612620505186309581274588462785667, 10290833456681791521713752654584648918398819909888776103684261389755604248638
61419094361315515050200923620168265406859941041899694323869897659789035832362, 3119099923291427883453652478333830720641653708733001853017653961568043323756
46197065968371932893267745123385212660822439036181161761621177309547083239710, 73449131264095135512870278498674027910657240425616986882571866254904844619022
5997309222181649984801125896756247478223392365711579273538528907355723441900, 10219065612646610580040237428140027491729644724736185029632981557087902611835
17547689315208599628059057597904789570417783842445127519275503940807580153659, 32901196604086324017573229315156147710438367001850953661881990617868081673342
62121214790470920191919931369967847393218314471132425686344654194742970952227, 32309500152548453098888284156334115571375395791705167468065784936910972999088
50242852333690112554869258062082581658537225787154242937480179168188312307697, 34534957786315973474659011849690639226320235669504214046651427986613040991906
71972188369336107059240250324130568834368584924126061942551071075504524866222, 67377163051019215604654208991085167404704323070645259145313137461878224243863
26257790086019568094535520619126309498890582581990355730475006772404314287008, 43918596754301027314713103922597530507150781771616225119278396165321536186890
40961182025637527667108725793590639068768855252807756233770546533950975975400, 51913872193757781692141445702625214464813054610479200877905159402266612858852
65592665116422238056559595445202740973957192005730923761626844551921094740523, 44206159447633107686670778448852348395978536844159917279189796777947278647133
30901008591447558110261586640990276902377671483101293511839189131743355916742, 43168903160878682737826319999060528341663690217377519545280887562421463166537
30605219222669308958307932410590247886132456482080690734358472679092850611164, 54448469500749616823960178919671291866327670313335969609061657946859895114211
4842155882128435986169426978338709451721719218228156359940205038173025939605, 34350503994448133794640176082406299301672374762861068197512698118026659670779
46510264721840263843672503713501154758240657006312282165731422136142134506391, 17909593037953788424240542247736813216771762562279374859005527865479301647795
5420148100114794650370258867547505637033858413278769302258622753593131319799, 57654283853268089315581754906732806549652616483067457115622459360575899893766
68549324726007601683775369289814940776133986291473899037558570668021695610616, 5329886210217512520242468153284159872279070927152915272183415394006837804375
11670331332951354933004631386587558298452092394978723297958926604620306308464, 16202022090993609327288122151676327123969008048064377109363166602190238588235
67187183033479931182374070665379420846256597446281568852381553270956037630574, 29499582806792516764882356867314521689477407612703706766354490256938204487075
52675474284352201531234384782324697751399455903736918010957649741782470401378, 1905053159866975485262504602123792643562352602016473083688215618233457857724
13631167243584132409722282570107001348797320928652859685320002348534447689562, 2012988605032210736093128940743935237279981658857355120819760767105518778587
5474915898329576421022810259410288632774158837204439204793050904722066891002, 54218996546835000220435779536091097676742111067556151827033755988416508057207
47988040580997046861708666288736914906632846667500228659768855187560502822688, 63510194304427799436251460953477042474531238229498761514242618396645032439601
71498541961388616765116419645213534228806529416872590795264554822596676333182, 4634860470804663813432659320528612196514231509397930212574338303746957577259
2185037786729642462518038045089706491249998900187623801144743387964884492244, 11765391846687271482522462922216569263482494296971767835750690939250686639250
7268755047458982687514381732628850902137182434484895912358798545618165763822, 36628679239111865370580480242305397063908794098483011910921681830675262037765
73913583364553756024476349845099186689927761629421452659145250927898200489476, 17802774758954639305338079711524574785221151416008334236570364972214858112184
71391453265107194362996748684284559583557189681567438061965249214869615174603, 60187489682250132481250341493304300832804012414998007561071116286838316384814
27346836659666339447119645871467050175220470870425528640080489683006442468953, 65926144964725169327102938679684011702843160968712381279893059342298375963160
8055635132087818199162040702998228634322169854186018695602898133358559112809, 8934403473665367536869797160872601656373146295932525996982745799637663186352
41467323642217748312570102438559139864070078676098031633941206610537382265468, 48545636409529453250949114829944311338723692363538407413272156989721231551942
11374031685297049831579296909061065692135127157340199763384456548543289097603, 41389840485055109476017006763076157879851160024602973304535020516589059029193
15998263433628045389857815288300842329271773635242053067494742969735840264410, 2145904309203649139116705551702118859402335822316388671723384373622425548195
43867140119545745427725141050575414573872197407414160868907774403768824379838, 41702842929945970356488962638030679686511957710720743026311608073419739313331
51817286756405974645225750861973748188020236261667571601041136172831149532237, 73695371349075412782395179230570580156239103002441848454821623062081373530367
42233938281647899539018552606750375940060277747372691970791227990723420708510, 73980009320809144557118888524990775095099058886930130222318871990538743495463
31163457717926092395139262987285944439851926857166077102382598646636245375318, 48393050841397274162771707718434136218373198390261062674968774164171296802872
25189622102350131985533708829349803844552456740586440545391640434952029726344, 70888406109736314924445163190365098750720382670509135140924153323171103408327
20754866542377015128791981526027054334890850872757948562442910724836599635301, 38490008791357170410587834561213209962252880891214545466298712959758267510787
31135048461453157488544476886151983551417136771938692301442461478514315505667, 19638412426252913455988565886874586354075616293748185712164822483146684569266
37707382208901927404109393989551714145056666876050169602352099485024213676850, 47438731132781965228090987129861790293751191883240585944196657485263054629649
5269230707398717554210353358501669351977899924019278019873557083447942197087, 10380338758745552905587136569666746562889214718972251299341040078676837386627
47737366361901599153401018998385328826636832382868771287184286031752991364279, 27143350358784390697997440174726991252321577229997062746384560205098031505029
72842979082314378961232238481353584078425340109493916986940421035334851218586, 44851661301190118991056860518619255361717325806660232861672522484959295062667
15279926147150889950099305483112659316695642896925827578079658825076132297117, 64936594095380659277366386406467943647795459681003311591872895220681524597829
26161824137025437046043274175398463462182866740583217716597188330234019543308, 71911150797115189387359241006876562110644590285717248801303386585141984854257
21903539474181052423721822105570153965233779558250626618452891422052860847676, 21525035674206862803426327197316168776830876532626450603194792889492496647252
75799929543563441984630368570911396741097172383613081585872394284205422027213, 58305296087195655261156291997201745819640013398816128616208951585317728644917
17948155463602035437807411157667071257035621892122100373160371758111431681094, 50986782484265914587045205793392117938282503486572266940094776836742369958097
33047225528169837578710724155179401070262391110318875257004325465508399129356, 49268203751519495344075873040896553991275432072761775398351955950704318126713
60966832201724755083366942048684971015285556481125327172052851134728407650541, 2507793684868640084066973906930718116052861283084338970804166050046964974478
34125896315774829142062668462033737334861552747931712235083565505183866360070, 29755061653779235157216625126797082669304944514551013967373904172183294230455
52176470082063282490479467744810244212617080421884317784977686265700064646812, 12436587712834763381006032788237561533505766162409936168858655134027336748405
24243429047637888942538704346902974433786850902550064077943349987525590058220, 7273999678986095395826060999416933156170092561985321463296560299762365775899
33265531471332062946466252186981956120914301652598733514848106157754047042152, 39326735564877997319179261736692993677332769765395907692207216320786647774311
70864025335989321766162286110486445276095920155128256303195464405099419349437, 59573929362382084607852297615137718489099903449978900496507010191934189041223
36102897314031060222390701114013597910836754327298819626007119944290908201477, 61570982781752620028452872221591456017431588029001132423965317966991754637329
27108512784090772280297258818614416171587250707100597847682411121857982566420, 9680290689184469114536431462056621689706627363578505647966671420811810964196
67205924776312384772759191163536954879040945837025562395388059125146652978504, 76692035953263181552610742635083774729480376342764379113105879757367908052127
9910106211617720278189896708670996536929897830223428053600754910634826355328, 5127037535232160183114299209754635141603868377431428756819955342339016758882
47168300093378261976912945624850172139278975951147798136312433993264498881094, 41527736453048021279743315590010196835016689379201506433550214464271682519186
24393431524557995858268174997370937857612592509264442976947341171885364010162, 51683603415260435471795263758388975619334116591523960274999309725661824938525
51069263013928470329114268120668814873707830824375936424437126815304834932450, 19956875956521701164404871998763747087936908705769374739712800177971074928212
48486354980059973761471401312252728246126802921020160808815825617547769953730, 69969917954570171857051680316771488563946921627997872014184735619261288438406
62027905608288532540845763155535590640650308283618546821155256268530397077030, 39724632038547521070787303372235359992609377491039737545510290213577343806664
67907792586262091551389166959066787646568978920205872108624399009238151667929, 57726213578667096894390602349849563859238069163518758692272619296969474819117
43032940962485671100461455118013690435096024407596033438671660127145182983011, 67482240700122253172893884229476820089661096697642434710002027124407126773892
28891397051659497149635669732427452345855635338586722797682694312453108328615, 50915761256255497476424452113481890856957814092029081655467860483757227623541
64010970348075416883593624484072534214730009177021336398727959837925005470239, 30481709734280677394417820628044252903324387354159206455400679644583350807105
63251009595126351788543468662881332239537977530951923749680300438517168113498, 21586225821619629332651895199563280465299812171506100621662008689769523699593
25010299886041405615010071754770389115774102937765533043839461297479083290023, 8889920055068075016019895873151563194404196558586287384033128302572620565514
52161858125063168867629128237189017676910783084273497764372077135765291789566, 31787407372537379872904712360484738762117314191401248993356849596024181827753
62656000676133133065267348332740748548402240402537521602516027068014727607086, 43893209363779117494874448759583588631979979934946266251715171658670623170023
73936112483624573201588566205640089188140294145455850914560224531414009063200, 36672982067193080747039541440049445133819420858335993321906788856598418481149
56218955975252965715070267901949188051780641450565591043400194221769647220277, 32383215497861632699126844942214497252114463450157384750320234488078522796603
64310074798859281865243568790417990517807230097650332726796881536122935355460, 69678607931119591581430982995889054524190285348909310601760416194070673030938
22733713221044164209793467135058821776902807340049927830576265489250803103108, 19161574383501228953704068463774060357203121492642335376526502736048091010775
51120550274485569869824158544056203128187902573259075755301520928321219054232, 44767774601882256960481889293629271142900602992257256509843013484049711223705
16376219145375028248628973225607816939813379863802656806240082683428974913254, 36804687002794823489179709183527269513117677079738554447837953480510570004817
82886907746841302260344958126434649492337718602061385524793661899631557532, 9627445184822066277827908157487894015394953134700466552777120233179978589922
9404740227062046231155703161643461423572637058098507900083004034576406293632, 41526168516458780902867442746550950835759979914550273675408800329789922331817
39354028552787527996952973221942687565015940086974843908477693637758289722737, 62362707561724198234475286605313200747613497689769114169282875742613568575705
1884699504272004264883046728964536765634527794186243594973404059452208283825, 70766658969301933818584033818218447964425529664636674117760630015437482529294
75439478025813265904858953418150560497746598445132038390402204202441687164786, 20258571607070924823050313150499090359681676657872001738899482572621712894714
35455076325918166376651383709060008856695682315287009573931526698276744169665, 47806027929607916443446575684063488401343989414168646583979448122938065250770
5113945191691345488241777192815440639845130327389241034486508157324297531166, 68280563532295669631269181439390649648145194609400361953529343967436429815668
9996540422409834817667158777366954844329527855703635508318324053317703279379, 54240642537582408832403763607587984717762943442924797003526703667324073174932
54677016300230284069505582574770978272952297391261984473539862047180211808359, 43087531485370388888094757365364142873328598226430166523043287412572973822136
8018874434930934925773030578428050888248244384160196292403852315353134683735, 3133779944411068267034474553273644782607819918243574663849651622929212344310
12696553310535041210414111972602896299979521175660091652444913326915779687547, 18896225172099836988668397934049642931910708000167932718556764177603225074795
44119702411172265260855286113444661133014236152851413076009613671870212320399, 8014052036926888647510758660384041544191783554597769902360702438024240280294
54742248311491776334811354015461847715428536135832010470542411641300669331355, 22838994793575487230058164167825775483515370235860712882095626176974339601019
55999084673837707952429183962988875619140428036886519948871996712666586070469, 15722704269122073548776300663121889455782827171828345049742006108801888805526
49633895052952032543786234673180828265737946923244519106412115863389529210308, 15566596871954243695988448449606536615494986259088731015702650899657855852780
50224612459746003662294525960727732306064488700043888415869675098388067022742, 61778055500838689794758137565777905903909182013089320714420797964503332823450
32036728544714862695013074866350233745210373601614328502296484248795527365669, 60631120821883838886005922145383895903395227559004744418015836001705070336555
20037338648974487559626459588593242041383184186633930547518951575218844620344, 37726443725770146486486697992609514622552887254750499448455468145077052086707
7609078788667881367147324958330120183180591718117975797114671622009369512371, 9057310183984681996365450026002160175780555637086485379114505767041740476136
3868792235451412939588623972539728174242391387187571298575608865856215157486, 44215265231846521498647281688616009767368305984953009350912842397337720899117
52187104088850838368819591089851766785867540309138284146619558528887644576967, 34610722821212978863730822487308959480627982676264384902918057767110650918969
44928381794546844994827196301230525596151430747439267395380976821054583649435, 64042864561208551154029722004717283075947695952110856306396006277614499451156
41044928625156678080798571722724863083854478467656579732673899682172432465453, 50700994700138840892764856447919141459878473845470533288950750224473166406823
54844031311081721861182468465495312737769801008522756211078599296205110012300, 36331938507856701660111625802681410568766437658734749701418488150830068710866
68277834541415467948834209347456409313367152852660438636014643454932664792272, 17263280321537466871466980286587113157393973811370248528924639927564189015082
61631148139937508705186377707484958218604797585282089975379683403449856541190, 33351816203303518950806743924020565368824352818326260227150059035513940809407
55737883738372402886895123090169555070866190810731386892339465128166359958156, 67307420434388842909950977601125883635007596582799074407197671918107727317494
28917903621526362718221022001038078817132986531553858355436466328627956388371, 67829838175172974873302145787790328159661447449342700372097166796094518292582
2100968947164481721898130186674102268003856182221683787933678531188359284411, 19443948999697175389430591196721279841221671255611248895728289688778406196411
67227462003368004851038192218932649278056455771578188437661590049919769115732, 10410342262518673633251399930702183176283216630758657772348374162988656540521
64347500364273726736471625221936186750736997668313810759742278159811826777854, 16100216471434126845917782360956360536745732433816609048775394182797697974299
34916955534339037910540353883857346320126023292802177715905964559816069532728, 12817408374353409853939001775795550982347416583871400189482461692825969783969
64346715843982663346893770261607803403447050808480794299700461623964012167618, 22400879904509264309471293445666124827694522574001484286699113501036191505737
25208329583231079631362029077134326855272646867303438558053170213619893956680, 19287873721765042845990753891749933295597087067613844104897194990852831972018
66721124499668598390545470956749783132413561457103758662779524400979567784348, 51453365756089000531505024659767932051352090191452125547641198341353945518555
76699540290015758100455346124421179914851664592355822402796823976336872575815, 13125881278381221492598144946979737404788708719958162085103101632450104983301
40140330759190043086494463775799960951193016843286979886407585302312175831506, 5187469020909038975072900021439154678665777635475298601957059098111167134979
38005657690051591422796215333134565527541819207271958265499822918601179782539, 47524192206112800726851787788721940346133308776604209098598830796078345972291
76361907746456181641412151444185323408761535547391092196215206762732382896808, 15644233096947383797706867478821676841120088886461565012067908060794883526251
45222787770238952136941284627827840018926950269362849979641247736643179220938, 394768731945660644703713568195681546713628485114691451830202870087843044927
6288840741131924212419536802764235447271039673065458711070808311195082450297, 8306570797375254940660227535259043206863627433192533019107088525364255982240
74147187091385571809515193433889023273437836848809149047089834122436611315556, 60850625333071754841562076030892898301869526928035322188823113584391101762971
59059472129321338806247313731329832569621204427319066504631819750127538902574, 47484125000074613750723186923471136224402552950024283202901934417581421179014
45007810671864524810247606357630501372175569418774706739400845861444121969532, 76300869906577260945644179950018674928359636084322252711744470651478908733928
24158981849688864701943963556301902372915297551287934793493336654342523031512, 4765957630825184837617993470111578273056869861861525839975301924296905355775
70680028339817210696409879752691538761647187290109111835601559624025685042186, 17724647382194472408737753289525531373070577212901336246774243303374365781946
58125326207926059974739224052468876304542050665914157087237732360111963825656, 708097900278838495332885693189870517224905951568759994391028007398891864008
71578714433559598490213509651257038829566026458445582001205610957509635416916, 46862903143890114280294263514261663454446925340681336942514575911734912322101
59177150227455818466826015464226603667421007101304551682720608298791870146218, 12842841919031105683457147408168791840135482187335491981494252554805717369035
14399689678496717654748918319404318116206590269513241933265975058601666139727, 67751906421942494641782049195245975724994770159229692849802597112620476436527
21015889245899072084902918121330811665069058393641970623979871715225723063855, 10308606626253901645045113615027509283696033929288486316686886692323032639713
50086604181169422354953412076045985309700083730732610497865432225397353078940, 6291971506373733424531421855146404050475715711627241630425733916632979495275
15790582048741673103657809720630176966826084805119026709510883623934421279992, 64824159903864656124515067249229361418379511719981118928086973475708977108666
71010913130002750852985231354371398528136362971604041410759962991166154577078, 70265332813017454155043590643277068712818248082148369341925402738262296050401
67494285362011875559722668178485728936205002928043363040802428075220154415961, 32203369792986011703725529556915486685623964344691026835646832076856420548968
4956116433227592319827675726433514559483515035283870098184413483494930603034, 17838622412935162565073966754692664225489070104058702865064636957210587609600
72789701934955657383324849175347995065859611276867957161238700819199510503652, 34514337843074903656360680054186084905779205333929910100409055095367619460575
35658068634285828196901016428911184239552660735060752322460624626687856498647, 59622760347933889245607097663478703886066789462662428360517661054992733051884
14790342989277133786174187401293739208424662858278407555432699724941992849847, 29385440019195994329709170666570526595604617648829297510121718955541939493212
58729219635805188676660617761567901026716005501310218205121656801605566166723, 884322804684360777954047825117713928235232155657527203424208441787964658185
51142497719775525208190914618232649254305797303219919349824015618029738321708, 52877490870193123825829596280343332747807650576017509009109937545142444259614
63477961352654768693174681286493601077791957515859884059685252217575039066319, 63867657106460512807790695856562059012687375232337906574483514363143237585419
59790424282827138857414395947954283500173817887526902306242911530817577192272, 57135542752649180206917087628337805824702896103526027854059801767861167844777
41273140794194593067532020393839549038467083061988089457883034061806793275710, 41254317387686180949000764208808018780066533691843439921988604825372798676043
48410487439995418740834270339879653885858841109249241538258649404453930101840, 42300880998167983978992390498098003139292205157479845991816908906273279422194
73733755983902382944593441017697456381071135692974079065753496266485556218680, 3761548341194843013420673473269157022485887850426788174898234868116020335623
66429988914425913307868372944581736185956322832911513202042420389545113248174, 6555678973620926576681063897653229997245617810740279227404051452262364642505
23581049376377452352600376361150758621928199769939623380333920576882162654040, 39019476445147630992596707413053228455595280979868445943499045743373380108235
30934177615556993037788145091034159256129955917306077974910927162071453170457, 6503314361254265633238537291587531615318172819236102303786320475356040311035
55265510288045274306317664968802211399838530669490122596930898386496327972722, 3442106951375908196481015409507888978548723040610913694978602115120738945616
