Elliptic Curve: brainpoolP256r1
Field Prime: 76884956397045344220809746629001649093037950200943055203735601445031516197751
Base Point: (63243729749562333355292243550312970334778175571054726587095381623627144114786, 38218615093753523893122277964030810387585405539772602581557831887485717997975)
Polynomial Degree: 11
Polynomial Coefficients: [44, 26, 44, 26, 25, 62, 37, 22, 44, 33, 29, 53]
Public Key: (12258825135698361034446144211970291440413234591786963256818059075520186259029, 30227364249204902077650424822667061293608043095809117871283379033519483265535)
57080555636758130924607409132552643157259040676262798419886360614132906240304, 15427188374722268714550335764181271935006497032435359602356281086996415697993
55130641618340834073584472975598331693988140788950383195750515122291659845921, 34047914942445413849078130824275496631704892528714941615024004335170505816652
75459426049651407978754073529948631500666819525411365248825669888946566278137, 53909780077572863572941929257661746518567480951092372961220532314768701925553
63011980962956385216404234308687767455457664066519830409871254390818010371724, 42937130418639222531124786746515518483889502422633524197524980458238399410662
29191084774331571463066649250683299052172858784241363587822315586755495865497, 54538989656185257264358840059829162094968161296990545641210889810731217276038
42546518101010842783467286018279760424704282925015684948601011207275300808236, 6887294227205623035333541076463420837295942992187502836494379786658818542609
69468904777256682347689930388843172313822904993928129014960276610355197705710, 28277657717439625262843387764099164974674141234561116069905612956449347768360
6580593870824594597205718654285030911122762864404938554823995532296165563101, 18780074823557730956000117824232177893063212916339357707769168765698544556304
66553891220141302704720241719143177815697643097910571872744910117380097087339, 54726719687140458718431762066172040114479530574188108850869696979368274019039
73123123564168722213135907834399732735105451933532941191415401562222584580751, 66652706166824795925604790991227987393124312348001931413514351349896417614872
26370609820285539149081486712655755935416148978282206676542582227800218960177, 23038739235553613698976581638187336993315645722794308691413293894878230157991
66280499639972338217596336082535214954739267547566078648255063408650473130279, 17972809258304404831884617108472518169741354288430505000879089258507000475471
74214179268055655752910738671139254390617590690923612363409745068200323613731, 63284162187029265282413908724005318225187009081456559345136271600866042983103
36642871914138138653076353943257171434536590499877581846522766232429894089155, 50522724561096338246424962888766193247754340849778463966908747173381576075154
42694764122987290917903008467926517379203464442519822335977118838250641165507, 62846709109534344593853940055523159232273504027114303700448987115802527737590
3039260926781906551933485808426813975212504999252019009589632449638559095086, 24541452226767814874058252459593963322107838749908337748850923600737588610067
72202431726290561470513406226690475131329530467118725190584839741285924069096, 69761888377713233506567315795549703519599851171462317560082691117497438563526
72600850965822923745587872127310416703795858834291446222702681724366973391401, 73157415851245935998664843641849882154572020258475126553800820759611184332757
65934882002659267247944693345394664670178937902916493214840009492254433556849, 69316356253616316539891654313460560761990066655797667532980376584690336979896
66447406244101811050406334950946822938824065288011171726252797292760513620016, 26066567496015496436720965833727296291287280462258739274585718651137522563646
13196535548549613424455443972508389334410677312187022562440073685354130741570, 20103248702592275340686983819914236725209654440757848193632104043815904998945
8160897809625399639793018368278984238380394677846610001099989272370494473902, 36839274534411896879211215522990388042251174598144047288863451230880562403768
32316620536064343187205644902820464510600095553019356394588693483175246628742, 6643857278510809405211203689563755553231133199775765004022900128473880206385
58456927583903748005728177086093441605353728850873344996758245919608709546497, 70566780539338414775141319586286769464379699284307784570485845549787150906331
13093952020542783304819455319159450161529313259676976678789167409592152284186, 29391501110255299439289502673613228870587709267682854559404578871251976119312
70588050782048890209328982756719501966671051203413450973928103976217787460440, 20688948296145563751175039717255026324466199729585368064774508416530347454569
48709514623093144232589200373102395160342354344407274118955648986947473847656, 12238712064043007538806050292502938559409722717882068241058533851323952617692
35543789517939989309442403797293947953059338641433287488591602168487730828912, 73866812193692673575451897001719417942193552059648958245753811042100321937907
11087662155125437632216957141166823779658792674061278238150341131561623280219, 57819536248596862054547815519417325626334143463975875789953385759842187524400
57470414485610379089036297560076143465409261339585542255593066187775463095912, 70958226955592082117664532930970970040742975528152417429927839692765737021125
8123782147155138649148067293460591855580853958426105507512069675400376505161, 64345604567627809444322233386490647989124482807349862255589586945026110764074
39958026286497902330869085048921791083352208148055418334897426713827065226205, 38873113655549078831476557042328088068234122233662958280898131669320442007715
4930730300368563538652468690147338170615293771894822137444303324431310852676, 73821760403364967940532579650917583825217973365655219640903788719500990190970
933500356061210986117252270087879777860289566474551085075354975614659357104, 34835380236750982761968191582667962880607512611556871166178290977503042929755
62365935554178976749615155892022574515916091137926151160549996795720536308477, 2020958768827214336131020695624284838835100371640915455085311841107183528300
35448116462998230782614614702158011975978572614095543604652848601913418984680, 59150146375655739801507539308912111772439253326523379652168485321171477142037
38571244893063968490494919861086432254855056114471342191972277858467249069947, 71667455910305058300909382896322914302094307439387528634774718617979095064241
5126526852793011790588623392904717011554489249207379484411079542315181535632, 72279752916367573802989712606091606618352218377846455489044340875316062672958
32953330877824472489613236331707626386313451031815910973561302485499683684147, 22103664427252641538420921010176593845050033716931017389083002955229630421971
22765501200519686676445526344245407909015415618359991962923896529048214928548, 63648171256195229977743165110283338351488464992619603545283791853825699685429
21512576292523713447927099770754031213632195127489229474462447655865823031185, 43711837979964811882658630396542469377853760897033788957052707950659754876393
5001469672092798439973128768875186905141968155941818749658952996858903434921, 44167853479831813736496859097812581391310760237281677020933208246430521975625
15367277674866132608527854300974726120448578310453963928615834837665014370958, 4736773830177286998819482831072807647914708365019243043681250994788879160584
74209250379934383294098958506915217728481501501050881434919215847103748799168, 68640022177809320059128297995089931052491627810865367570448438669772739138343
12158707825219639375027003113460097659511275573815965747555613868208720181109, 33156343556898297755738866272189375623075391034804482390604934962238847660147
56874904510904858167219385648612827941454413106636513895981881911708466849843, 26680951808257052300914895026106638566962965484998314991960421654192967103747
50996974784722482268735877679332520099394298463879271756775146997459530088037, 39964400443659429844368442719116806589391541666005896431718912494366406551926
62240755670936751159021256093114736719662766485076883541626871795007680742450, 22740738479328428128263177687473298104341669311161986484689963012283451242059
57654091324142814673197537783267078226396091634271886088335269709824832724515, 52761911133803895562133503028966955320449436902552362032660690621677996031298
51939810925342219531537844017019257959404649210852509856509113966310877840882, 62402283524678789821809610995709822049659269569849702134276346691448821809552
56647718753228284086315991042746139259980742200885578088167001383476797872488, 70451491931820627946487402845095018382779113219216001202199311137040966684702
578628645970167770097185646190859754640463494454247423640624110854826346437, 8524842046418464840387370742015621651579168258761567180788257460100304739
51417634271626751931448098818416379451824020625469764512629285288287326008306, 1824747196961719635769204774442752172653784356754931713710196243085124664270
34567942247503952147897754870017242795463492094991765324557946233204426892380, 36853824815893688148548676838172269146702890668769417405618682581697685410681
34036251561873508103765975490602279710989932091384351919620961163357477101379, 62282015663217214975839333678854554819960262899314116463918911210144379282967
13420453911264672391903184704554487445356157845088037268020849409679213905743, 57449128911015461103801580598743194574251014108425151987260764882454141633968
55117890120818477929934319481440212384975765031144387512080223866074020194466, 56641094694076754492240841740320247970678066215517860836744924680313764084601
8827017182856228579796873632386115567553606066473892833947700451200054055374, 2573347988306850128912184213781569916814604126626538779851052833908912844429
71164037269852746951785138762413937600081121129592576954399321231120495874788, 29407664293712551012380521801720084324337363628166117297004068824778110831735
64940552019483434345042948675988369490927713118520197276344771990489276572516, 38400517984790345703139904632281831060142623575569480654841037337453885157525
41434021127098000012450901201340787899831558737863648322001718773539943039023, 65817561573842080801193729204339823707904664428862894378564119706921164309600
76171093531132153277455310950869576188822959640491029166880565455220289272576, 6415394166204330134692372760057699497422249507192515268349649321082080235611
32041239297441911428221350217796089436637169672850138001280159414944601590336, 5042897889166119260872596035546355097779940563882071055333246133362542897159
23430318929707327943106727266991991242422538897224841408028826489636492004528, 67209692070862889073288304473754425614896294367917295443012590084505663552861
49705170145492836772527016523010804696404840803168248025537577187023263806331, 72171285819115263718360613454183884352436373973402025917472581176586442516607
21388913975053103185004383079253716561323755180439918898055881554628989019785, 42069567554484268165995852293936920508807995358408098436526415847228513143050
36611961174524140197119978282595852282675864743650037255075111098012541921425, 64972920139291493537879378060739296938133208598802355394309425031500069551739
8074629091714266781876271145024449209233206874870158565895531608716066989029, 67540482077728437012268641354334463123274771644327727787964446508890379570261
24454899494751175258206150969167266430472864281257323398334540912796617741360, 47909466651753196106228425926506820609383934477692763051249889064789602119823
66541714706184823634976099062251868579291980203896103308508812903984518671845, 47485430490723390386490203751475041099238891987679665813138651494880369311293
7532090477049500731600793535706980921696909900708334026639313029390436186349, 57919445503936753638949744842949117499646595225944578981609517300017800625475
1413193475249783073396914141259687525635601272844082160314892779225372669536, 14393571153665110592086712352008241618940068984361926699960290379226058602276
67109263503163945253365420562874317774344142858597461682935364043967827590534, 49818112318581960365839842052542573387435002976503904098106393990245133086512
11074258448996227115706746113666114290057407806315266348131086770128421929357, 59713536367229570381242824508718835219257596211553473593620871073205505274436
30330862246683454911528877115115126518881070564479819002624778648465901000055, 62437728893460159721579613034403225945455291231563204366445729027442088247226
36960111416309608201173656523974208937759766924155443956985614498882950265501, 41980076950929518737349867655233019617470829210216518847618689360038302290607
47849117431073673950866716819507586026375640737636772859131660681134727525026, 66272236268667715066003996315488539536380978438064829301781027912560758938509
8313162577385094566219252155730838161447678479357703193232850261986586647520, 56840869825319517251508209598161891068119148112380566957208423899191731343120
6317196557481173272746910599853711691327724315058810042706988758028147671745, 58297066155304184183171574374482955025762496557701026663958422969392054703484
25669614062266888886095505778383410227541220291066664331721675438341716166499, 2198347703130292870161383981864754151154288702628311693599726710377579063323
3764544376535972209286264892857225948556912269305957011003982081343289782715, 50282737581316520694558966927193295627768497080501785997859345621635738644238
24746578731551101428231587650183333584963265506051802527402689353719463113672, 71030124020572051747167942596070649888375945230161874674778850237237378252051
72621695694209458036980801694675474107096192324846449259468889876947883479814, 14450082353606847464887429340774460022530359875466201437544961490611171899078
53132199921469258012400883784026537870135412382087277301897933834082908901831, 10514258906617988257469639772485001956761746948709745136597543942349263142173
41662848791397536104458641565536782203259466837830436876703325885397847496984, 35204036294163876929098268370217824777749281249988253207147406573225181762114
55303504362739745585922131578425162213221810436696302473908411797531482106041, 44902195795615571337793719877400840564160271603228972206539982441820787564430
24304403171435267746669819272220036765282422689534023927116375823785696428328, 48919974547305795955605761471450316519600783361428424695205920859351319479434
48550283472577207467316167186766537789063962439650380758296026886426212805792, 52466993982989026252293502684248773960037474908427738927826057445510002923982
18195749119461644189015351729470724498281926596974422372120348834266547653501, 66130380048979331569047667441779901033184888818057629554254683467607396215467
4118468256886374549441393062066598632697721525369377735273458002553725320145, 29944627734882879209621591065427718074640476942073245219277188081556110993682
12011561196848686734475885184723484716240159008290809897370915823987550803631, 43122201951132815084810335368113805554741545797710919861978458334564029396137
63147005057978925290270113820612087047706162814731574317283647596922881935298, 49836156199436615659980095687130244753147395586062209555695819335032172919777
7973156251727896296680000826039695869831682883105109462905729401169464564666, 31106980538855021994640396264620092808383383368166800344759136223773007720996
37813018418692810482879790573297940759512042246439217868465009040549872789472, 55756453430146899778312110087495459283797190456091583631239944117816937964573
71270514749940828076051045176015250033480583631669556039622060049005924779243, 39379129545724282877944084905756113156471526931785222168617369312469328556725
49233862071203310704063465523264269447834216798226688787316497507406527685530, 44940839772111977014204469935777118803072805700037070833652594171197395083507
73882098863278836986477546846434084240217280002448271301849219231598221497118, 64450488477531288093874797476152198699520227523614245185804030301699151274524
15622873415167116681174489175917937479266986724204440879321905406180516299114, 64748737247001493724574056619248237582439504538046118566842800039576906634801
13522744168599770876345751186349334787716377154997105188225162706327718306154, 72066293181945894203801698608833816550404995728397115512687918390739344348312
62644613489733756294984552941157716856468709913726033753924541839899165184425, 76336803414581874482776943724727474397068437300689628876444049014695149511903
69584629498093705631903107634926204812470982092599881859576733914183427060186, 13341243807899905041805722559563876508652336518796899163638208943456287542105
49409092340323957091167746381588927767842964019085360004005645130319340087843, 75232012461633839571769773352261146770240706007870811746154235686476335728222
16497352812206533999388711165057092343505850933398585489659247353990238946975, 47885192767760445305681049024541752483452948314653420988467448089526778876877
72258331159653220926323391139343618032394781531152868612169617958093341027577, 24929676045999866681218144777562565740950897656283173371542757558201070389247
64426712992710213553385565414975660546827540606394238704145004821143569034144, 44773852091927805648985281831005891281720719013577690939674665303121720944563
50325825533602660519002273490685909060229276045655216771501636221967631377109, 44965981735637982300969487085480811205066062490704288825839148456375181590425
9040948902631907093616131636337042752816230102574808071341794308616988437257, 36867215782685848483897721292576234535776392380611808366888297887375382668411
28339773710821853089534754256152559844836867967870859095120620111399041330362, 72416884224949137195200685377848382608795375567866000598469626381197897874123
2999787149191382216267282218237358850815734912680130235242564137340148217285, 57567904052794522544702054079394200487919429800981978083874877743548896923407
43149821817844393398070724694482581336396325736900141056849002373168547179805, 74485504002525374949400219583570081929471273866696832249120427549225071227347
72717136494943812174732789970699592035721532574463681559808913059601998374979, 59423748562402437708864993455701162359393203078102796628880281188440270245022
6663461899785393728913885153852124096111727678908143183117240762260873838481, 62689382531071257901100522259231363819944981411439428306204336588698344222097
69985275057223221685574030633830125594394951997772024903279238468649811471399, 69616221388497086895057708758985561669097146227301109375596908685688890289362
4742989899349908807816616451191905303823187218195880261473510706492306036961, 73650431759815212301283085434535162841768875976455102185593468079423051512009
29275985842202950819385497344321297701036537363978631939963186973886395786001, 8293709184424227228322745182862902070268865213330511025203241531604107179214
67205595135800507183690281036438664081812331941439102079987607512052657779870, 45293783053172804879666918020299479996122175572844792729904982244905978036935
18578003302266280602232110493380317565439072390950775953130913167837103635071, 59499896277338983461991784101342324731192607670001687229541699547139993118318
39534508417961485587798436136121375995908645786584391372195095142887731009940, 31138420310286585982533708662432799898853383776512211895337833870100803480696
69567226215323890251113462229095215283671924160549453512929652360532778489405, 42837847885685993160867921894857750043092884404174055288372168516141390957774
29315747521734223984595976330918756752986331101042331516711517946038169571965, 32315960940645298216597122494439911892583476939357023262994722874570591057366
5089784333997068774952256253749384458671753248109833405870598392802369273534, 40069534329730405729280213580696886014870021015014496087840412338502838358324
40821571178835367860327184216168848050145999953436334925354191733301885893581, 50119501955508105293385896745416735488440877147393722658725788599362790139002
67099725078778774992300044057426100418914458357941525953488034829788887293866, 41397675742228944602154498485646227417037425280120781035762892288787496717262
43440433779081867776394953967651764299839812173033200320959471903477780899605, 29331706041880339717814669987508598957339333710511106594356840276627986855203
5235352057044453890297260322169594451848633030671753600578314912493706315420, 31943501817981381539288971344454506171141691866951410410239018949021102926633
69994912991594648229893050972864276377971650940365505331270043316727931044860, 56536202118428195462369924172450100608166060037613020777647168726187710873652
19610590918185070644478928208327986491879457128122781526404695857100751309632, 54284911117455406386205838860838869925355019608288001452426605902408275992160
10349524532202237260292116915619339594571048851021346855441859587303904357027, 76012888708490608861628302455905621324050683089196783751563767019417494186434
33995851762669942945553997100080879748681688711389667150167323540641156505456, 35322207778206598137305966740551627814877383700499769523950734759533649832522
59230162358217839417684203286084482102672112582155860648659541075682478564645, 25305092401731061578201585599561553300097272774093025036249650660276865048221
46897416611214150318471367440167670047671835044299161344917920184155889787815, 44976139894094840256041493204565879132272231540172166213093064949569805631334
34826833670518410224177252497514159418006815281875023684384930059366000709396, 76233301340811344389825143921318879840739288108877466696957431049553253866459
41812883912647236190988251794917789092490508469654963077738630057491609912718, 51980207094130733702181111088645846965303915801468330561835693869934381726284
67491374103290372724074062738156560240224393419351216296696119041899850052681, 36149844831859269420602524875366951821567526796394022260599205601689941747162
17046492442237042295761055470078537630706922170371178216568614000825278995165, 37838741270985196715653330849412418784368879534210736386364994716644499445791
65625203089142310762056150596060537346357441541164126174347231614188873146596, 69603638083400382549926935795434200039525037854602379680690806066931961469463
54081153328414098142788562096945332351600123625140476445453623121997268677500, 12789006888817165521572495100172292099430956169829533673658399201769895333416
65102140682313333615358210695952557720744283979522089709766079897343916506800, 72251118412368410506934796061125767311708395294610885440628361085989827270570
4013471127195481243796404010410374792780574689593984454906138146553468973760, 38740434506929488303234812323345714343083895345105297400052022183504258025900
59339641465464037081332117717313697644804082327055078663725660596084068002377, 23288978822744914792046519085204953626968244721322125392487527670536204833844
13196140339904797595933924040581788951029573658036333934784503682479523311689, 54342286541546934710955156188962702916159526038140012832137201792701561879071
33115762628460158972871239621627532259127218878355887105437959267084839069628, 11110561088133939971415491367579265660428081548803877467496993037528323934687
35032237568805452869845000496040357086236659149484266672730130745589638095317, 59081250203798008817520577039048322511868354129512721903156862246161437872946
20460462486221897958250660072012798204678286636829803545568004601711756319804, 8929284723248346461556040960299711181670100017706667966811373868112401057701
6984527516020774006881207693492239639332385758774749593126258640202953048836, 13413048241924153642889705536658004533165961776053598324836378917059389642081
74982268946694861290273416432365133883671702420467158084964185341988682160221, 61593520278766885450860925308261436329553538258425281105073579140462320119308
22688522715798304062700766403980493124538788603179280252034877693916410619567, 16935218398374536105570769044851102746794405120567895091393778012928938575603
42537914436328634836441235581312369508891696770313478722423319391419003977020, 55763451161275976045702773733449996416909033748087686838177317458157436221617
43003674848718540535765121640858580916086581118451869240684966238896402066214, 13918463650102956251235075535254759567308934057222108070109815463272286395837
46423436361397803078920110860240606231590616499592577849215227922763658121193, 54268374689684170998298349524181173744918169595843337649224995658379263482378
3043855521090399116349319868518560240918457963161532464773296597405379083720, 72716997959204595467307855893040490016728309253502590126541732604518391468754
26054453959716523578446607075085283399346622699421837803803404749584638167878, 74227419106202854711230868132924617397197968254581555687178551088228838405567
69075111969348218267723221806525033250282072848358811794504866234733320697852, 51027829444258577795808654117332435592117896386277712762343984228241022562084
27354192185374575405682557205254062344443203354119974923681001800354207764568, 29977143352725652268266389492103573728477521943389671302858245701223089012025
16586064523110751440862809109285427610901872347412928393176766725096812909298, 56490623992711180366209958259607072656380502645875893246200389869792501981702
60013910064381097915487130937380297973941896079039459555141711091890333171640, 11449720481226205884221282425450428252811741841445127574935602824049017904845
15179539496530634919229838572761010914234582501149030555846844207424817026494, 66783766032689566704867346832370381723437180334749848429457513949094874975821
10426128648607690377003010084613262089169780525641463429738536016705652423259, 48704100347466048268114309836264444272262945032543936223764764448989256313083
67347256024350017496266332286899953384025003478664593004352336685539554653568, 53175907547621988646249450501409806588148956886106479631285709859755914158305
38459444082582220715965676042575525195824237700764522867605758664449657026263, 19073087665800814069366274241315517661607687146399602245562660263719843917951
32740862566604914636525813070757655088867753563683049689084111464214199249159, 5516976312557709776385291415105766085241413977895987970419062102183250798432
38966115502721850044535372277872264100320994398627373594642470261402928590427, 71623591283464822152246525127995354784476153831839641943316520176014885910918
55482635070695156191482943959316834315745044242345264099765489283178129151931, 70567374039913221695813534415604610329197264352005022860660161974724355862119
53722226398709931509825468770808979468211723517168459298852336772289363235323, 38193862398560818692507274042985273554280756939293284445973464863962550949932
59095709232170827055034753823906713207020094352619652271231317103269186719759, 4222771227621105019606428216761030622069385730875606689434886424008437166963
21951232092616543861019062696708702163493851211404000268041351363027982598834, 71615729139302540632984882605388046532548156367763666220024664454200764257620
17640283464641470002212796056682428856175440897844316596753310399411486179993, 61781180205768504992557404637133678496207544120798715893531795545796098021103
53281481552754474168129064547106067260838423025137862105822336701468413274557, 18638721127363768129207806065935213516912687032250671812214701316822387911122
26525173437508176342914223981403710182943522368781751874522232580084154286698, 27516346006317974885913601491315901633341993118011481882960904277857652057865
11335767318722915887927789179406264759825519403844632137539672252291775013245, 17222406161674083123954601078497560350176338175248191947363995325304032688481
11074076066588343550719846244250748936555179131022478436064149228315901198339, 17413274881176210258036551541771820914672712476512853210886410891195116543052
44824756106104420717053460278301661195443581608943483547224925339413485026800, 12067307468573557067866152574238785811840757425664461212901103256171114584929
55134213242383167558518100453765037069246022699296880422470534813674087554301, 4812438712580337883089152258913196492349277559395396765139917502195319540228
39517919407858081782500855498457156170047140013822996028747645814992224921556, 50754230210099275356321185120145045002082449913188232313377199485905727574720
47350811353260935683101571353206573799392115185711329074956915885492677779690, 15357386812921187511525483919139963521761182185963287385954467523167029158934
13314736584243744117361212454234959727914192536567131938292119914945480512416, 29989028859609620960495538453723196930308096067619458702385847747905685671168
69514973851853519832696939007289885749196817793623743998035265212008993804269, 70429348730271268486039025212119289157161111308284620793286821449520931902401
34199775818485557832462433494462295086553404640694267968470900188435536796260, 46672509013336677827766039524119784713101707280614586971868360933500285510133
40463426950941561548793457917457641746110306152083271278884050327259684502305, 60184965561011856303095044951388807704751865312746026106799341108100652070541
8913185543202144293786319945457996739554776981462242926247005331792001404450, 34106227385636779909286002019723563252557458534318859070425266242437405060099
50976609214326534009705522832354119737155497374277861650141294535447133904135, 48239540185038970949637724228126280584902693275507758159344107211378654998036
69462236178111129685995729661611236864711614408181046762367692187099156720347, 40693506683952439768948734724733844611837707212747734913333690096341991261956
70820747514523111105340134883061124590610495155938962032454983265895732020860, 26631706832012501456093309303592521437559193030992047471065866890588806609519
69148747373470829717287979064156812672202959096346763300744630978864972090816, 42266640441352768509227681162522041882523332358318410720659805013778899785022
67628933030297511944088123795750240510581684996901022445633059010342575110732, 47816868267860660562148699683792290787370766411569266412395658404137761109208
61259218205705376096344741196460715601398341716698440332097237895423909263436, 20990066157288695232788399571392277359967820338138375057131624214003037751648
21637806996020411066198712723993854142299606840292175106244879568359247453403, 15522927561417883243010315670101222517508571483971268956299287990397395008079
43320503323129563214862951666625856598252546383142956945257747473837193238153, 36285980856470935072588531494182156366668918256374537172635454413009635550605
335112363759205722957914123071125391904082036971057966501706158876948523823, 37524926917458119145193317921285281432300220346875475815116673396669782568963
7993095696977696422466209932993274989576860893057265869115890698904987943721, 37548307168357211931744461953049592370962663964689767122375278885367295001153
36401500814777167965015344696582464052522106076108364641608974622759268805553, 63130667636312534860314671468993579552297367164809358807152560786924651245170
61491340066286478179909837478168564571531447241851512899119754638006464905728, 21629460890704397940259823729336501224255491649506598683359517422016524127600
19426781765613290897708565082148024952123666962733051034073410098095690379912, 29771581931099213694888833201076971316157378771567991484364356284960562744373
52428444657621467693970456840097422857413862606762967533725449881908646964120, 9816403773725097771908295061855697857810391673301158877084814012799054292074
31336253005863259248443961770276461087653563491954156818217539710373388347980, 14158143320975894408447146225908966446377038941374910374514037921301427191845
13395359525318192609710313143077086397731326917025380764590252904148759933610, 60552032914234251748131502409415716994112231396463361881084565643829263918518
62208190873591185944350090447034730861623248705057290082313494031848174780676, 41637001989224195769915089387177568847337134308095308247649118141516521504392
20244678100179919534337882910876513907778614301135320586225500687535237257854, 32488555114745555459509811916853508126071741509509277641048959659756137928386
67118673505333613726095116080014399565668780481045892798864014327112580130070, 47256063700972193867326628402903361604631267974885797930712211877108874507118
42590383332771305461468047030208403127609429707441789486718546245161625223030, 57456326665559599319028725578543428035434997624838001928304898497584179223614
4921948426757483262980144330259726700027436801901246480876431272110059049519, 7710334092877392568057645150847402734216943344703407518751218855658124549008
41797442674494748394361527857747491571905847623456512034744771795653752898514, 7839978450674415241930373651768107175609140467688370598867558280018987761924
32510811835634096170112284391772321838471073977925427143191155385629067181999, 13548303158602124513398180847911387168093676584568683062856697389061990384243
10056215710361284601440329559506401442164562405850761756820111502867994995279, 64409275344648178567871719644775473464418409238572920153223850250308073919783
44489603226589055831092163074846819166876491184623759754149971751116290834285, 62179818751004700925340514257780100097253313880834425547639998779087215258029
48265306252692753463519434418108042994397111804369086619392563146910396523440, 37600317935448613191262240206241214785669631442679217354494811370088554324479
55732939080328613151205933216452985327972837733436206660677206026415368037012, 18381234223306872989771410611261144527397875535941999703293427338214520030602
75689337766610524060607703513308647484042366423860920478590989143040662198310, 68837940384752025843534537265714579348122979628782955486416905923896569455999
52422629325904588620199943225986650209536388554640663066640383021724347491242, 2815846871708914909735259736010389083952875765035854712183926943935832684273
31569543474875678586369633123908024399756856858116485223400195338309362675867, 60820178404621745970033461573861126004728947146229739793407132567405070810868
51519155037886843374223423335761395994754790324933757742025140166830534535637, 23454172587894342931895756863956316384838556204748742795224434279273405769003
47430569351959574822135749573411187020898469349350311706377875385373617368735, 67239672637822646463321391230215636835739384346997771927311626947913125347624
14142547909296766139066219446079757126839134663484719394445728757002358565808, 24397971138234580187399231723099819276466080580305580100362096901735672720286
66640859053527075547718578696578181865720367949732132742354955243009594837302, 66415964827491801759893115547379520610821549761887715200133820183165425351227
68156163015905284216195396645115799749286164125138542856297713870297588101673, 76279989572114738386546232200801491151927360669460251700037914214528365827504
13348166453063092645661929731279442820546630879270518747842729626705632241806, 66727172124989068631846277023579902903248938888422390184827807161837169231416
74337489766173853450752583611302632192201958905399926116204071147533249671393, 326442318228021334758396400666834148927335839428289399318546448939269654161
32419100176438983060800157332278441781990829883736866662557194599920253872113, 13935285020237054396223857422878674215342625430339046402793408323561621273878
65164121094420632384937165737804240084728923578016880468560576334684821473178, 33149452624419859966321272973108615310934210075818728228892176525986417360564
40564696989665677626828267667338725240205758051487848892508607697769889073984, 53434829189188559540523626428182409545467173718800834058953938197964027480721
49185231016959500383829657723897751533805253995708735842210768378488949689543, 31303957448405035908379367698285071651436367830440023114216974325033788032781
20188641633969980547035169751317283704853203201136171875993520988797455953749, 64787899655396699306768905654962743025302242036769028619523846436498099764611
35727863536704421965388795688469104968397278028951862368675993400978131568765, 66210958363867652189540506339975720764295674512244043474230039659550228360247
34402488973031586996505103569489071542825816260536929643915429002683273369568, 55200198645661445970792127714663628395240649585273969174310861542294954126091
22279344714622173874041150720544339387220560571010971754755811996954074534513, 52195570264172506925934460694395956884050668576711240341767603593119414003828
66779573926793603528805435774206188176765043029084094086619517187659686089545, 57483134250918254794561521681488260575936555732389943229270038939617282250797
58332744917335175436263751484653580669882562176136709784289014607486769343866, 38331104902432437021990463279965613600552684934202898197421578133119924960737
51648580914430598400749233222783609993362678290386380221252153965291560903274, 5802941718329776766890715250272460434367407643015616817898113572653189407313
47045494480309760724750436439516856046489290499929490249621422300784169117717, 40547211033103924944806267474164241491841267420739385329082666845180290991001
37733974392977415689678278805445555930956385833216002848648213871039891159012, 2014451597433087063305152073080129210332386811117862178473285582089003558014
19071204620834830437498810427221078772739278389846907459412487192515724653027, 61116860411675018951357470369774500513825939123967439578843774371449261107748
6706140992864592146408209645208154503017114853484052403219833939538084396131, 70428659976849815333703849039294775946654942367969259228139532606292460724820
5405803725875728947252171150978955540776346892325499686078084083477119387495, 29131835947929783754187669043369308980038996357786597314995529982478003854176
535842836349817970517100948967247254355738018034907677342162910314451304368, 58709565901796961407344539832592219078603483575541361207933732790165018752959
75981064115056597588157968951157696824163456789380652399150900124896307077265, 63950862913486352994520222688856269873170587925350556484805767044981315270010
46870908131515165812565569679850995700034630979311712253799450106884134295248, 21075917557376346197059469987624658231390447827785589116438242063982046680568
45081112567331036119754284717941184067393196948657156793679447440544249054721, 15801591393675911472449209254680384288807188550027598668018329606362836548702
6459002302070050898908643879172304550792927421089232961705963812123491826927, 49839112889211678910550385947402040105386190254238570111456098379790819667548
74680840878988892085019387812502813959604664438495613946129955688757669292809, 69764036058116407643557938964876162056128609807925957658897380759566015860238
69748306890331324428566699983782914879125888166108301221010768522470598102032, 75698182619584788487890032004201517074524245666947399633505850096383329084079
62933245454555526010454645585747644765292612562091592061916184104048415765262, 4547176836140932376572607227656519435587364614311973520359978377865140427729
74360355706465915558084953674403150036818810673144250613896956037073888029243, 53317177428321696725237186695445721888031991785791182308419400134324187498140
36769762370328615975482076693240669563133845743902036384070829785776048919147, 24012461245938012283601406411078682842289527837340907576688594532291857108890
58169751545524955789326488819129317911789270134989193872422704308746242162125, 39931425511340254475460903162613141059306075035327390093948628440837132479289
47998495717021363970503067187892094369684439822202442708576577864139501928952, 37573906696048924747002506303992352245993979859619992779236698338440653043688
46219650020012125184938513217420223861149193649382579532100296246974578350370, 42166567979601823901354483407086154022604112114564812224545935710923836597485
12784457738205909136522857297021594399618137154241255379034360416340381724426, 55533666319001250633464085579191374961555947201849105534005193467519974141618
39442425115556051328931210478270564630789941584978895023609698032141017648032, 38729836622955073812795531273541575781333723976963955382055652854896330557066
51245385309805458571536342505221996469971513208352434654663417558555329398385, 39670613979510654094794365860221150432924294942477993357135354771650732485729
22004388252572536985414594795449626899684458868030051379131540983357632154529, 55146364041467747760340551522148397238716528994917155593835556782266228440678
72487472223276820317313975741073229820231182362494071650396957143808883000298, 41631079806428956067574340496806728492504768282787597096998517183227082663692
7578694238555635438760649298560638134582912509489679316728268412783567692245, 42253751905411586624500658516853365877263777144991641432292014543874653320883
75528646909823302903540139167877421137461225892297714348283535017915508660855, 36373580877537155702324959939926035479460278839964927647449166751895285102349
26023596751566255005205955605146882784326038988144275379550854196661826242664, 72958970018365389439408347924920184949813524437239141107383838310583434350100
76309488425751825873982376384070526751239882018277426199869230180536216658067, 27670231403210383094546936696325566273318960974165674044109999434079201331390
9338752106914494427230673266781984009797118893211642108711059134242355042503, 19773046810047191981741954629705119460950153632970232229000726405232165669124
25591055220057327583653954742368909810985647615004533583668893353699125372761, 29714354602386546678584132275573229814794460705887227840454312966975856154642
39413931549743560937590400951939880517014577949159545412448083044455861566622, 51745822643889391549623479894797289773762745342846665966939082085743254445930
26580461097631937612634297588316982404370323243092640413960572371669022874932, 49445136501410106848570433600797804892755310553023699003865638085399611558027
73396232060356688177836581027032137870678947638424653114139892538938246979411, 54538699723114284572322094594162078700094200846606720749220280425045879132105
5546699558458753647701847606212599022167556754654659271064105814537357304519, 3912829218131880135806600967712061394696843751058787962210967389859000379029
32848064561983568772562059182971562972609629617473549297491799667781227458620, 17569962791251233141744190070020536097696905395731063886452510689006561595294
45898606428479593202439436771300522219775413582632609101167974847786141495589, 7385531748261072577676305615087462048746443758233770918271221562711605241854
24214830394390520497780526114816179378291672256432940009240836212445226993507, 63325081996798685532756379573719512750234546139094578608329043217538564815099
19890116373312213858343314584783650646392607460880432420985260996839115221530, 11623748832653403173853509567709417749581696736665771193641747775733469568516
4318861063005954823498628611496812852837838084717081814221493632867465107559, 75937710316075634335005031686441921295331072053806274775134490547037395474190
51707856717681322640608656587978064648088084886736531576952341140097872877306, 44014653303479108111940928272366233763107138680253344398712802158170910967941
36131925395539184613311500829345918378618319521563951381985229226605711727997, 3801672082455946470471151556312911857223279844690751319075211993539957986597
21106003612061814004121633555443482076270950919130756278475276861173010225252, 3743834464817315307591551067882914927019913955031955994418123281767245932497
58561737632187223193529475346969130589419506512640543026143554906997944250831, 64424653900549087551914690903775004984509465228648538757545285617825663269491
22789118703860693192701596463171819050813922916085813489673444943268178078991, 59768400766093745707955693430744676389830144263447752859698074383382041594784
28787063315058906352354332251459231351488710060119058079235686737865372020967, 59087140636963819802918987194897800413941689490584269497781824120734474009289
70367161528754674914785729134617941976187246170082434556759842917625648936351, 5051221527277980736013852545280378402157470163821550971068725399664409045429
6554512164951620917024876080695481274409881760294160483327126494605109438361, 73992563822600095609169695826498870517429323680275359006063261424755106861552
50346535239484655221212325750422793063176082584441222272441614479254040812479, 12497840645912245733621460089812367880294459914819103182282502598979290182938
6379495265949191560757975035747226723650636022529009557752553214035128319798, 76415814559785305567561112865502645352631450916942387261502639714793760529764
55114651023724970015807423123501033423532850478034626594850009569751831201853, 37690257377619160326674277819393160939567718070892677363712470275113416754596
67920215660247758846298790852301972220120657554884549968479554214951986350154, 40637067670928140547446372784813407758439489440443937495223494883447780775469
32374370638689910701666619031514622740730338567000973979821881364768612716302, 57926698943147882083706980043743854610640300817925811775900333048857038178618
8625742560195822082821630639531581462119298931964536487637369705866105968195, 31794326416009096131999900795494587010768006008322489140523819027920612527509
67793701608077572224619635673056805835486673028651900336507906294625137222316, 67229974163514193702957314077521601427628197940853795477757487969368996523902
6020788826900169919112515043830470488713714682847864731521422282876635582440, 21101866625355608473501475220379868220194576682038306121672565744310762725940
55388031720068619839707885596279870290043491280195761262915929607180248298590, 33228129477990529771399456700186164987220756079016329998283448937662182279762
43970844359414694856255011797161045577184864534137362698937097477974395531662, 12762909188340692253035282687373327403140633867721211345857432893124823784500
21631994460373803093524758697912289702819482006842676162854261154859507167052, 1956366753345997313580008878308824956978507978226344084935506633424703136152
47817864055615042997997267144631020473204698726641375045246534877169777850362, 72664046222370431901124764533608784436469947235614085285461336489532002897856
40380407953590654041205359810887657702380496652686524211318379697625630159870, 25506613084643314671483658795760180366565565247276795998597025758633197120944
72940017456943165119729697472411431069277484712813462803853433749475676121327, 13865771063254841241699764039029834708892714919224466908914864440339225131975
73643208329300519512556014257721793675967912841644099117591277551443793113326, 73544099965590873326106897721143682966274109727143800288630108332610888534995
68026480046808968955490563654176835715547380893776988124426132391546918172630, 527352646683389652384490052449541541839323024175549665937198458364213804910
34989793502196544403130681719820459907664397190909045812606485323087749781294, 20862795961088292176302168659653598551764389089651322289773367461154554293168
48781814998783147096572499327562554634703158523509645336613578968680932674681, 55161368349796605444832531495469825412833237453688737740319096809866298892338
9904299338629813003846940942510353528641294042071401470905937561278850418816, 60189100504386978911676494270098683117219078844364280597253786028377463933579
14543833165090504396545585721244194665774983749227016458124324957990185989411, 23699514401248912826119957217947525337369147886462547225746433510181537376213
5115125835951907558296882650335514728049807838305453506509749435417898378710, 5386084686978801563680607192798628629626024304730158546136483109726846539899
74921285948392810346314331362017332866317081513502697141872893379687018837554, 75240276361213647508770975422124262270541629807712569934786746901096217476815
69739635950134722804356674467674114293753065423887257068440445580883283589385, 5809137741093901486698166271551800239435958599801725658560239588188396302031
40890121806523575097013990141597380765342550894361383179771715392862400028358, 62529518905892911788903913227880815456547177091500879536876044513084741909596
43246111212576801263339524117701044145836631203548412138835511783657656513729, 56753939282473423548648114809247674080217880506646613799282798612382589773550
39967765053863417300812622344762811299141847992186327588169605154402773038238, 9043046765597917130927065978053735516638308972787263171273605425422926986134
33964314379893666268797688018216042810991749307232447892322738282557924234259, 28858858624468142044346836959414226052770747196515893063755139770966420246297
72612085443598793827837006752299558851272804040351197317909588389178153751162, 14821999903695296337123312506631575446208472179827610857605077210203222854410
20226354014518145185509014775076005365422640997722565938606881348870591018518, 11400631896348975545997481153194033112152366062658469766461306702348142884459
45761435785114539203149693280830113036902536309486942325150175883422263471966, 4905468682136752729427383467207473733175511341943804506597283026788443213858
45847387060824938597001682613450169281712967906658579938062948361111584673351, 28625108546127510752965388529507925201373139980204980669229341294914714457207
61134604929270123288642648912374303028709580760701289593757243463087289623744, 8991006011396492114706005652812488659296071142346657945382155449512411984364
