Elliptic Curve: brainpoolP256r1
Field Prime: 76884956397045344220809746629001649093037950200943055203735601445031516197751
Base Point: (63243729749562333355292243550312970334778175571054726587095381623627144114786, 38218615093753523893122277964030810387585405539772602581557831887485717997975)
Polynomial Degree: 11
Polynomial Coefficients: [31, 41, 24, 22, 58, 38, 46, 39, 36, 43, 39, 47]
Public Key: (54195748032652973101499393116575563376013999650943114615031113107739177060499, 17442956663344708145008311806993013236659304736782621280808987699838686224749)
66356005733213339124485824857100071401964880605539834064565067652996229171589, 56401864387767465416426247829518772207507171950650484199325886074848409537205
28455321716223828252352436520502140532432207518731091889911482633470920838556, 73577003417518333438964351214355162302903938929265873096914102094118731040155
25176940067649064480915722117568060460522058347586342242968487832972611824835, 36646395947532910968423081190333261217977372791746722918201107957069903999646
6253173302029857809626650266266648104887251982441847383979962042959912433088, 7233099823630030067402658678890228361238577995932206419205372667443609765554
67948889960315967183658706365896315210543468680508222565858304795130402912484, 41815311736149297191782822335078428276604440511334200590539727423109664353818
26358675521465310835705576730271430307886112403519753647136200338581975041573, 44392158026263979067983355600240168156879561232308781030839112081134562788289
19325355967105147381236732410991357396766510992765206178858356915351689565018, 49984455928869737700587513218344894297896086461503789400330895831111384252426
52065080695567953904110129203520186363245441018879727965761821500547582845672, 71245071031010932230258446443092235139161629744702892834221521419035673122561
67709882299211308648750531568156161025034107181098566930998359622027068783444, 32152014952123535312644741013909067532945520710869117200104073153793251010437
18456373605268592619326286550554178612977097891935688368972222418683524728489, 2976914317483724496160728615236358005500119307989398410575411252316915854331
45318400763008436919135690416858130058364946162117403409518211600830931383069, 372657675495746176459203630343188940283831891431496434319949139183734132145
70968359661540369240361515917392069524530350413421334664286039721646760161012, 7734750989279176957924251983885596779821426407453939036744140465672362387289
18591209100095123664288485854075053288864314412723880144724582215096262870662, 20407029575739419202217109053656671293125330081718150225862540823375358293373
53115933788141495757045610631285830457663185051562668416876204796838715755379, 7442980394967660267679508703328796169153647271539152767170172607921659591081
20398025158569899501398796991020940364971252504814468422235882204820023767930, 19238000630147708498762644952245951238216639817714135143095788982371187980405
40125498512344144057781300074243236113558841741210932113422106469282713879186, 61133645695826266628154255129539255039395493699308168150546437387693794784637
64277850862171427146048118100855968515953961777480857984046778339811520203800, 20988811832459672863104677394784136218103871729283889053216428461594394387741
32809566515408003690266555099276513097279705516389265005101338825425712416574, 6285344145340580758928178147351078488040938864927233496862778529418480054800
60513435462685591190761909697293435618916216472913205996609778663266398444918, 13721743332095251323066705829748320074800632534537162445517570430122265369965
5205836813742845023573174528501378700440128658429362696212816939492114336785, 64008397729687713408753046786544604276779722766922913288624326351354273727502
53423080188883756598193472006956693072768763447282703268607389767506254828162, 27321951889818811336010865646137585268289480665638486356707147688808331285615
75752150113108351075383430728011033087043204979383693804600970053678262595344, 36391833583670608365198477691070768926545410401496594567700303766265752136862
36295799464193242193611844738005498561850345508329189464606874344260639983182, 69568006007132701202306294579363299587257184827895918386833123888489850087435
49889730897178977723673506136891600141775113325087221194795855323349416674713, 65850823525963043798889648614264436354185930264537992723754352788578095876093
15971350407126830319027454948880272029179294121192505165484386405958640532385, 7793537293557035164249052310255152064169370167640193308376908572607968062479
63112413915796391844350872578701954273794502525627162995718597923400055822888, 36851369502754835408462189057833622500816639532447707800477005109138291664138
44678645710001232765875838157820414357059602332808639643619764829512168864496, 60382816157556278064855630908833292724884067276838595502552923514505829638104
9878217778366845209664666728151892813807316162901012949883145482802229320356, 16243151985300596495758903623475749266634687088817554283790391634579971465748
66678554563510415980244521677010314674016946864401826815304286834026117327171, 52281532868853592315988841399633712147867383164890868336042271233818912164189
26841838734451734686549277599954021934714457785777093327842324380443637729309, 49607757736458024737853486808336351188597396005789033227116593970042117903422
55287104491911896934764491934547907602627236632419386159650714786035008023313, 70231338625857148199567727668039759369783969838003247074463391129585249880112
55830963939828478472917835656283199038390765028892788140744226267736613663626, 1746870258360267980333840046388724385558970225877078426138188419152569952940
70832359645429210508031907782714052607222485135124236874985849620783937873358, 9415938196919428371433820744137071121920958519157118627742789503626010980768
48079488428666794221797380833237347460832168264169659750882648767267795289700, 7995685099113046794929333270855817344964635932133264401051072714220796931566
75200025833088089302663811319393313411448489150095147312504626153829023394434, 17055763003022850026461306738106125337282115134162117207681184619643963268442
59992847029759935881795316162855187739313865017856419195227326576515054983356, 73309891987767002804102579309029142617868842386239688566254738997430346246549
21988057060048098599275356271302782872443379812834384090415673437119116531309, 24147316003073605049919357070850858330899621504131774492898674743462648210277
51538025384996239627526881612472095576671120525270620773616984916355399752833, 38519422494270255507760821561656693798691897001896677129770982497944552870600
32485483816614644203826554023188477964906021483336151572084356131748390634399, 49125070879910958776594117045339627452798217223269893209919195339305507544808
38545584730739443432256720798157108170210501930340946995090886909495883730392, 61826324337639285337078266257170289388005188241231835907037243303642595402425
20290690620197756424053399265407162854373403086605450548044399076564588893800, 32952097764012781168236083431458730485994744754366933563418400875895456120263
18098138442545481294877523930743668397910389657225084068029042587733353635605, 55212276208939415149260951675129244090833511876149488470988389841492634917626
64771386034272749461305863274275305591015576710673948405047073491578142708252, 33570818532845765321594889892679406804059439423797887863146562820328645772545
6438368833051893133003972975138747662132064434779330406220013011360332274923, 66205343264243541044126609382475998825501358138452253283293676247504525055724
2535500727404432863040131183131394069068914151007088018213409204184353085533, 55843617212543166874812305862825859264037390921026514299898773610021980129690
31775711086738892542747990010422156384063117800526785678795976959977199391681, 17126609790512637247248561081981811198846927942499465605823246625072921526473
33530579830446366288654083992535181451919860829120313723881748582126803716384, 16706046487568837038026929607707415849550822838407140465918412833456286233419
27881258038725937317999818057410271239042712256293276644699824748499943182871, 68242038806357886212703762665830199572445747862287614835341810725065052241644
27849656793049164496660947014510084714358401890532417291762881332734919343278, 31711796603568346878171438412805234201989724267748937768961671641374641077437
38698865736849066139280027513645309138365217613102476724256065437993375684001, 64688040524956706897376561393292779608258583576336756640334187976629485769890
38431763711131609963557312642569329933942900515143521615440993033950362410721, 68647501310980846500012975370700477293472983856169542423153061350310296821622
9871629204716049536238461368128656975093514071845258622257149536423343428227, 44784031493729562192892514721958044191299364950800283324160946915138023926073
19652783714902732392851508789933773714015177797664109117828770765720723875293, 8115999678540627366719512445763600135429134341217648214233994611331375725682
63105591814159016270155926670428262044424761417990657725097941990534262028610, 3364245242731555976518965854956892056276578537196382916081314556751534559522
31442522972665416814364815140748871289414224281468425508011393361429476720877, 11737255820999759014907016415457945382491431081269530056929370308305700701642
12476127743947157999436410684863954327879656838267819220338937946806883678674, 16363976244691404521910415175604454862355679231918461757177666848161910310762
55776216390381188212781719431745284239724556301391235989199347736430957493954, 51849323395726028955615864451089679974059890221261570314990807301311975023934
24941166541590349745809369582048112629246532582629815607669322581727398905779, 59994545095496922126755598490027098821791794175963207088205625482956518480358
27805513527912442789781257256641652794246528233999972662612727629667135330863, 45611169336253430539994655531454955237984948515816736865307865432105101914853
46938489557520935238248190363636584711078907676099037724303033299021952305858, 40534628009228725159648592023591491084303551283483242813468186513842791606728
2384813616973539847772883169483899017021538380820333352129213057067680815364, 69088365046676703998564644000887371378985125694791097193930919045515325998142
7404067122987873945678667651055868821621408598248020033569541042351206512995, 54459107335140407899557248656382200506235880637766696801630294932091375861645
52814225275659917884915032423659392085686446670885519355592211874280095182709, 21651634721012300256300427541799573670478247144801469590242679593978059158412
6382612282644322083189728055698665220313901985059340242180604554370720295496, 21522178391032659085728814814553500484489516735217589722899635982551508517415
56972040350684889345354474199116871600631924037615431198773627166361644356965, 32612772595378632774806165095090522336481508206874468918232295656771769960466
1418580601877483465770277738439018189378361358038284545236400333454336506654, 56806165585643781227856935268542024005405527968556888127665945619379215342505
10082592524732223757141716630624079851099455753907523674779648000971507786635, 67752036682131752586081483543406493166225518112243317388218022596492027500631
18792588103930626278328886572252072095260070420079399783652223857442218870592, 63251692928103726544697055001513114275206671380205846688192034000035451726258
69718733982758159407097829772831555684939225446337295871312113597961203462656, 7499599326151684881479468093865297683405931878428337425880213351276779782627
7797360259961610428342721243962245326929183861732779280317664521685315881272, 76205854857559322200109789785776288203937901100951103712679361745152343705037
32395287224887829411278956969171670975865140261559210653146128781833787775163, 33192283149890402701171047170139111422019962097864807612277292844395301864437
67757756949305142578642604138397847896191282223338376343404938826289888748760, 26241008596517402051933575668146999982510923764298629046714026705759095871236
2610309723618418483323434802456919201972284546342703968163086666525924187263, 58512106443958700072668314122374987462785697799278414213301664259063956062431
53346684405423987094237174881432238354518858170188381205740298673322477094303, 17990406184142973171788271945172247692107228624459156688821464114274071114059
64724128540139501269750886015214378686028276248578272145723517532607755626528, 29144064777880529933013961693852696805079339857207109274424524874452009904187
17292650906377974344542364714766023707340529889628678277915205517467519435367, 19157477579737999668388495980967806321780741608241888370302494643125166234763
10753334301918170985434011702655819596438444385547728068959341261691260847723, 27940244464235376661366429769269986922238791176081939469377692199677260207531
11279254506656268753970365697782014809162033321424973283078259067518421940222, 51071470197183856753978863263203889121214827139532405128518692572001463636853
61139238145139539162513254136604665148779440979124725688082554391565787370361, 29520335854978354597604234441940548360306758600845800953118909080733647348760
18324733797665685037580785354410179662692652047330381846708828186123521166372, 41218256835976216968992426829303557329166161415768888999750158316252621211236
46348963405068527500161525726766583622356480580054358095480037010942468265725, 33596149832440819691633592723089186920183665942212797332101963747576504297220
62289784173785392819584302231290919278019075870791168521555784132321790910595, 38711998377072793929447071042156546936922385895549723032998333339098531330364
71504130527340200913225745560789319856395797396965629038161763871073423633408, 12968460338651361120977528346868891451544287652100353218768348921650171797858
59101043758096688756044984995334503394439357413742522216208577534798480257202, 62696293682047690022998597832156361756229017417417588166131931706387166436708
62808857314297458550051206916754388047632806747862670962912605356075418211229, 70234722004009630300806126454578197873049452082829858408267081360352580322770
74373498367246214495473010805097708631615319851099791077053612620534513196816, 29528578433602762771406645411674285386248005225011458074521344010253501089474
21549685557072863271755984954914030159374989358073746865224668629928358534166, 65479718480338539668224014555796410743133297342952358165428301420505071439163
37438889270878982233292944444131917390246173301026359182982987827596150179691, 39899324469815759131373689403243517949592117357201063750325090278645242659491
50288006214193256659560615822890188940720417604492905362277985969703684668124, 7044304272438647795527759160646609701480563465021900935363626045816670199444
53379129225095498091478697716895391187617059143986615862143793359122806627248, 60264292850213520376657345724049134557641143455703937280841551339358534863454
72266450493054121648679653391550296013953506413410601969777334250581488847012, 133838821813058939598357099747561396906363440706829234580326812198055357223
4317573409571530326677619121461580403340252166292122717802640570359066665178, 51607870986149231066557232765294630402928720035635660227494666386783312231001
73183070762476871487858268536604135935651387550309901987387651844118462432215, 71189691403961381569321850176627704683846563263999926288639770800369966923587
59869220747915540737127401298654180867532167428352888260933552396676473422105, 4865802741156117186560337990346664336209648100835126955043942644477663557067
74940766904752264642079190558382245253112655190869237042039721120953652186179, 8933741266689547185940141011093799977965471603398136763020915908388084611375
61947699642885602519450043365227063914120045801518206552299617619800565891919, 30001239436968641607301820304463405171058715439750228835759285528589749084520
28022706815375374729608018362241116372969497609881075843730950068584592184434, 62738255611786793931241291659974209005620328360363674892858259471062979114436
42230764936924643794493758568901038284957358096239823816351138102852613866720, 52332094090758028190953424422570099690626905243823700589624675445670753066076
60715447574075199436586476807925427954385175365454960082182838701137147957439, 67217330470927555707153069068750122968295816307259617534026264791173066748462
3144948654263819372849710051379562479327809038487197404266560423705640298780, 68723582704649053058036622696806078570926071110181946325525551809905235173550
61931466535976244397982225571273813452814356002060619089968247601157819419888, 67522133629664464645026436360542227726386194866855164491908919006034289183537
76628322045919635087601990115036887670336927363393014667793609629706738471829, 43817044963264298276961158431729365704581442606521909393730736976674287310935
20997836182050710449791050483280595687478414368342798935065605727422961969920, 59338365438976832843086771016677382619387133171604728992220920684533494216945
69158247388653943961396481651215238242252844415827449705268567784196173825335, 74253097593424315636959101560301339419040521017361672067566494200060191714682
67356817272460740195245164690713759715312568035538887273457069457771627126190, 5769353479797114937911080025429185708734325175484103248482168559838088208697
7393960830577354156806345557381214611264615627987632776181000151842043654474, 26436602059635465158725010383236538452470388270244572403702642243725746429039
64997842797816649415704776022774875240902305694819026940677688580077372302917, 24758300232518761914230863759938074950766328488050775342902122377915748538930
38885688881563920667097017885877347020981220020410925474824713745955016691683, 50786542831055621160066454549351909291791510544012209927201312013553760852341
74972243623896793884306337812380084568211485005165318168006449806333434985570, 26472773702733048487859511070175129489114268962882583126259010276831780776515
36731644101606307525886439008162041140306428998198055405289063664234238736807, 68079321178801851464531645154151800610819961219243261886287871406242643424831
32939268032674239011378468802596950487593271589892302924457050172063104162039, 35975977448152807222622874971884733759311918437936009168380482565111293783192
9972648668469571712531105222293590346871951218981664129334300365889878954509, 67916441341030525394894109301940611105954843243854021591070288979211248316614
30603004873845178123346182076288929626931177352383704495314897453175837995174, 45967627732919650224346696889067708354609645274170627091802080758334558151561
39399290089226292734815769125085372785455722666742651098460314167353378470576, 8009088631832979558780532397089222702405387849096154808879185089863912239076
11546349079639003766575281554887804439007833267057261617204767772619380313354, 47633753298305866513662195790595493913357539146932427989488089890401861763023
56526726059632705207243186131735659425891009721541029916567339051183116059919, 74326551724411989262574642789125391847869709594432355289132977829450490994001
24312742679938289169445943032233633487633527108849732696791249349075369686723, 40229908508935618255297716199075284864974128967675447094292254748189467826679
21456260693598297236385041795163787850758313937207742627044110989689202729860, 74752614791527885499116242089516192928211939416830490468515177566623303813792
11047723271764685552811678630196014029165746040176890447192507121564757125588, 16395471162745340780393803966898664197267469871397125190683900105112252998565
70277017007905481707106791119776931255232355246181885880290421846434148954989, 16561254229439949925063593599422269846335403538391877132238975467804319162941
72612537071260144653153325280935490970438252918621532580210145304454588530913, 40664928903820075305292163077529329775887600293895867030609148712100095066293
16434196713543318209293127773695508042224482236114032650242088524150688395138, 71747106022675450212297598643828731160240331944712230875394453637756944915350
62128613948002419194907452370036807054640597121195442077194171378294736555204, 38297399379487605656500805192784130125699773347804033493417283444083947773942
26834975275000265540153345202241766867882624863145545324366396300850476726034, 3958902361716184410578816585331612300976214233884930196375027076407049148863
46849537345609302491913358278693306172140275812972008863695177788545733326057, 11238805659521896645904410184826346814158968795308606631381543227075785835488
48140814143026233936955799971038814643980720088580592544810956810756703978262, 5904284761464134158243522685209230818862735001150379439881519858229546154383
47486537882551684566862602569769013231363925178983993337646329347925042091568, 9407124824683179315375831525295822935734002933040145892511846496900275800561
16699656648465302896920913210335112918724478624375609915832683177526627459186, 7337571594003438445249149915665303332855580435749848845870168270178440234394
21481258419191742341516965194494103827736924109557003077363012939052571746064, 46469854914854091609711501582712504891993166781152113415980379668587801141042
39946441668760548498570247247069186260474544742452640209745603935649436130560, 26353015953293302238178505559908230850847809219105791926970242956366368579538
58146902540447875428807122208647985698344688511877878346515683550010004182190, 7206887450958676520691822095725244055936877034869517374548699902425028886893
54199126405507351850500048169393375762414488608479336510680754349379583948703, 47316424000950480852946168482849825309158037908171839844885418033008582769032
67341904329590374183469142942878630537592532840725084767682924774240200028109, 63102948341098417452207649818959108273439331802727279282618068347059576010967
12703536360728755766095709217367663632442656280936312802151163925734338664970, 52342969922948223255842936162581907363656060748773426863634147555096967958600
66246800614066747890486618517392399705670147106920836223214090816394655197204, 61059308267209497535441630811408035462290805059610096334767574586903215898773
66606712050333056535679611087485651401743306535901078003858535596836686247278, 22373893006326993126373531442862104397644928501232456239905095537923359955430
60916361806315284969242658952229714674708812945329364858060967050010028890249, 37650449957825891684692482018064226910848278611378472135159887252819700254047
40662201243277264752556376301686913654055616358249450555252340066919269848724, 34550393112808902214555012959265910925850091599136716065730178016508775159035
50812375334373977446410706389534494904666867214285049957680617147892916303483, 29148836968269756357107830329138973351248792482359264747626956755369381367986
26158390031178999981082788768907856511499354683179460328949505480497621294699, 19362573975942252809091594158640640600897620130021747866591776930532751146743
6991398996446667657234886791914218262714173251474751329084286405222019155157, 74514943862875488027761237021532552576240764609668730861353294694713347043560
38566166457276194735167276136406109841299922451287671171778034027819596647864, 34807160421405257500192704513053640644406231812208110915258340431811189926452
30247276058892929813872283609672201508432553432478601462100301616912429838752, 25951794018777929902310915954096189258023640763235543271726037522172072610459
21116083512926818147716739766270477118239280750075126481884781609589755848543, 45466282651406282634993050659878677840043394178619504512578405015052358707318
27486804588928667595091184508440615825009977516274432195417500717307699617925, 8052063322229996193906615519832232426910341495876501078927351356395890280093
41602255919471712733667012030034494553037127286356244609660855675325502523269, 64422145487379878473701637024504018502083160255877945812356229460654878408729
58265361994980276459700211584547767749240752461452083155750794244750169240827, 74402991237699131617196293116161278976586477061826719374571993046688585421003
53086711297059657360483682742832833679058446573672193722072867331934393959755, 27474313324601998893222877142518018398604291063101687556628966934103580845127
25597701900465134447880804767161891033750213284812120763122190732613364857345, 74662760731468116450781483828572703580479778478433228190887872306329003249260
8077297425454073934891385044228728111763959187659018073766567475368146037831, 38394751120935122796398225050708895386053773909146388812671476564520744922570
44461342497777819973550326133546942687513812188919856632800839223748998973466, 36309847676447553025416021492788531971383927572317811165033030953125687782363
50174678572463523345858189215559492381994072700152033359488443987610893590581, 66537266481904036019099982210066039783299931655641338647875189412386808997703
27629519894066294915641458968807857868645735483723988697746329214572181525201, 67306521030319115969044117640593576324328367117077148664118742196172244197211
53699284982049821735740253322792479456500872425302430813043476010026229686249, 40610508696885108532983531400155120148420068645900356111737516601456590404848
63476174530630232897811456568674689140899716106895239992661738073313295706788, 15873254777247865228544816651155419888019149631616885846340441882379969130059
27936567823627125723560200142826828846820248998321641035826820481577232446176, 43451009845424744366119667272888175590458898640847413615796453914082501504857
72625109186394862218514444791930093021113473161073719279876785309350428876794, 52379822567447448079443325839026145602599485144183749801675706923982772795884
65009639883891344523894957054882733046439461793960952970318423964365406849352, 4269641753095644146679265978042916038081372802318876995465672162678876561801
7666637013224457523625974777687881755452704713785899301573184379827475285133, 50262400193963868548087878082241214754614175612526640281781362340163087387699
60553624967105401099658278472896124377061489775061866566497184796233744536517, 52541532268499789951209430967482109384479455390854190238677111796081312334515
21705180432962116929555664676444237992129011396915820736687581747614217919665, 71869023600667887407739316269668516026464487963912053188243986611984943987991
14752835060687025379369354495566888858405689369514652412943234333026999274968, 17847723446870226276694984238762223910532312891541803720619559219127103223895
40504234780175213658294979327133012780986690993033187336741451867427942254307, 41458160191507154354611267921351128261709114666723043459911555211636264006515
51010089830283431228505601414507201349512721357151866691950567007799663913838, 40046491331783166494682297055479595437547950521636391712180298891799118802056
58693080849372639284111339839732879377071054496137244057734691454576121349077, 36043626833496536721296153515931161525618471316484279138535285326124852583672
56363107035817798837441651017262721086910462495868782003357465602045679268940, 7393780581078379328532053994951052158160787736578855179410795383823877641294
64784170728739459187668394007492927529804933711758585097917617702554064497464, 65377207599125059576061519040167903900496379747861464610063219789488513737517
5715543371882554728843816196693814189338180015083410764705597971926936208197, 64771241587160927799346967100178590178809874951452131043624956050238894683447
63284901982716896213398234536565464455695385942693653120360945177131952049127, 51075833609223808704714793764859947117611258060235407599187544167665473905929
75136887445629090348361304565387774914751023665304524205107814220891045804220, 62253136994413560906691424770761859890468692072106720361875277030204878789899
70496634394846274554969281193061669121879948309269988711406941590615667943631, 26180960608001826244880495319946777879516892626683252150392520664744533767828
66178838857790957601452822575199061488861422584107889519679876079493976828859, 63670422199714102139115575948583492156990629356744034822838055408478403287841
40875145416643159144823276990690020832947106380964493026859648980665321691705, 54514099112004576187038044475314534508345751846202066651594535260866896154649
59668259951937324080528142378917429303267838431203477256659118839326005443800, 1599536967591740381660441135026367499323550056721385550767098177109390533448
44429306227537455503164604252062418686357020764208564295599293270930623113118, 19174446917900024203985222116901766547660448880122218867705928763229561189141
9860740398457729558507503910475009771211345917482880447146360210301288493796, 62005677207980820071447228533485497038292164143184731085935155501410530140252
60453960789436185749809833332311769506646691081191527767179113789225287746293, 52850837034608647746500358821087971025979198549337551776763068970557646168743
16839880942309176685043520567102285620149686121131040158902745703950664381689, 67236002912854390247264170349708866083929952413116807256548337416322777546508
57739847356333728918230429829873297348589459988497304209762472146448205826510, 7212412132135125428972044086282702552122221277516130848722283694249666750827
57714578047782777711121666097435322101116220414067468866167352203756427339415, 70948944201003069283026939349190005872176890301215491148477974896759250326077
1999404317121289323345315600611139724576663826848982657362206678704517744482, 63008192917674421173591176655143924419965393754107544604739217915072109870545
43029658356707228324875314369730033608940808582174478089616676773490755429660, 49328724034065857998607501962753660559757555220398364599128590848853550887528
45287199688343685874376134933757941364344712367355308062953696682147600876890, 41881359805363009711601224312712362548838605971492353588514718858703343544242
71330774356013880407729217995339399752127340857051622443645187107709828442549, 64491707157225103320147711573850726590737221216844189397041513400728662613328
50293869941735751040767162280159157363830756768461411184141430474119366229635, 11494986904628264554956704515548421546566386846252985563551868166808120705110
70342347709559364537987769833428109707184822974787225196401304088416560661078, 11671717352216323469857051683202257588224908593542763615789898945523739268856
67781951479048827082089439045555328032745929609543201028289245009803530573633, 37868850070532492855301541891107521615542571338188869192516543021237497426763
18343194680341486579125270118889766492820669790271854296294371406569105846317, 16901126363353241834388699149626619053823286226960088382756925243075310530985
23725273562705750464605184045851581704440657784659940089338528451481307012440, 3451399937195559705073136435056924871229579510413530911039633487918848424081
51254586818653430463115486605609284363144629274573631490434324244706716197673, 74708234247585657847021848102651070376701758340531500945076061842857228970310
63188609114996624382092753145111485555355134942756404278706578246659259970876, 29500969111565964407023495145540318827755199524332065976602373863640838439837
1491402888191388799351124708141620953859478226970857285499102577332407851664, 58840191984121428495916083217114035135128311972556428568085921136113584482748
31371158950072100944142042305791628766466987156444711492954340585649197936422, 33391311364447841831303301131466944630738181795257921714507084495680416651846
11633678684577688240628722430376792925122450979086855526054407577958425382785, 4247489688943356622398984564623365301910851769420903932440892706100872123037
46564867868373331390678200127581696082523308163448217712277869107365168731744, 69078658712830430866126204729995363500089600839802283355494838763446493998139
19021664379428323663515939676251168779289427332252870463291544262510862503417, 20394551494750848560651892175470299923700665781882230064297069805246830314502
61063861485897346326725011933106140256500989688720906454233961982391051854259, 2261754905964682727715614368393215111238334183511103610439244852643244076945
5017296003435424097100866645811188553759154300822567922129288005046136295935, 67381326130105910386940366861499705205415523267117583403863763899175781986841
