Elliptic Curve: brainpoolP256r1
Field Prime: 76884956397045344220809746629001649093037950200943055203735601445031516197751
Base Point: (63243729749562333355292243550312970334778175571054726587095381623627144114786, 38218615093753523893122277964030810387585405539772602581557831887485717997975)
Polynomial Degree: 8
Polynomial Coefficients: [15, 63, 50, 23, 25, 47, 33, 42, 11]
Public Key: (39824214897731234310827309113490630324647147629973980847036167583764516101475, 42247718812545577932603728445742396572810026345710414905543916157345350449299)
56488500106439602335184552649858395570900360017353509278233258730891546597566, 62499734949068829448441381002794246667707754987695017330533812228856508645346
39753890935021339354244261092467579222924309723059993047888610977190603745090, 22165480709912567413120990196430166214502230112066235260002152938564022267121
68399558177950079043108475073574249105090379320384411877656436984193757046977, 5544131590292740730558065790657932281256206265129342571883192790614846183835
60740921686459437972542877301798645656595705449600028919397408273790344455709, 73505494992087314324364455892601616986127486178569965316619008385585410976191
44643378272509229274109068190758926964939895836774126171878436368312649883232, 2565384421572683486194012656186818347469805392876282648863262905421612904907
20804133640345613245758875091929424558854865823003765996172127227241656806646, 37837463507028089623797943172035606737092709342278789772215836919153556073447
13239720700499032792875937344482729770394731359945801260635718038284060494860, 31093784763015523338643757818807850714832432718982081730349305291086127273925
9131107930765106215343676990588011195618806323533886729328892912143501220604, 47253692243294381886653884858778077761151450122192247782165358684925107224274
11663596350119764902176916144492760855013203148652423357219803797720313147830, 24588298407050601922603297759303705039012531557419323515350905642335732372438
40181861405356258207914608683562843301755600160956249034704867874521774891465, 48989551331080840854529615431733266171549528578966107898348171773155211434700
32979149192045016750614045953851856208291923164743670317814266084369477838636, 32393553891401873400483383695652667790702568799410749450019101549982241515596
38179427865987686149887529365253702400748035369942191255455858245162180386531, 73898421729211155580736277583245687736569385128947487179190954850594736974273
58302379048619140136016557352100068627851743317355312300556227341156541484100, 47500072084781836018598154358845990987432353331987178510134034300753523395681
73294929299679922916753552091678239012862783616891052753523018202039897971970, 64165344360502258521189310770212700903333269808529989973262764740963176959639
56087641436331448559794578100863109326930088333851098635190655831859966521250, 67003624521765437993187678966764962350511574093557024934859953759304320471734
48755931380583923665709357652412102753235177343548824337572339838376319048253, 64398368623009238687320506211879090488565516912391082465915506197838972773346
63680816573036843363780442672967947925478624476353208297650702614731284059051, 62939402407278925815122905940398901820483379018280728482791569991662719636729
4778434823190805841008450716846257770620478184590989045378481438366940019991, 66192650777855522868524086823714164182034074711535000667745179082508160355646
43685616553782494213997105333934183498863732501478862040226377166264816513762, 21941011386963943242735533347064111464067638372004724742956808746297078173887
9931249005836782950707153923600460741410501236896937241099947605161526307260, 16844579255504734008767725918812431608016242228400467578204642645317011331313
52065080695567953904110129203520186363245441018879727965761821500547582845672, 69260683907006491456604956941902921582719421648910458648890647501101860251757
22480607272771552891632892893339111266602926942182669082413529022852364019658, 3346277041591077322049844576297826873243912856970992831939756290094919136018
24549941863833994871058970817963063302449661182656081815005536436985657387125, 16833934445054694454942364791563620674244752728514209021865028654616595172013
33488589373938185016694254467636644391551740834406731485550958279835648790925, 63082197291944580113796211706171016728796589719194575373015645990751274541322
13778870447761888274759336724064775809796773427884494805155809305779993079784, 47855841427274818446796583980370420080665368643477029692315809737403609742858
46923139854373801945773267805941565145688382365170376587485467953332084677874, 38810566844208272396422067450486906208589773631903292906115109084474909234013
67169512162356602128972734545492903110615766811437248543037305634123960529088, 24865889281123961272648502147696040009219750057365469621670498426642050964028
21011964921968038121794543573693082007450642707109796437558706857006373224094, 14315131702433432860253507840957064668865770407361920983202605090567239160666
66345845567150939476020026602728364479334363051340996287928782035373217000165, 60309034101673723517415237044455237319248636676299550161338344465299114183772
68569470057449167616800242445735154628911952753590251873641357810033695510954, 12893624698804696116556123041937516575159179209015895220734586872178270142587
19921734227213592780485150024855497368817503344632925542479802811493265296831, 3336199588680480956102813828056129628546167512045839325598960577302366788263
32497999202426872916171728023503232980493900926477520586048014327082481378191, 75722041143464960137994136266119194858195167547768600949892815284704929048729
32809566515408003690266555099276513097279705516389265005101338825425712416574, 44777024051094929880446719965906329120742379372767410289711311663981947002792
20846427920580632565352823738652311134595390407647175393781792342206717623892, 29709534192757957211539776955866854601047872470689301279721649994802969035445
63905840909220240983376468325889341618281722466941465184280880880252849198323, 70905880627829352033969813380530791807091603135197911367175925916871202235253
49825721790439086567796848545807355742787536080338767654719290131238739306952, 54883065127012414281304596875356401223554686159718666297785871819393355667434
59464448926684210595874423751375029833138584607796008677868693071120258379529, 4085287439344516405894128891230458572468317032511846483362927865387262593137
34022483485650434524851301760179621239548731214071808245555068957373760265229, 13077949488894287657573995435386896028794975622263208752258105360418471129156
11528643931110776566199164941625172802437584072957534064799588136374058787431, 53064046672436856615219601231448484054907681681911014205835415103303626269805
76859281055934666311820053977795092553225492732236504854988646076120103664772, 17709657728107480735517175517773597513297225960386509451214365052539041875427
72879996133385688071725341440714178634098498915840252140808291701695293097109, 43012829015158304622204882690607119880141201994560553217179417241467081611326
65501115221838432912800722660961825779856491170120908916824179678532848884748, 50456135421204546697275029923295858700053763360861679201288742573961528192316
24112400567533123731825490211679827716584460933359232909067207935672156996243, 52483273212509282600574471703504976714171667154852659241225668636817962937904
67624805671532096164721107347560206233276961277166590967532127330462739056769, 28728795555321055300478344363682495257634709161530568146803128008602223181892
35428159148183160749024693917119434058047375603030299047789902137777104056878, 68233235245951494460925156255452109342851365361578362770178112922594844394099
2783639429155002203135252052046027913412854979841227366081642783253059480653, 46352833057876686379207640137172647965218693997412422942863056111708010677560
53767466614554527824108067300179158765188840331440083685569085595259613934187, 7167862116053634927425521339036098611160855278446899573348346267161197668957
1118406230805886457945225166804948639815311913204580237735245467365390053250, 9369766818624958547298067555225709958038339104342974493701126272898843553696
42893126239237950952526898454557491551633923410230972078914878214697123431160, 17789593362475987528852364570108926391575972301121283816068756494915406996502
32280958253516843411034408072316385735365879246006307972171525165570411796931, 17513352103373795351290743682934267734479095852244706993850945392775984630276
26769956206380465856743744011593185278567185612694967396942653071590520883673, 987856052008520644511841582340012865826410547122171281230924814730280087143
7389155367062371955937926220215928681203352263395786316361653720288070137147, 52565476431500386260588601602877677405291480222686489732898680931638613966249
35222070965668807806480431743593238079073038911941909434792878172803426785976, 33223107850771804289008160242380966814903358628750042203165680615621083133188
5658122928777055393743066673857122285612335803337306827867107165006814027775, 1440854562847824209347922594011502059273096453444986741604256073302709641877
13614651853442723404618330929517967003394646189332179915588875201662393938289, 63029470622553271508085899119561263472306773145593141931047631305979184079858
45590945835344200863669296858082305804595784386757924315728737974262102497914, 30287907010891512613934807620167683989819602293693012887312013919073488758460
53765117947818713130328699928901515656580899482588822655406996389831267347879, 61611057155056093192995507307219192222717332942648584975349895150615088834115
43630475498311512360170713724107377853805749634146372911892893715960192155294, 68818328698968422878810388862009143753176234579067818002695865280085092443544
71666593469716941631046540647460465832911106138666471697149062153023014748399, 37138712665214321738420861853222199633481910672285869273818420148053003290753
6738090058140553379330836299792468882743414685938746598818287446382543654396, 40153706904648525809132036264306103736710020386676813547864847706059262405042
32821377662618680548934320764454312645492327369289412801919507205852140722740, 29345260987129303043606088088883387324060679975443727511784845016917152256725
58618116633602421326115633241015000851651593817627670974557912206460125951670, 17667544157006708090176059001685171557770499739455737497895606051479142685347
57408107491692582072641042768521317360230170479555437584214122463742477906767, 56424154453665924691607546805522088335974420662333236497772466259551971658539
51030801953741192916440844597045918766212070736517294358684418291374418968569, 13548938805125642610946647115610119779574654470307152357968984968016465867830
55160545363485945235924890606418486753893824074851193227736677841982556612662, 3479572009307016566401335813562031377316114590956918413425814082196057873523
75346212675221074664116647292023229074958639330329269209081966255136437748439, 48893868671958443577687747483719814507216785733044167073024154362685247731774
60847870318386457827600652757565509145806035034148552302803835971185959922194, 70542129898632875469661099340088545858081754189285847558821188970586550432518
24880287934720124926694871441555861213193861682625308724815643905018715397370, 35495588855763998770003053288972896298742513298040803102393606129954748636906
35656582001200397996062061943577574252329180263324599264015013170485550850985, 32985736391986945932861741453565584142300670954655256087012982332315048253777
76643955829344098274503235783676694139631880265976956444731111540138033505984, 37838190702202738618585545217789326552359165123584396893419036271821396944207
56331441605050804287382382689510284570785302779559811344729742543202608672576, 6229100095439077354241714189858291284792125591125189631388474965132067530727
30662990625359815489696883154157597153582376869541492442819035926901027216214, 19591642377382730645139608109512515085250871086878662484892412117835178314729
35564519436522150747296991284354715983974909069757767131134796991362198852517, 53278016735186965907544680069282969439697577074227768458357051682846762536517
69399489807268191322849380244687706179293638720494758630423954212896762402375, 55695894851438495090760861434851939965760158003798597904692475762491409091275
34866199731023272286130341907731362561784840576007955423408613699103134830096, 62137175552055671497620582579390987666362802038454582906575910678264616894160
31314546414114305653059639409839199100280482452454940540951326178578200704272, 17788575466147500330833035610107726356721765577962398138750369256262540140549
61365190023410312148463068678291268119588083191868536367433118602674751888359, 58744096278967551146976126449189357969292106144438877955030247598837132133584
15533917180569268772115651603672529354582110611171239789012899598814310034511, 23377394549970377076947260911895921498277820001003823424809593490594208453094
10605871943334388905545725779315806841651834757490406703948206503947843105219, 32856167806167264964132473932609862879756509762169357532148567024946767035601
29099129812942289037292145280232735479022553108764520795361937343286849961297, 65671858824663865457408167571492837618234749520516317760637404518443785449637
45229751939727274685310911978106870431573635903499359716824310995796046706299, 39096643050574568183469741635153752810039079620476575980335037394383378925235
32544710582245148140831365465199859552372553074039081226461872228627746455605, 65058542386589326684760066615328385818548932792450210115170868364493149447386
23684038277077304327427313190081753995770149913346256310659992353096965607408, 35559385205690489793072066903987033044808612719270308204432112720909801758266
23704183024500637985463872830546286769414707867901809370566034071336599255873, 71389044473415303014578036954577198995212610337194981582186643964940751745062
39910158992237421540774230707684587259849323507167572192804652520817495941130, 12143390667609507490559530586781559509272527331123407487579502908161854752723
27915021855128718189793907470346512883127539957929265756796330956434362178161, 35718732590875516341721337490281117921841763853749154147283803765647594417740
63341689345614316090772975311054920492001809509135819216010441694530681632847, 36697542800159592488913068062131848514702155319362284708907657272567331942098
29413625856325382385144443164744209639708642686016301346208009504039675936225, 28672322430652344899057078386370166157069110478214825638851563965361649076920
52717163102711192505101053048841954219692146435607355868138537243062850463034, 50320609537578773492308570753217530023961977678479707046956301706415091695341
70854227840258434619385891819813436978771129791794856695198595732976878201877, 45913965123258841976859785930106854458307582678411069214644254576311686582456
76666188414836594498687443269743212606443724264018574803064406119003627339990, 28501461680274663273552870862727043438491773774299434640738742807202609882523
72041259487460600912773420678977014647577216762791904409220164751159437503373, 53002506182683486544821507484884951358611018923614474771080008292780817546848
28278826042294844301773129918627516910087029262539976440348808628234819736885, 63551319069636537846339906583040098511483341095683976447012253470537799919258
75565282299115012281699708354505613269685496529174272575379463759712392317496, 39305511947846395442745437287540919344526141520408991499793092401156077544567
27727764957963072148076774839275662144453591134688528446880019736309836594860, 9952454330369513129028218826598800546620574555233061697465559877114839679072
59235485386100844966088637018469827544175122572479051638184943970045790604463, 15244916609470035358373115877556108468935741459293104606447667530313429857974
15420265320043604173527794526802077498475618435608716100265750612597156167762, 8817669976573427843470905605614769935386678213642909971934590119307825317097
51706081939886699555312132097920709902481142246665537387867272236886867143729, 31346666381047775907902351495900675992080720627099961683264059473468349846020
29627598374383711902762642476505120277779462901909431604856669396063448569370, 17983158253185624900120823752790736930584814498182943187566807379914190186747
67097657822996177793746371651374659149607277088616174184436020449589805124951, 64728233912042172045842069197801405262941611836224714759866614927636073378935
8556573847739611149896950365576846894560556536589448803845479436295815472319, 31620483219936281556930357603816806858368761712673311854181060851652507078479
51593403480857183621231219967837811528632096756172597842775996458566913103780, 16294488493197811602171372208990662615421929736578275992242654131475713632250
2727863247767747412588457512161044926103492529904820750669542508422734637417, 76384821146149934414501996520128834018346759707130311209613348981840339243407
18811867417445694020702887178389172073451056299305246997544522660037937171646, 31198571769704424590638080931792819678638637617428093853147307634659776089417
207742579195471692706776492842805520089498142049481050956937491929098501610, 68666046144546127560370413454464102881588433562955567181162831561017775654973
69112501300816200382624902029918721294320854498067746082046026636494425188620, 71351431779758267394143008723919996758115958406002002218741068489648803595703
61031858064435071886890821037134058541341667743003072019926376674106130296116, 31702965463427452879102376141507837115500880960185565208395212350351463038720
17598769032679175718473949518745598775205004498417652521649181192219376513537, 28468894938555893779465285953898002202796254653123016044635960782427331796629
66912507261972174494521471427994621617425425693767083401752997272802677738768, 76135482774885420269464753011508049576274653469852701574248407830997801066825
66411830529241596396420105002877570364782985959632528215576264325408790489463, 36482920214695060256222565606492242758987222640350221412579044572958375128274
18480696827484427669107916971038461010965938353430189283134276928326367418423, 44658810740814596830681688935354722071435621247992568544594509198996714788881
73659546667458055268656926187325393389679468448623990067205480729904767640525, 39319027074192790882733311506867465565199662491183871686174823246382459095583
49012777611376508126366947060446362017941831536325689816977431182651487356575, 67528546076590749915059211093532668877272304835215975847156286358753940974880
18690492157388402628668547850259210120410731694795692174890048099329216960747, 73204543947600752136567176436098127603236978348611954939292025366458203524724
33922260896060139000606041704632480235986669414570505856363172100789620289873, 66213538492027264863731535145411070607633477440726894658923589993301473073778
59987950684397286295241141128349147629379832541845026032755314393633613397826, 73918432838398119161018851581657951464963815925628331236308360946185879591530
37138107143843017688263915701454826451597918779402869698599624037094153267296, 60415736123328503519329289762095707880005774277497785369053455111851344452794
5471858710959729780588120807956261643312175547880526498752927049765012882439, 51579541018305145609022491881152493908189779326796698384768106774819323299408
11324736558293543244542226932777636332354126479407898609301436234945692669070, 1802645571505268411987482676750687242123900123591808282617542869869609133784
42541231482395721645737633605053718139627942006632500879365034144065571469298, 13864252820329359869177501853664350155605319396040163752369288325193541171711
58940638281999452067490332254680892966976566749620947573298295131979798662178, 73361689921240285436829215998724440371130937727531042862739924157482483948172
27023649522461900315470036639409948217209947649769301237650249420705527857595, 17777839436148199029353430590079287470341874114110591994859622896566743017262
25470064868504247315755745545481320282850874737128186652589724643478220241211, 22126229080156724441720908827335194360440219157014666576140618017764280979093
21533142897319043921936366153898589082440765063572077111023690857577759618604, 23420685198574954452797698522306668173014924526119211505027429250217368598343
25837460502564142479748154545887012614254397639423235291260670465811992226838, 26453697305703867277219992185947838996938155739021958219728778319254074125771
36676175715203112374205935977924104858263584063168956131130430163178105381250, 14311983403775854169696015408822302336264985204835743896930031398608193051330
33017807213579219423475464080605866328288134187328202433398870435959064207473, 21796478988223816946665903030463691549658852820404464237573087466897076460364
1459997457311707176046537135138329089492424536419696285839346069238226766846, 11989781628490620771322705809033666462005263069892121018454999773111801840358
70299999095245144283677775473968738011905772721348322016971757767383102356679, 11581828340496967550331783472715892750250371396991020647385064280615291020235
50955534260738408269679117397643859450502894591695108143383093535398901923572, 74758209612902382100035552259292902342158485953337920136370859385280292087686
52571129055445234648113161903251934036862245935042200791295128215331301451919, 17812771596277652488053218872991709945799269833633046931374771282047888873264
56876385605549287118928117996701983631397984607516154138216976758729812771985, 46258094176107438730826332893387593836061313378221763120798893833290773727767
29841307042368955919148702819391459869031929856380800189936878387629011852505, 14822526328426986536759884921651150926159443269773791317371473446794021010844
67898464867332347353870864549585948444249762769879294387748292204793981395349, 48688195141721634176910781039891372437418838665611891537570064616654429280159
34791223763448841420815600299164485937602576573292766485088916924077028999829, 17372208523259931086415639419235371462125444912189487242513811414618721895307
16484225198144775774708481641487363632221770274249900881206656191151434177355, 64484423450606374197216900459093302731993837626964461262399213649680235385503
19329211312093549750399451330642585909051024197414684028782486195307501827209, 2877141595689440134372918760142131261752414193971862505568457537331342021394
13894682693976425294411161986186173532413626171562619745023128783882983952876, 2415644034465992721431229250675115418052359444585322767185411646701064055428
72057268226930197991357147703772902906654222309091126761098186467907566234674, 48825744715912984999285478381170184846962493167911384810181082117068169091728
55167478930615716806982018956739418902145248459587252000906261669313952062280, 36281512621110790767746990868729912335317179021399567444302827324612645603193
47607680306794203022095081764076278516227489365426978933509399938253055506843, 22176985269695044962052097248423366829851660472005407006075523937305748991812
33036831319933256302216771063280516920435589006783105136572292170043050444219, 76221913996767632961852838731208015004818465317966857200176952696152398372642
70033440590262726307356114240767589992919675237622953095938770603659763716633, 3190839917676585929159318788515205591776502358263548203959055645830382993545
13566285619993982551250650131908652981642988131107484136417737993016634001083, 33420628372726646488873097571348988721416627477131489100495358090431863604977
56870191068782374992383319322895376928738233415116180609261994661089100216323, 69082543654007902329833727719928742087286574763665487332770510754626683274642
17108894902431341322832289818713130654580994150336795054217549815883422646287, 15382747378495542055720077184271891350097671844988463832678772167904218673246
16819183426928987903339709438006759157257350209825125990951287252517439864483, 64702975318633644072195138072179610541261414200072692821120937526790078148001
52880080510840450973745561946443776383531288991453665377335619356616306089785, 21803255846670943628730081435174287938838270473345567829552087004863052686539
23950374102927120909054052293015119528428863116041030557466665178444065527190, 27046255211862653753654752132952884085286984588253410625148527075043878083563
14349556409337493460655744979861721226621317997191786098225292468762945189611, 49002373142142888503150972966239206263591219103872925701978920275680182500976
60419155564477187674149909660757388009453064221877196873560156665982979468189, 37412215898884877434699665249420977792131237118567773394898792961025552416415
51523011400760502390706592124082402147700867609435790228513211457469498149136, 12978729263638024086389122808066137125217769779870876988348536803808481107016
74500288769518206340655411347850126226152368546694542510278013599947376979127, 26510668341760561945705329829607677878835579336065495373886117009155079342669
19331652697831074571769364512435367680921260880576662159858142732608025615819, 29889355199910034633669570014308823917074183317566634285902571171858409258609
51410910769543948369055155385164491049455373235556370474744731015602234898778, 19894590588499915651526606909665411509219428247943137535724403158552391908502
69485604776271479827266186321124803451178946274233096499059536526084925019743, 7080095086472266246129683926517471957296173953025983446014886398668324199511
8714788606394689283423117027746114014047442608258706633852482252995150095948, 54920884156629466697343276403347478302689387285920433730420040609734620041410
52581825481678874237458508953939349101807816726447157891815632777986099033887, 60566290285092407375257306987854536890236420034216403488834956693702347020878
60656486528305244862117563154315954166988097712862897426911916903406039031456, 34117806971417781105823600615438097179382567059588934394688702617817234921232
65080063084810789212022780554086034183752531921866337418951696251764299380029, 58343909836011468466307164343750065138643386133517299288254473982767510551200
6129216898153134054956868599720264054693486466978966652897275074374576392168, 73225775098829348288960038997110596335942544645273017439278414317858422894103
29989950438945059125923591562198543162936930681961891511819463645380907819157, 26092559033971942641833594811935174542428708714155610369583682220099713121017
45260576718935501171973409994066603797285575225388240668607498245916634104135, 37401859202550651404724952711294087304984580330216471454650211720271158821356
41047716937297641215394709719974176062918455101733227910603750910313772347124, 51897181829951769183487487509962125360021804658304290256527516967006074265228
19178142738967193291834933520722809613345902937104636035742005802075157019848, 10994436317100634704456333411767867410811863507218806666490561846023727911360
6782225341269029719684905366223921400771833887262954194107794861516036029095, 15038823347950912505514614145438806349448000865805519719038673140603197887297
7945511199313647576768354848442940281764737194754558917746938926064433968771, 38090383084117740897551131955652561964740042610529520345681795595472695998477
49236490236185874116868434555609649777945697298096556147397856613123232748234, 34436259510546868430716008394281732845409892233709716006927677102475823892855
26750175505103898047314800096066692100224871551234178449745274752785231827029, 61475254516552520823995288564301460007353808933019252160765128527617109621240
58816166710018680372665379620583674568989041689941108672140465867615555887113, 63943292578616511700212109737256817926719582440345748793474460864680198765312
34319875272237220327496547753075544654870233225550697524002426644045698668783, 30415554646380463115451165249457420144437081975508364442520612608767260001106
41927431252150652423482603503251341534132702517136580081988564127617803392414, 68894958872043665918093177646688237278525828513754861267126258573451901299808
50097255264996869039889853858262206119189223648739813173513487316750905379941, 64987285479151474567319750386786094576999742056919778296541722232742474006959
61647348706314287239235436574457852395862740293634003524346828846496605502879, 29439199794477347585437179901225604020447283583024073398212893634573713266810
539275926235000000989607244987006576352942486391563695152362913554475206424, 4756369248635002371728724146783872698602720031715099510416288030513213394978
27377425055542362584755365496395092903815233812620925250480228267465867685413, 56196479283739449488810918953606689969494991563497481957417483570068744401282
48187813869138936794435295074309286813176665810148250529260234023724968148720, 66475074867759387178814005477074207931330793037886451168036839981332777605027
32701563878955256593983426771742238758247477571539741003316109338324739582969, 39626223825475858198505531156438423749355930286002704012303293736287838073418
30546030550737191189304616974424894038109271937181089308249466261242208228351, 53971733967419276427089600885301309185786707722958938415512022995759551405432
8686927336878596417699624279140870613213579617907734312797532466208627838585, 12562224082678769360476792062400069232912877872260172613040921713414679672014
15281271858920155463385055904976427131175478320778309389087581966268142553936, 71660235674849861013641584628216790726493209192439518519855371221597471450432
5893244724062064791583000584918681524683651455163300598313950551840651306734, 57852138630036505657206312205567638201399794836245824043352350261040295270837
75984867397654361214209338614544301373498481091494249041413062698489907410475, 2098877100367777583228958126114609824077377460114018283689640077942094002525
25813977795330297510141652956795594412317524074394055285291679595924329787268, 66573015547551738781615224457619080658810779264715238217871516423254702702404
29787549046065444211639964534114250698207346681547046632205421974028765777472, 59568169234491921357924550386763647963242381547005993124499869000863027343718
7470601980578943736998410367165256822129481994072139497895790607441519668793, 54321533133740962963279398381165930989230265793314051968691185814374952135008
3496061199589494254685053479941937090037827798266308299643918904561432319413, 15310389870451068057257506187700800345416033397636475920661686164691952671154
28347445602335594235418727777516116717266127854902402608799325586475227868985, 37499577677212110969479730679680967556968173961799013842817234302010693192388
58950153587528961871388587769671201627816748064080165273380510601028092369968, 64576307440150928534510707217019243440939012366221534913236203677012004891123
11732662584690817367214142570039756806797256700635130745983189513796425532898, 27032294042873800631399283579438537529726901050686416695353517347578054558564
40242182218395838084626744822073155727275499343059366346985558417648546062931, 76355480468692132127445262060042426669699520152274819574707067875106024817547
49719215104014170254798821492647462584776127600750639125863021397667614062176, 11000756055354603399000111115880101267647489501439513037668128876804086652565
1466687568397952788061799528934576145561402137667786669309037298435707349679, 11767936531621017900768636169747732665645902039936461061339487537448728765153
22022491652868367927726266671243307556666931389967843195273101691562076176718, 64619286912190351405069692726975208111178381761807511496923196879300886887156
18677812416728881403070228946275792208514561639692227281584242225656289923992, 42760544577174776937882846194627342893541101727446431983623097922018835370234
22475766897237661195540489453143028299360690654898686252055922563733264180356, 9556342548454250000334940775952604761552117354180111739498975648414315450503
18927862354439062885260163507389479999682495250498212907832634850454690181166, 45358611245464081319652579784430231355553198054209538935193854145849903008058
53126340449218555815831866830400608604037376971062631110473010005521592643436, 8040065501208727462708103684915784584361158220900544890499641621918431365379
58017700714395590065206231460929909604715064264303184332293399044650773838008, 58825729542926241340520608340931798906032577217177385817381187310319195672089
38988611030701133159787016003638682147907614923260815144088679242092413266385, 27886968227676250944997540476772200586401231289481311159444882426962944745688
58308453433414504851504807363651551604775352398850108930522637846797916846792, 51855689442796473020999463712491359820575825005265623059068924262626026902712
1346532452840978783402851260695954601759983184021217450010933931513769666432, 4730485183039530944993334287404174821341253899513533550440146728539793658802
13466176190276836609042683335521003766476173106452207362237582510287738716591, 66801731713978101773782005033776884153802007830318463389827512208972711952712
76490940543496460356158380928842265003350554326199428775287199851181848744083, 8177853581463163166260264888371923350479151121030650993539795779605978306531
39813923217901728976184413072011591139892684760750190782033615631524355062876, 14267471920473621831251492082013274733663238009394108401351351143513891814361
46734047575607056696740979681196409848888823419018072518350490496108654875037, 14422116187391456577866555152007177835528178007038603872577876657542403168837
69933390020158332525079793825015511043684744671055994235760109878849101977074, 2275211501699136563616781889227701373394862575607951853187273664719714034163
69279187512082817258372404975794681186565901764525373860795236336868351667253, 35728562019337029177909464061828306012521105344404657043760003225654642158124
43725498826419018743509539168911390970325217158607473945560752426327851517366, 42411677831559422983288589741063420577986634706466773779687762160712502017462
38967767113069186245190585810102782732120318067721038217839972403285352893216, 4506387778341478905422480596008570664816960945974521607231028775506362874818
33057802399098615428327802263937782968187768177744278248071873527196904261270, 45877151007461989500381214238327785407404492729928539572041355220228020701285
20089790638072245091462259581892421911915672849138615494483215259243044364963, 57845585222149688126231819603155385542129117635294247178897685375984878003372
46188980104565376365235591776580628218292880722209369641366244309659543898537, 14466364363877004158150945329830220004230025661795174885744539906935104521140
67821400518211601278508355341970560958973584310450882762963745018634688486927, 54005321370997119958169943009005365262850826976215255011479905739611578006235
18899817373504158049021832168426887018768892415882469901573272638096507742234, 62100910714423401659968184333873802379749637065783633889692631834221891336715
3299868604407710906431099571717897160641919947749607971660955911252632564989, 30853015775229755053549496591886871313586121956075691505338991418236746823784
67780111366781504786066713129762879622262461185200739394403938348321002080288, 53252160277654357824972608834037800651444698221729017387464990890966206601959
75671185648057546419683318803166461836394943049509576340404117473412098861296, 32861270130780862995793589794951540656393970637932235122668751869726558723819
52955027673679908709167499879121792328857115086670796800100652340582752935156, 38062495348187666715886995664580413901252001633917006162325424706067644396913
17656108252005177710496486629012294943988211020205308822921532773374594432414, 9776890184595869121776802667374636317372254750420963976362079525396218000221
74027448919298613397696720598632918703594589286380055973132318792434105518237, 40142818651334433536489489100867255991341448332219501856243684929570272661881
48152768203996676708296331992738579576818324846984448929338454900115751746657, 39930430792436936797227498487644926189906897550664533294003184420975159648148
29583893494621235622266210983811488417021978435495664563459957498022461296141, 54199089737086244239854692176862859137774200499949241163435318874540915246835
20057077126491225814870573546372066736781288995050670042792374625914688369771, 25406838827579339601720736231835516303969714906922829446179030551397017772243
60339649881897462812720885143587522703223146627843407361518533053318281186811, 35512327711715875957425801548867805485057304793472097444674284650376473947345
18035153777263435395972320683623347645570783993735319722795065873985026910772, 71608674714528052791808672320379919224763092943672621432449565137223723333897
42675472659089928738328643738379719730498770271670018226480925122563336032502, 12228119257258413545140092779727265499157458687552749940354145083242894459325
10609655551677630337235455253009785934703498499545521390532223572697629104598, 26805792908800505165354495211784480020308717516313604932239072094112414029842
37522859565734372032160041991338859969717596130485622005068035716461949713390, 45733131962834710564589609165855247115327615484366330496783763524970647323892
41491126414047386037578782592209403322343083055922751584016647331830909050518, 67646750409069823133685680408006619127872727010910418427759873484219132995861
34696427693734479556253678604903693690381818524195549543668704649470000042019, 20942492937265455528260770118640515488364564431835532528132259399250166677243
53451396849978824365712276178077779775405865391576433810738191474138192776521, 53051129763593010645949242004863341524055505641070087214429423757463748368769
13322544954005396544196581303793874858405881998582399023035765451864249668653, 52724558774208886594696875431767055870337589244931133312882431791301868196741
16804758805688590111945277528054796709763331079724465498893481097467989491162, 55215784188149471559098013507912674809551731313636950476010412865382734209814
71920890061000972806449095237090206503578794252496374284191827859561850642297, 51187546089714541889428062458669254762437270988642292849457650276755110192333
14496307207374875523083533184419967797995471399588314707742524937140848295893, 37802445077740884466429650142751268176478981817849249711868546911964103537863
65334367260579913157278401439241030147804370439089723007708673442999394331401, 11797540461875985235114795979986394602666860125379885720911736357992801639856
4861813289436651307666894782354987147271280789152382360212078232849619800754, 22404840861369789833269273734467960778509525911616953232234529441935906693167
15920144548012220156159028165436087174635300653997595822477585511774968302557, 3510750331504385911308774413340447648662699747229163062905533262144387828680
66438320380510584299905434740461152026501789282601070692751073696334872037495, 8301267950201729001117023663428834209110261444654430459252266863642951232715
16960533895766599723849546068582417812256538722566133109007273508669449498158, 73880594412710194754780527371146077176603384440937849416684963941570078357394
60606298916146890586418990181594426191456998400849822537409110170460446976005, 51284976821400253140638359485993101864028410807762169854051094288643899709558
24825415306718375629130908245286532770540190155003709694811303330432612839546, 13286688544720032659622474615248527970500161733021686749970317334691869700364
24925886976223968690175229794999943517298111824869006807573252324351838263272, 17101571180653375479114377648119283931955711580191345378973938011994440878789
29027270461677012257167963303477222109592530339014625397144490897675988339895, 38708901459642296910621253865908778911273866642308760368511354339893063287564
42532766096102118214605971119978107832466404812558798128182267752497049527421, 62462695909610921602687329234749371468158437142972355605769251921685736776912
31151143158344169029362970352188661284979230098737818360005178340318733840210, 61743586945693848607585249291669838199173365069474142939595016015044725933766
2093254771481907432058289937010938696992736168579399120656659262570555174792, 70864486313894222939207434744120086386962842971703508686095481653763984529609
48710796933258306268826039090643699728633403147480904651025072349789337488969, 48297358845122057789240219942321317377026209400186977550860826012247346392739
6610185471296012240407689653238059921725282001029608297173328352089487282534, 69871478339988477405247243786630322808076726608956187376729383049605685356521
34225074420378769133895673580628707658859207261332344887481399650936070073214, 10214510459896192246093310532587815140125501914883416577725735264881433080708
31278874177755733787074333040207987790849679174013341790608926414279607096681, 38465698556942232478566589001933227983772921716404885311717332993612850688159
53987818330548221794666130721324180502651620948819417552521475152217618004657, 8831031623309213738703366065856320884450194527179434749977296915722347672384
9468207522594393748941232918421458031752737023932687698432793025737406949651, 12579346752446256655873711709471733176692505966977823411371690326373556655164
57705241784790242246137383450837481369667690913063175117762019148109848893183, 33128177177746562367413265124618307109260294446481513232062343567431650209450
57292599262178569961081473892080719110671707296054246334970679863079511406580, 74361578160005861590622058166136650179439076335911911827740838179499151835905
32405757491828709625639442637787811694002163394795336693933268573405610159862, 8220751775968197685973942497598480533410788529278909588178320173210023502739
55292553702920330998729410152021428816164133963341692216629799853744248092104, 29144092665234145552054601255292804207695740091739095259852744438225423764209
43025129750392474470745863723298329095087929459451028314239581162094112065039, 24302204946866443999063895334288396563792474878418259670068676927868167570547
8942062633425352301992777700030718426555204312351524817487986129399311533870, 53716560025987304034355852356558166385579137632637560093826489598241219345799
6417527405968935106783331604931084651848559025324762316626940317715818008637, 72706955589247775887735281092210593160970709836303650308981070949898022423763
22726823527054762300242695297669639295892015386984424696040644899399875679952, 11409833245429845159363261678264263165678440516650712197241151035163179656469
5151323961565928474931447991255088247318414029853751021891129655906722498664, 28426213350751697358797570683151127931969525782351261034149606431820526409150
64088218835608314764901416276874014691869342428298838893571885285882474893718, 65829477062318424088577622797819238293076109790803807226825215351931727475792
54845119066338722140916285830319203150484976870542842251864543047749585316616, 54680032260791741408671780113406158866804717469102254059158322783759281350226
68190085077668174117239422122935757774545700902509798443201915969377793000834, 39875343385029898471317000845785664121590003814139993444969528809055188811420
47694555444562969985379504958954946153225379551603789359503491578641239116237, 17648569189299991995877578144954861979709655459938872482109362234943705911805
47778397815542805617366928342011384228301515650223744113593885489305369639794, 62582447925175686004700821701799863792355599448461520890571085772030900327063
12933505742956324012891736889753340658358178657658806916120238556325412088280, 44229552702777658677445597167218884182257197678459422636547493246216509560885
16074247849501223259303919707511213679567633942400675280154605077012237918227, 48198697897128223579484421252291127592186423187676110454553246397155398239530
53065404880426473614665235377933235546770440346086935391915760301626998311196, 45893330566112397903549064286155837693728546932051185800635493367836979686668
7695480270629347911843127653544972758287316190894985871278489107456479638218, 4281799084690375186869196402579301581792939837412616270579602595292255446979
9969463838982315389485553447274984879669273903523800318769778162659297062623, 54124745697884178181136905263568175814297647362490076311890926761152620508368
72613899564558771596727958878225281737762363509074354694976285121960136945609, 24294036090757270352137647622755934173764951578328010487351840418027097758309
50488671624066358679060125826552152481911412514380518937079721860172034804215, 74676564627454638331748216647347806321557363353018676592610953749330608480058
55933505218026304658650993124344677219929864329519442699693604325094319845544, 40017581155509765366004172785707593439766717164961704006449529790198810198816
15136598231571520707863796509925102986978205246931717693430549995836964096605, 11819650393390635688387004623621537085550542824329178250695105224984424052731
25491472965610446483961979682174894889808308740625220991709706166055792185908, 30441381126434475917109280144176533841881367963995782810337682024637677836816
34143042833693401493677506612390213807840450113491208852133438235352875921585, 20178758006434862859907243405607156365189791649701317062419204303185954405355
12441518673318337041707957045460081624278420035469411569692554820133150272921, 70865353407048868683610104253074364140027619931396196177655077360013391856230
63417460198525978799379934985029927658388018288553057809496775936390089181940, 62146213508934661910863811953160322549727784351076622296982965095162961009382
55901814478730460237900595604378161604301210083110014814764686027757930037387, 72643601892025171471905076613057300867394146586151427630746270257691560403148
63902451031119568604676825695661285892996248526656214584877096589848090751625, 47578932418633551650777241402614460614142723110867862506612400242853653990088
70055891693288928761170958254365734727953562595622540698248993893082234683456, 3673687550339344230653169590780681186160695954297126038825051379976887458089
57778119041759984411954573975424044491738235687778353207890790117399751056264, 37800295205750630664458448584187130408935125131494400525545848151199706845432
32673216029693512479997927590764400635725580083600907527576705253425715070976, 21675919407838738594190734817593327199464232510476803809746174145736855521978
22637662528617998927946690004325319945917116204021127138530005395961311869974, 65746682170450210246092719699026398020993692923518599108267039656344553070386
26650072820050183177897396916559295921343958789793016116431445837067409150313, 7336927098877179586398228341430907248030011916432283036657723425792126815604
57289879114992333292454080803272140614257073106708683944941061047853828956803, 7859132100765464789598241274942407265296532648461064309789337876842827353014
48929933976263704789060897260322894258532670880392973059296311424897330001953, 28589871703836290719909596588086917430487604358443588963105161118868883200420
24447122932453828594123896079719432648546915984037735637036170768869793550508, 67834238359913840107990749629653794281352900497277483534350797555781685264206
51373932512199763179429723461172964318750694388905787031424495215693832019488, 36843518975430696805440230428851513768393600720049727332808291572412993444905
3090329275899437206170165438385750803688126363977642562461542198252370307197, 43481315954394600849111840458719456419998634194152462162378360258954853724743
38425604933040500437567762812578228598576712789438688576817219438766541622552, 3906074520335289549351735707341305586852587320424612316054634311392539723482
54096071917862415723235305623745931354561721458431918260867666817762162667964, 51930587320951289303663229562215759580011586819666428016412499872499322321812
10786012367605398941896202777418893795809650160520562328431460013746624135721, 65278768943205514901312116693983365399478439325724614660844084498373776808580
68327999582199565521287632252754681985977552726373924344405486515326737892432, 9049617292778011827650285516090416882571055326611550956202426056258052678478
10358551297348896970245125600372798642134806627505895984149590654457262221963, 66446944101085341597281500408194147135135022799470474570708049786351707141297
37023543958833061142710438056418796520533733277210122284556188520758968882148, 25540935772551938271899730316215268534162561143955882044059765928202214011846
55550825824819957341606378645041944970418260813693660182009968542293132957970, 4122173058058434354029614285607922246135180442252605433328806522722893942332
50817174813875787052645330646114380804012841195926693723789732889122169647481, 42567791334436664487475993233857606260661689968303327624008893896486734743158
26422023835734666903835152702704474555163411094050483604594583765909662433979, 16253652255655438034545119202387410909661913088068827637278891849919433128984
50853707150750439431486606746074587025286865238364607518121814021231170399745, 70604301629673172716712517095971118475835195857742940485433997060303764377646
53525081634701949619454143818384736937883013388448298614966605307092717612292, 57071093608493835987212205286836166454737014501638513482533204790645528530125
44545386677822032439452330058192800960537498930745465890480774848572956116462, 49481503124554084670602784577361265143693812048158167511392390166926163658552
5548902211030505205713310798895458528190638616015322331693537322214332335480, 53474115245971953350010016700304280126911114836311277121449812869509270614290
2559717380669469226571371330659902371888186364373026235075109464379886201897, 41422335968424346427728279216927465777763690607293941291251649094166108175481
63519712622917644037167646844489910837273154324923583193901730060001120621546, 6292926506720034900493717227497266449887663553402713617163195380453391311471
47033196392273097997513057525236320707146966155402783839104035489954131439816, 21816851551662676357462673132591495172351939932821360466992897030447039217567
40344334149232685354322301505888394621781429313728343482679909726054496875199, 69328634903305817035498936457187443481460569477585609053530682019603385104303
34611788225373244547509382630499551822938552921852696151263504259416627288660, 4952483000112153130663137039067259791610848040424919230919312197703041863590
69923097595350546368415634621187622285000716282582863245766306081900803540467, 40896424481693344450326562830971014206499015857168445165583400193160516985929
33649634283225444233430621010218088142269738071343898302623644043600846403287, 32842477144660977980880269941137953538976052826150484965699255874255282220960
28273212153281049050549103452868984743189638580518863836484841566566121830395, 19979373547361289352214747356054388379906927284488636458491169111596165679047
37057167145631644627039578276169596633110639857896175758315748393783110246553, 8040907167727018700644253000785491913065373337475931922044548996417271560066
56895097905157284089172854931826128325917728096976204667911105993258828205858, 60726386012350265420277525015080488435368361386636496888199469823568963365927
68461358887686105666929875304536214342442756739493001042463255377712029704547, 43961321198883413589762056046537265046779910011013085341149322105596926524473
11382427326615692579774149346372261557095952654199399372854883700167989845015, 8604810034560914603098854420528521141136278804924121396781316509122482011282
52347500395859781923298154844532985190267313400310129434260662646334192352692, 44821220075133103775533774417789366182488431209723397108675570368400554121666
51033437837999257476332504477616674326775563825467159098804932900102423421398, 72268663631751749480043536583212045352252271872822269810245183667000859749552
23037086992385614318565044721691152988102727656197231639698358891506113823776, 2287439846051118895640899147166062360278879013804415549208053587705666962389
46720756433422560809845568318246277907937576484648779542415419832170856733858, 6509059976510234888216715819541210672553115742655690442696005097709900268015
47340898689245196435736849805378658799012218016904384537828572169422237875086, 72191415800521818234780211496490267889685175949093930464984270460672356457362
12598555733920114131049505041716297131005802133815535555543389791803063399058, 65416748115947148107030449692041882085930011781094721848455320275549150711303
44668745247493323392052228980057122863887263098270293549259246089671822518057, 28774268993185207804622934738121658613977824228288223793514184591855838265853
73479303987141851718796330366744593858036299673645824666210052524843751346982, 23455196805062429528448160074072266756394509403428030933823364886341959673040
43183362653488354310268702644551922775391238548197354845756952679297648891618, 18460417308439185807930489345657646272828220426084740329634771081411102294105
42102468555402437448491419222797875140851277887129171339893116485370103169959, 26972992858786240786436758301488307837734556590389573590281121574735267799245
67005223992616360363785419857728412716966383182076479477924910511220377701233, 6510057963004899296398295074004327035883563296842577398567850906454604336905
14060857520651778058969977916296727165845725813597004763959562258981769948960, 59410039091730958005760656865843134302779818441931848819087805136704988220660
57554856785345678585725237151129896516571250175381413413588715520494581995210, 61423852646660710870777320286906274417945389551105220115305847620531610983037
46734416874020512998340297107773174653951579989834979432253904701244263884171, 67160694391974137843631035409687297921397949046202487751114904408218139673739
48799682572336048063131872717339161501155378682931887425073079374909460428715, 17992363596684528075157764356893147784524840894523792654077300176432033700208
51995983198709533803089972712389324991761910627731588127328309185691996560781, 5209333683931224871864345175387507078833357131013257682773682245819004247610
54759380939129790187687839383739877663246936857793077531392736121584029114388, 65565075653382995117678464576704851670933306506311750230942772113193139393255
53014977046797669077056358860877425533559027302793940680792118423044227143336, 36307815185862337708278329027174199938533107859243928928270207982475610094922
42440683270047991929917308525637040877560473622938926221511553597497817723381, 25624267360189265102050329074474289821032671376003070849362493473432122322246
16448402371916646749916869269614464464304245242027995839056767879328696397241, 21808615836546893286649620312863637434548922348846988797781310882283589173368
55752298194797201219475641223783548248759193622712348713706682297582973136502, 6097533023702755767767319191963433663539192602117042161149403565183541873967
24120011040257973459688963326898285863110014748377994262507004002498443657460, 55674473578012807608288734737319971127863578683334804784383826685166070897136
43008724770114553482939387579048537675002037011762731995065712576524628341726, 40747058197981531855627578812217968395772005803317191650057995139872983334498
52395316150151819312683386519783813187217816617352059135376987173341297374892, 50898364193025188513229731111406546321848022690624967379740046013434574204556
51215804394622659748270223557109966701245852072399179890241650937208777331613, 13739609659145607538450639962571678475366389282282884231513021458401734016425
4097586520040932138691596454052306636676036190722709788113526658656009739986, 17298608396056686530842388980142928975257587058460223488182985616361774110931
26176642596455995076856008502080020281363094611957847748832046956048041032645, 59518716232935944973908790063566989953714686484256553263638544638651431872677
11669529208909865663670731591773002273389535071337477933013359681971489416316, 32798625297916646671642738073298737089699116744073046480038996207655445036173
36121996296674379870570583441514277750493925972434445067169949178770833782708, 13712415299617489609271451117361667834122161809279632274443237244158214364960
33870950318427155405130374004778219135356653513003557094989320315552592835722, 29520145031276178815996881951970273117682315344388040269145823057525767989177
59908655638167663605685519671959824175235844173002855147921334207375129372049, 14764813862431010041457893306160453013834625184973184266243262378179785340725
35720069189578626368662831517298894109081277303694165327967637382408563841426, 468748067045928404015017854528522433653645299771427658752121605650817783988
6237689291714271000729898954456450643101748292405524448506120324745144457213, 29514039088307787627637464798677538527220234792266626976718177266446494048079
11976743126192041011304074118278368454026911133711027554239242069614732927539, 34731197113649345358715882700871794206537165991423263815011377458706954463664
22839925625398635014823191008083561803307352069526532359831534169172250399929, 12565103476750018959943753381649056718812964109904353676006807657606890905645
62160864106878624475016922982817591424638454418542771946014153620932055256479, 62492357692113572673953043475686580487276156439922511375970546111301368558461
72787519716063102008372979058545889927654261284115037258874468411271247192150, 57590556812716511870502900410932450694951526817872968286677843114463643506560
47844840820576558177767329267758945230832401840140565177926801838669535824534, 22792831881732462989560595489635103763004715127582974295999175488162775071029
56608668662243665025101917011398493925503859818591874092036577078552649490023, 63263461241060951227439594827970124677035772530043936593190612790640033629481
17995488310356478208814334319735480010449014461051593798660635564952217496164, 56501570563457965660132400462448922004669952500966833153711811024985838052275
11363025026173386892700742416261820640903782643472832104308164489460497395286, 49620808700365960547517499881188359686498098004190844178709992289847717289546
62311260649428277730085100675298656681505525301712433811317137726774972544061, 74467104907919677282021875665436757511026146010319652069799627585433430170692
30511653038945981164438400024340385560150139997792112989839019892737656596304, 56200822072347957293234362506631168474735710088899177229185550882406126522411
72669629897421526636274985703052835043712321950092673376848603978565133692161, 3525271032640502735689853250500982388446955684225427749109127337105904297548
60918248089883845200948522093132709575450007486891884991783436397454563189156, 10584382065027539933350375088323841148303007971652839463617790261603848734073
71589714923790227968842412635641374359265580374641376858957609799767309541442, 28990854349228804723100127914308320136703503940356082113510842149503140187284
69643025388616434896578706811384534479914171788935969930235523744412981430699, 27429205607310091891816957042850614473427696530525668599715097568581941681288
18807805946260837849540033058470670933075491475739943885844825023364820125596, 68573753811760814550605069979866753480697242169782009512841006319126234266722
30597476020198103806576675286489198181579030869129268159463785244783194972018, 72215684025154380314582581558558374289359770344534271821741793072971937570335
62210988030507070904474303720453118978396875055347783841827570967176317453111, 28458879513913835597671754514397612247763788762816581418491767917855221694845
2754770246564392617162817291425123962298006143791786398838857080973960949326, 42588451551962155792323648996862942735811612855357215152042716428099582635896
69823333851515509941289912199044362922090102778548384041111630655962165774843, 24093971958769105274984710906915760908246897087424393883874503868905442576217
70050690811819352412329443188555463414494709341348571846007630311927139561071, 19684132672896752346140873772726512382105968509317788035697327815113422676664
69682227880146253190501809018274201093733666249166250203254497040160186222427, 62320357104631754232872635466297166309661779865681573938836483220567689091489
23014387490241710240132477417274605626413665847091149979207689517909955955420, 32530263091993330741819926152131465685541317002999368994384378203891500129230
29934863305762454700266934111069751344734215859194972636403098882477024155634, 67469152398746380638417307827144391194882668629855329106673653878034938932965
26337637226674058962220056169717216504159502742896131293197097180395007633081, 5895079083642949597861675563490968300633356787012069459175355732860400201355
13274665421315084308687273866517957549229763294490875860322914960229504838779, 4076285754114491179579871503194525547112669066901045806379238299601289630101
48626247527635284248861636255751682666751163141630521052961227777976579765483, 72324270792365853446140313938878916102303770997745312206244974438818474431133
6075872828614490014889924837492736859167706104852085675579701645350600193933, 40542916379859840550889780829054390504215019879060974149933414309466520778057
57215817877084219592689149627041826159490771484844438249463177263239671213269, 73889651107985986886094396626995604499807836900602212446125013390116218500929
34371022746151842210603380802055640693081317099635319636115142112400771931458, 63133054278472655487520142350310606373638615772804237801922957199446153719681
74649648866021804254282659673966642443891210513163571056344796338410549656716, 50844974463724522257148855678313510055406133060932072709846634706423317770450
29535703234558002023756295773313786247072416011737504170528870146189566558880, 59750840504756683811340255203100075276245048509296069325860687415680794787187
56481952369057988667975160257230472130459533551882310174683718519246792837628, 69201707749826988025176571191072359151280918084578127246447441766178358510391
51205946474951923490533662268510511277036923013690282226696120606024489478174, 56854847877508043213065952701422210021717384902354972444039600954849517141443
58516327146178594258367494633715679532928195814147142387734028048458329739634, 3297412521470637002970953082554345246104395488558695963773225332278120901591
60435222255829903887459119815553952729927098111597700624535748222042540529259, 62624565398877402813323016673228319762081720320011612556803646447875251789285
506251528962079910934000091171722668341293258425538014580034855865768672008, 55238243110796363785747113847463628396060462184308955973702653742444574491844
36432277801243444905871991005928248664227865622591862579508678504106947194576, 43510739989555135119209152961753566413918438317209321550289033527155157385047
3206584934649060522048927232140704210853339991502609535577491175721250907591, 65540385543956298432381709351941396114391423130241432483814625789754486235632
43795352881614527200688081540194404230169424943273375844007493769871912458972, 73832978107540241461522923985772150556118083757982133718786647442417528819378
42230611659911328991745711573512367068844135453738344136989047037649886362237, 58879421072803689230215240621687659103111276495492694287410768939736334980262
42437333425838142875277362073115520233970156556234451559657420326756214269138, 70591135220775134373551252563496764404049645468533059160086083729590895568897
68655993004726013352526069937525254653265753634440484721736143721516363114557, 47849442466420726133623204071072985613897082294777910345786713740995550248499
55642450534358102409697909280968115871675545267704409176167271826009341874328, 28126154956224900668605922188059448488961528139364239290540035359243788134839
62062066665743915997902837079915823253123904942564553005337423282933999313042, 31491470598736220548403660830565063454843828220603801044589571302472003263986
5364543836471526875832718464757601966299155597187019913366918586050288893271, 16794653656636180388356042438802498338730939943793363474913847621068397912943
1700559912214446996074083506538817181476687824344708735504145640863660125291, 40850877824800516915480109586964913003456338620143989613333637621102290961952
33304520606460824463389451828225870906837747850865999006728364552965231591113, 54494611717358253959925012946346113163436357722177888205154361843776618401999
19010365483550666305082892240687631715759293504109571059069346045139817711749, 53064774067746128198405363548899391002649395709668085612601654843729072741877
31438824088793936885888002969689927518969968686126673379204235140374446418519, 21895843590828022911191905095843653338592886888364016263372633118863910707421
48518037257781336633678152701512701415970219502104869831096859697501296524962, 21222324274922751251468114481423255668946478780832428044261019841371716688435
60516625818907581874615827599745598397109139216380215048439878333027649125092, 7935346367620021279548849780812060642387984788034620212607133382057962709267
16309298385996129209640610808812771050295808942726774671899770234337336437213, 60916469234811160065497978918256283070756332146856888639442526268252576133113
27673204967382543224678320753517959901337383417641499163244699847736048890336, 40556896355943625884883205788796854187285847398834647337058965676996442888389
24548854654392185684684094087934085523751389298448165773557766242936863016379, 69305908063097396218897981181753377141057637099058237660648249163986675831851
29434688569224172981648698322546380545232427084413161392090064778725791463263, 2202736204460967675699746266433101209923815447871439032641859380296222225290
61733382205542729048974958465099472783342061796977336248088315993421292058428, 15520548151049597805465347955708876887127504897183281064750600356815949562657
25734008731121029439148313498116752676592329016130847645917996773669306151427, 8808759983131700958322495125888650851262583382064570116692613010885593536631
