Elliptic Curve: brainpoolP256r1
Field Prime: 76884956397045344220809746629001649093037950200943055203735601445031516197751
Base Point: (63243729749562333355292243550312970334778175571054726587095381623627144114786, 38218615093753523893122277964030810387585405539772602581557831887485717997975)
Polynomial Degree: 7
Polynomial Coefficients: [26, 38, 40, 39, 55, 50, 38, 50]
Public Key: (18682505654394212746295763748606220970603151460452329629490910709927515510489, 47277627362789372912412226707155093838398458463212463664457402855533445019454)
68864238455922522870430516162446799871711757467651101281863934076299260933229, 29757126971754725555484869613413157667908078530816299630860897472130421651894
58245172703601506362246043282101454602392121506260535937842695752117163451847, 65074682665413281552943384053354496712992467985187780514598679265118056659265
43982511438742201754622209834361438342263530555071991118866923839833303758494, 56101683177862946081154340794479246619521862911222473270024112142507263756231
32061982535137144319924624028476818063120195387898038782068015671593914921521, 75630578167943851176464334584439154812581031716852190749579723325469595912987
50495518993683878611412879049008764208240499201627937267708274048073865002329, 3380409351808984056918807536977996722343532710004246968787039834842301139582
54930898964491095534026990705438729249646281299335943535407971125110621024734, 62307033716051530353718363078709160090119382768387745472327426336174123215712
60283687601855288140328792728710732507483057802859200381789383880994444729437, 28083842553670256138951782615480762830017084784140737113838316702795346721721
73912539301845490495654125662090513525531300492087072708004210360911131266595, 28836137771380623202593210609421572349453345355550783844887521454778854573392
14486545885543759423708845116577988863518515784768334420467120611694625208505, 54004985659272182154562937023553127769558680166868349406697155347177133316987
42008707038013976535976499253818352878486641595120488844671236775552226776322, 7789450584036606074239550762257950895825406346346278801564414848896477457783
55160855612672690185015933485480368448858900957106239567158394669276441164602, 6056878980275079175315124928384017165755252670632629216918053218895971574951
44643378272509229274109068190758926964939895836774126171878436368312649883232, 7839718801183532358315758821258530357568940974204445835775019147050072162456
1913964630774611006521024950290890353141991401221283121438561542217111173090, 6863763422333293434883513828277683357370279644658937626690085302654039214346
60295627160783655680730069249551384623978735005200025837606401783819222118514, 9129581559426291315714483904723381279527020171091012396147368311220554683512
65163514783253705990455063312084632557006191745737663239489107453831792779105, 60488563866882787438484037608903103096055564277264100511041246856312867357444
60072831326189002408834893089161757550530882029031317742259961571249582711146, 51860258872395759682472217486925557326690344999466840016245600818612897456376
21713632636027688587082292254545162090597211848768704454789666912171409231882, 13722778763336380634452205331883901695890208093030163747179156391352675211910
22333532404930327813028128563158012819212167407151462665467417768781985643479, 2469785538027286538935555617681972438176190134083901140651332003137054621949
56249362877230515830001451540948737162685333564764884506804250986022469060194, 51336458671981842130623915146863752362457980693500401508116126586446200331277
74236138110092707845190833779423881268256048620888373491139686821224279592622, 6863576099054216797336407922634827973302529063531915992137712459712478658026
58776635599154079735130062719199651333261137198274684989302411728505045108187, 53731336855500565030392168104198302959351956880194507446830698893352617530382
61402292301482125979407638201738625820680628588187677719293602318391679959849, 36896967606686037141284949042858684846445158701664335204619219188491738485102
64470395286859504489564196954791613315502144023081474382966690637901138403288, 70005950744163874528433698648933601220063662493189205286538459084398203038796
29133426993549296085030978862791450193987497704732503246816444343868914005998, 37553570926375972683437747818570863211790914014297781995229814019851075611172
15172625178517526686145476450894851824446579115227451962795602190353740322820, 49785468696183256238545570825365625654745476959616766653372525803156294608394
31973134501327768748261391918098406640864657529978347188094313839234669696214, 38788128288888394813842134823430743846992865466117563446497447692341181552260
17779739835122873175183463427435058083490794763039000606757324391584722368196, 10144500931277494613883249094132007114670752093637205562343999756446748914506
31282235666855380910329689308729449814585979391056335450407656687218172421672, 4961969644832867406406279062341243023497048751926822114238952700100092538755
73895830683997794299299108931741377140623599003485103462558749290074425031888, 37218172287241167832078142376731132014344765642379397533117727586002414885688
5717585029686674672460033476102047211607036925964553193756953809046071580267, 35161758186932941168201365696926396261714789485608484110349173934092160253170
14287310228401124498548927213256019875230392898095070940534223814176723495481, 1988136521597277912331788933418236385790866788883703300048781922725431851270
74473995032554617841606773237931532198606479238788912248266877572402999280973, 40154465036894810641725790611208082721507727081309263332525787819172285954241
37298597254070792200313049496844946480814819242679942902976521915994622754971, 2151052890890092891025434404505268398988335456549550398717939296629632254756
64277850862171427146048118100855968515953961777480857984046778339811520203800, 12297724675925586518611027875721365462645840832545790022616972865842902431502
28092622048576888412064513000560707684207472506327929783125969619849488189807, 67375304536541521776736003699715651333461368619642752102251257834842878509402
76770265665979267873267627382525471417238013539988335109199057250777420492904, 33123827155900334424368666324419418504499068807472230239660068796546416995534
65501115221838432912800722660961825779856491170120908916824179678532848884748, 2810804638915372329084183225472704164354083428100442317858728505593495274001
44678645710001232765875838157820414357059602332808639643619764829512168864496, 44281526475010275216870994400688506597336235384669924424851621935716874934838
47752222790830129387512082751165326812623494212753562703756056140047586708086, 35228736997410250977075828552428624696596040750143575371119612892735404076556
55746327756091063883229540263211756198210441381923376703175575626768526722946, 54506252504173807781449127867437853418138950050836715060869967719368343784471
32338516978090124826481820344252592446224668694413149058545546643935909265413, 68242303543061566673869132782321267284693258945828594095474532928015981473139
28333063908473690207737905090872812217083208330909359074118631907539528186815, 16688024746495140120314903911069997574304160123751647011505519549554185294383
44346232342534622837250039488431672228424403059463773633014920413081201564288, 19885492732757601767285522869718666753341945472737260658752737694386224113749
70197145584422785220121275450826210101668452316505231698897610603270206604594, 72684104521068646550473221577982007981217865918166087409386880167168092192440
49449189102251724369474034489885786488772249526388038994709291454712917453691, 48795989308628492762491145286415600802309319264472437604184899188493492360061
47656521159939187523464752100167923031527672018240951758633301672628721463217, 42730786393386874451893317635895652744040414593235456742369008648709222646288
53067182219391117419723322911313218179728851388118655954624569366325643640316, 75453889660032627110473410303965978924332304485756203991496318955241138400153
2352756603744730380245914273102458080384284052786682212425823446213566315265, 19110653305506918827847064220983565341353583630806460796084383063341146831486
47645784733676148703242576046871434779266618920117528237154873017245774278576, 61607654513429037772274979394840355657094826054287337710108787470750873780533
38586360902667714625696154399189185935899113194070906439953681757642983104021, 23345947379135772833072339590206901839264599231020093102213673346398070862710
67147370710215927490121557440173416432540219424244193754834813492526409287894, 76132111469760411066078448611048606737345823005914234886837880537743872403953
4716305810961493067099609651429925247563839226647533060469939948449725143983, 36697226543684405871405716177785350403520840901897590280355142971599685363904
25161097817341529499475772602579166849902881313851504680274688344632136322235, 41844907737155088022621381168371358439235847036593595904137896667528842106527
19211072661703825752635305429546046814430652956030676827015069939195317219702, 44821458535951215938747941995082515362889720299436668913468014839568769377459
24146250995161273675968312664983317469043450350222241189343085866368065160798, 43599218573070432756174870760046479834840745346080791997712776876108341797623
67169506207503634526770334172776410853398183685676185476140513935467387595850, 17278527443624065860846210689223806292807821712998456765641714198277173494446
12629395068233596371723299028871759271720493290558143384567690824882465916826, 31310068195768527015368476122980468347500429545665000832975067015691878030098
64991967787809432101325162647186011946706158086816236574131113599706745320710, 6813092435213877635000125799774007157718500518309817532547497410417347340965
63283987500466266419679369633531427535716565558436635787239686752634989985610, 35547662785301766541681032010507067887557610134235537526392122111336611863123
55243247740549598861510824648382133318509743937890269741614636220210539294644, 13411623194112446524389708651280077534096490836010818328292170877423987111824
27787517917126364719846443627668816385528451625883677496604150231398365757043, 39683890077184104432497957889359166058463192224818239718158414978954429796578
14723418433771034790940456042492700374595853892459635567907305947698189100807, 29692282827501503959773853217267392401643856511740867069157183049378068223001
10437964822214321020975714647675850614399898333253862786195717026240572844084, 39300310360395864372327215604711822286732115714954258881213073688695312344596
818895077625223839734444408616804577888284329496927865518097214730649290431, 23566573777107421825927698918542351841771951503760041533794858979859524293245
66731250619703795877888638416508570245278903467433890358575674897566826278642, 70139747139834300624595421717482337341749191669772543506288330853158934262186
51910811941958614465742124877575213173945124104305350720484582159991215273944, 22330328359417625723747205536784172340371959469401690856700958415627600115092
2482704500917303159588384961977973714835686447630895189133753801649699251303, 55709026827965532175287688696010454487863116830001561661730448008042709095185
55063013557716300203217519483069465971980718745919489447142220806249762263129, 54057250131195412492721593696995150608495697949225759454672345146552205561586
8150538290753004721538299275673098319032129172758919443364666390520685669178, 24804822577381806315257902812136969980666050549033627417769580121033534455127
13905516613328024471738148589484728897577743449243275354398113296052645645534, 31518267860061083706929715759782909131547445732545602697578163230181356752897
61640783878337718637385231799628313884822610719668713685357653770839070183892, 63361156712266575890294076481077683382165378410379130626587349903452349247048
11697286282625376464722111795950944081440440896640765259667616333537018573816, 6744565539293881182625013206984696326154774670647315972838283743156302802085
66134948529231096104217536990021831684483985196880549885483207605518903761902, 13255716826612094163587287353007475005307914304120191552471898711498501327549
71281806084524716788127309534159449841650945419769744842829674853465704782838, 12020635188549040136688635391116579971937763865232499263164170384175618963218
63439595365733219862964858857865316776882452866340066558328654408136782578628, 15050256422990385803688987621711115743865568758212154723252977262180506177805
8580523899246975514889602375504294171440342203150903695162826756666224079053, 33124195275953281260780707360628807428655737360140689929838141940044201602599
71259764602316056198919161049757329319996086256640319907320266649759906377688, 13651941254522331987936371130340003665450945980730607853502251834434320687800
4080164029253039385834482562160170092654139634729405443743695354430855088873, 8456448950202900163616788838164852691268840768323231182486814408238554734611
11740152449539148773630935065094432273362135016984103277778937801502086004004, 33534809991635894766289511180185051457423693821852800443286518332275623045814
25686087701495137091722520751287797676584433360005177749739316996589591288450, 56064836066335478882854528459546475682709190740548555694545043824782980986546
51350842026058437892136894911037892130451862626885839539774093413861661679567, 17531162521212868966922270274211361678342709044901942988416835695234740328314
75198595243672485093431004108919534928759948440506012544605966769481983086269, 73972085660803368997372794572039068289419905657629177516413956979099503152316
34112120358071715520728041934879852049212757877616814104782074335825583742730, 39404327722677888373299970781713647220076056053542091195029907130768150566764
22805215355703374578671428568542977843020267247784843797157206321255747523838, 335492390535150898829538720666115330065100970801979642134031370883794213155
2759182048112612018873886466331629295749798434651174382930918727789175973286, 54573575151915386389720482986096361351511424671333474241871173313432338298180
30160343572182482763618599494173716150462718194821105776349250202989490378189, 43758757104965361639260863328612336605474480075263937255332865326962469950597
27167667160160726029964500219330906641210849333416858007041414060955456010469, 55962595117368497932829813793877504438571714475852087108752678023565399551849
10891976763501842834343239494944238949802227181307862527889950141317143672602, 56530895237752932854207789642870115856352922552596131741801163152290921084608
63065957626335670600730677833279765481494896206376000314988018397467527114052, 61076287028002932077770136944055154772305863859206267728335389935828768565949
43042694705243361394073549738731792275556883452498515625740274477348931947451, 69922547908463291834506866917074577236520943320358231478872746188754182753060
63550700520116099598565378725979034911060680277574755420724811958501837215348, 15029708391983539867626567857667463909419534290753957454404730811978022559523
47675350440551329200658370310704136204646283766036386255299634734797271923587, 25035743622278312564394947963997006471615458639939773464815417473710251110302
42208451631162979219987038807813202192681173949255720334245426218367062586128, 42609148401204632195886563562133254925095460309940201606160367184948487508506
18421674043858138658284662369421843888746077351936684385548916012790095530753, 6881509276031523685687448119003034361868400931390540759253042526679270944411
69308612154123590812932491680530311834139241038859125246094284341391098032877, 29029385311379216757231331526466334027142582167820803555963574332613767135904
1421819901370196111769333226167677777650554762690590107186398214386014458943, 62503739982696569083924277215138916742062795891607075673431802510770317245556
30951038522258032092645827582969671578045233015406207035440219120539384498894, 26867825590246560696041738803662272173828632937191481267125011222133327969801
24891591577954736761810101127627334932500057114200782074448314135524349410531, 5695834546824421805861723174528408917952219525804274333405674185506542666271
69395180643895527492326647180571323924788427677946613865450952162585292971356, 65016013718234247679943850770963503725884644197194685277370884999096732629573
6919963994798449461611084650350385876225009835934636240229258403117239192264, 46079298511269505205392270567209721175407809720722101248420373836678894497468
19865083692023642585645936800084685406135116295997764951033711451506828638418, 3224458171078632040186263663866508937141332765779350093155449774901574713028
65986486240899807880691461450512072874845609084637439544777954039026417104602, 39082315803018163128258373583435588155626332532088578296051154778564533149716
4542570825933400817448661711248419351689885501166367757279768380890056090062, 35897666533899204779872296828728508750695157523516582707944970780337326574370
22383022767414465389358648848731755370091167250864470959684216101496459954997, 13232621077551180008058870624117137391465189929794709880826693331492608968013
21739337793927542440413393878646643792164843482725796020057859358098729624229, 37208321092068591138933802140704196269581160324460501617343420661279238835605
59381023554808928383007705419166963714269764514501071778265595557531483706850, 22089368697023229579486452863880945912945297496399471601844819644899918834875
75970259274546536736882832825490480844258370355373307774936209608226420633527, 40358025939791602865074411650650916606690353989866099844965421296380811698502
67453909028700148925142233398959437320808832794243069895535007477681353887041, 19342267893390660076524397870578730941881162588939510359099001053565737846329
6893306557616766080963819145298818833594072247868216518900709633202346596502, 69151569223791913599648884974565706801544569522697571449226488008017900424359
50324832293179651483301674122399193091639423090323288719060801029929450130215, 25741490842039926815043738768742961536224223066986724506261902135606893613961
59559645491502088195989586031811347561554024248212492160020133023166533186509, 36552160662297402936339496176888692730939372791571313850539945388409476944185
29036070488786439462376918037850434737784774814419011925243264830007795754762, 59281931888526687632017985037471213926272310070673512913610255346114265622273
67816582301249716715375533705203774606728578257339358587596496034509139789805, 51400249626346769474232451667758694137640485237112436830062083832266462561161
67096738571308883378674500488717162801480237342752078446965600226053883522467, 42857464978660659396478218285866681611315499222379689614138233123975094705895
30861337066953687934314283430102464053949474587519852992295861689308312246824, 76219342766476593943603975030998845962220734706906989563470402219646557295407
254321830899570875628544400267847607111921810537797121174505058486958195146, 57148234502214543259555492757480321646734063912294144333621577365148572318880
54704048874260655358936886201599030186733092770206479012718515684108583047223, 69028580294390326297102615204295087522687379235441991241492162523406465666265
16845961521621629691724897228827892953151949854621842812192503513060123720735, 15287503953681847852173539816813106238533009116875113396118912719937365679147
43769319344113587965077838719465715198635830248809172063716584134071133803551, 24730335273772935029940708156800828372989730420372932441199177312479130185468
62278625778132371650641477811903938280382691642928829892582670115420264713488, 57932670723094058052137759101764351121608553303545614741765780842190012045454
76185819021632544875789074354808937685745473621134025619228952374166411789683, 40261033814716657036017047940397594472406657207701414269503524974352040371546
39907320877986647839439100419860572812914309381695167135131745553017390680080, 74195980584791192597154559624807223594072849665746124566028807281999294334944
32101672933130331400091031187004826884324019432269602964007721081537632254680, 48150768865720030001100902345651784070309490290435054015751448697348042552876
19002187992332992648994606196125247612658696843606545125757908596768522194521, 1989820985954614704017620996544763530176126425870320222731003406353874304862
10181558125189834225820329404910313997029221920213539359360625679881620703330, 49924066528088881330493231267318478411381403175868074473467151736619808701288
66564143112276298356139058675616806835208555205050669115914222110712989237690, 17551197564209778444101029068991260496090891418073544151591387178047322977717
33171859833381248519104244357080474027078668985451524392066014424814884439715, 6230994144721381277920732121601396039347025710680250369920460522735042438215
36198405216945985755884706616085635208947056070293847766729413706890867005832, 30289011360790145792943548975690963888147343247660760134723176761525132310218
48378764449793906435838398303865498734969218119415716465115529706029039716335, 69310294293220103234780780292552139570777861577436235671237425901937069372786
19194023244949329232930577083768651531193316586036633182604087442318595361515, 64781222898293279777410152383158316869343700389244342243676404285263776384817
30080368886189201992959603179077163451797157330694825863523552657716741899179, 75863664333761333282830852091150339096242617393327653791822976800977237537387
3036643990869781733424281751696290010158184100782329311390629026064487954784, 20481119423021495618587801782779383170453741570592323937313969963359640871823
19363515611672117901191926591560437124870689624060450340532268905021925455851, 54731310410616146910097700793241873603553901044497617973457235196905498762754
66622677633195494301014950061789585646976532352285105666554272794021872506807, 54349027324701595455660831845278561931673707837394836695394842367460995528435
70411190450519765561916858788232372838118681526737256029413661505642544759899, 54238860895448560222335975978640891736123948840199682205499443535392794067036
12123716395069767670569010462755317961621496972239706901123197018653157449042, 71272843162643200978964926696928221007497890667153810487695437740098328438962
2291794606756601259206685491328504017167574584139503589661694422397098291388, 2599305566493706821557234156932757547444590875053384230297682210574226486600
27186039615262236232471527592547093172182017019203722437205710551918231330109, 6986129881386494536118660115407487139380096116718505882534808854647825943791
57261230142972790121590992953037714663651619331165146588032702619364620861011, 61295253799737629334858989097458709252740120958895618511353118061502409379248
51098207072085736168771436304466198586068634069192031689627299630182049594295, 20347841711667558715840340259156645551726969208908587221424795742380746074885
59601150270610263054463480197425452228286194581629337256127896986800338746466, 28226316470484415653268893072540425368990721556286551459732248563176548611559
9805040141493400713112573971448944363335348124583885981735515430256896311286, 13138557995538881354487856183338104353295834465340044094159180865176538438685
3538106637592118692219640096705797611813910933117833460630342083298298063087, 69159418921421440163174786231822449467344116079871986029902799220264530476897
28088641417843174590344319108253109089690525012039638663160619226686411590604, 17075981899181506607124288062166723445676750515002460225926111424876520948006
22175581101588122134972929974332111478140139119652488364334037400488485966635, 8042293125851156887910270317288153309571061242787419151487505555855511487003
33687135136552504193662823683580691984879315081719132343906861301947352275236, 25505135316915880823558921663899877391203412566262493520943109206390237840207
61586122795984280577662178722672846331196972051723112998508186715214930638287, 55278638373855941537789197796113201823457242601228942543935892018070229215429
41158408283738174055891060464293435282274996262907887510860517596149828855787, 76737824806117408272530683221698380036725765778522505983578926313396803735679
37567833062792059739974410261560027237253963257750419677418371201579438225668, 10962354004113885534534424278538873247763699482419248174656711872292668366933
61474223868109322154572366794191854763269289369515685726313261360532739740920, 16721462354719710415493678628099982850264991052737576605533335151282788328143
29496527557921338584142951651833904763354866616014161299970358194131841709327, 67139072328758976486755133591511017959017652092558953022287289423661423801178
75419408701130932773333277259899983927723306876368964940303173557989889341800, 12614563558256279502217599316768317755924628414162672509449664543924963789606
18056950100891443585278519768425517294627029063435849232998032522820719922685, 40849301070648185362946209473688424914144305431034894292860415567363342309808
18343465314772827037549753290922922857398759473538948214370424061794870664187, 75317826504288433980717239068747795335410770138338024706999936478982759451152
55046369066936241032746324383955924852333427660363437636232909064208154839498, 5714901238411490082155728044137182366239223085413922453078614697626209074254
1960746499327446557534451788688243410530251022107871508527308260987942802405, 43258808115020914151652839537363189379365069648039600958971671012292768096709
17895563902317172204924964616161091788279605815080504970384255588745792527681, 23245844448782663050000073294666155815297588489510258956576361728809957444437
57139190217622991926492594970139647249478993330818943559987027609106428416130, 27966435269689782977379255746689774703317211672391535728522436771125820243307
49792951780079238636010116195734026593856563235078231152731131560559147105682, 8377078180931002173780745565200973208426991642175513069213169408225271058906
19761784566542916810806084593553435381704497219481233885942362537162286604143, 39294768886061762635396281981022386916634513265143628702295289414900860956463
68914020062942204457586928938910776381317308262567041564574009799572843289165, 22930762606515482810756143702578669193968142941459768677328255092253208335997
32316126919048065016263336200791546644232234376959861088938856157553822644081, 10522271565965121288952636346135610748868532246386016790659020106748291679045
62961403624953988688573898403321333047615275732027699173059253138555687476048, 59390871232299758748454059834979770835843476330124837353458622140585789909946
67008380693261810579461116805246366241122704806871596971781539402603813062577, 39139004973433515593316876669254825893981725275507344591691827697972058591517
9132197005243389094849881156370728314205527012676530147366250094249001563791, 24307634819293042685408027499202462556997283139735603398192718390476188439510
20273116085071242666712822523419348349493769481560516228837111134000677294336, 69177148406303837053793804806326611378469355373840263773109458764796473148699
72948715968973355895410109708247132435369680665630325851867260703827586383487, 36818428310782446564111578925901456468116641313637874750244021865771797419430
9939209815167479927075166362561313624098585478256360974578383592995451337, 36561225863825509571549245213128418479659427915036346623423564699244595312383
69137738117096403713455877428048070022647218921262389626304741055405783751235, 37969793390693791834069257724176967071505060303770581594137505503760253675622
66244665826723722290960368931177156028988415707261935583962045600680306271537, 8462389176854452318955175187903772395597706071500482408682551431587715862917
65710466078621927382850761499670690196708380591414163144870730358458040850440, 13058047808123810570820676364925893050746245628112659262786212685301894401025
33847891791055218655448983480798437002724904879089195861329103863192227832733, 53088897097092452113600610486527204658971463569607746635901454761501078072200
25700531790244986943780287691355673391572420029464823845559763771030840886374, 48043338551441959181674485468646479770948411715886367404995148247155031962432
65384507543262009913467966876097061017568922586117278391699615560615277473189, 21457355430973930034570363058078642630980825623005629438501928670093136124645
50075199987270596561497102736610009655582039443332723955745827573076512817496, 24351848993567908953210724864311691595831440183582073998630140186728849206834
39429398211105287992758572721425530795976125743189035573518416496183964941047, 58767504907219812852968351629168521866676962654747729621133577466390712658268
4306885701680370643733509114309147000594437791397020060634511465151233386155, 74250832025090098485704756368053474546804985761891718161016676787300665254934
2938017672096649482788954596345739265926586343457203589544399282124484085001, 23099146217575775594599708188371819660641173309964237626413811785135199405813
28471136981992600732604574095011299625229761516536992380585154723548269173801, 5357070096282322847905954497417624225375791845430202465812906853030286469550
23167191054263152744366853254144493164263169178792786207876430820550266862325, 13778973361302245561131175163605080898810751710393275696454658958104748670605
71654525541232151055082271656649918090869880756318418952683042367237096251455, 58431818106350736212906003625460806308709733433780913551429498893822488292880
26988799379306961470146719490004520952378214708264194602789803995264813410610, 43472484711203701110971426855101945097800528984438091519399842840567990484450
10171835135604193516193998418563428934303059161224309739183422925835253502502, 10626585968979854068036347322872732884885788056962532687234462211805829947718
14879942712790192900635036070178085988950546210396356162597984389504456739102, 42492382154730798989513250544089633507695706196016202622264847505187199639005
71684948149981733595670507537555758785417121845020327027195470804544246196237, 69136359344544577437787707906110046891903203979811443769621752291304972937272
16496668177271908939058094362295352478670093865221320625225340217844614537164, 9580138783801042747003889181487717472391947260030683342606379482546667716746
43487543526955518647054843668512516661001294278877201793391417244324506359304, 23816348187629727548516950457400797324004591756154543489265213273497606613271
6026989906378705720577094102945728017545275717233200631120759117264728929655, 46875810424467135553870785769868758290871810880566305112563168987940106660374
44826696815411347219075045333978843282922107735103980333917285583410648892402, 37561875533486528009220812707967497147845137671329483952598040845355250008789
33778492278094226579820468960737821997564939278005446253459963719785472266379, 66742166456160115432784066377729617658354275519152212351685170421974343491328
19268576656191893127056271574120891588722550260151609574508604156985546872028, 16619524830814705820497783095060788764442362211817748878402491324013711233267
30371752652054809883124619993410141639067760450431577540965866303970233759774, 42284915826490851357132054954443173658089977199704759410810481264850730456310
24832448449652585679761156012221201640415727859729119056805501274304131371398, 54022052104831472410442062601586608802166555315347764530224716400132429039984
29364270216578849400601210342844470099356001064342242231716221220313983132597, 48019031207540139211180343119787276258493770337956233800909784421337176527077
23117546339841702396360227280826980007860351799631917170088339517888243945473, 44413815517500814002426392665384121471022839726334283812769273807170926559748
59218042003448293569533722961653699347209498117458227174916627971022991779213, 53096053377445948874128237098609539646942384261541037901368690215968844952677
38464585667024719262927717450500711680551192029636913541390916816964154007980, 5837879222978695719270868336797900468909690899004018291555612370031592899339
39727214398609815514342855164147358062226615727498654776840859127165029887814, 14506228211265848444984565991239157780285518935665383544227567131812695241839
32668423051076664584696211545186586827511847395679524326683657050130206971729, 64141144142550639125213456181805702622159446403999511623760125174401081214717
15507777992458406452435213066329111924746350124345817366435640259168598370812, 25110389010602385000366289171820570140231841461993463966050486451284458708005
73810734206811128754660546367204472320614908857468162738213530938863100054126, 52664944034802445241824273837080316108775538604257305413374320894158860299028
31792664346765113094812537840194205709550964484853101858097736629732837215650, 6589621592171222142749509446108177492978272833524887207478362678607706169409
62665325485398970878466565078524473862216818943800073150464242797663329652818, 37903450005448106779935991062571613930988820019475473843559609278434043354985
405534608893100221674826554940437250288543771198269322709692971200575615404, 72334910131060166461753956566311745194206571555291843777969576426888162316823
7230567981491243499538373636078427437510350372213224391801185229677750646771, 427237776919055107000805530618298993752362424573373714906850768424573723409
73540986679384227818120888173075413267481696748026509947033379159741642007275, 31204551786297324177760198426750898037328126021916087955156936920743118252236
16709623180218786766704235838574688615908627716014336762492475945727786684019, 71045968893267483497914411735742038927028160512072162939554103008872869765795
28424785126184267184373848616104684863733152678048372072440186232616270795999, 75602836852825873623535815179660877345286562092716814389786301476920440304369
1923600581568150066500373119790459268197936811305478304609255050016967471070, 41881918440498723275658203478539245064984943323441672461312424118764975171058
43907138059337429677130976140029958680876279268324677474002697862132122716938, 25118261928824090558055248075053076421174195611738765494521248521661060400211
38782936696674657124440734711430309589470855495521996770688980586142876912120, 61188261339502775360417806171043977305817216669544655127640922631558648224370
49214616285102123778746969717230471131348628906848655856979609998184002875811, 8231892185078852834442273500482584149342674465088976329969062108769531720807
55401741124441598996219943821029141770489819978340402746242838115632486557092, 36382754294110625310246243326276798782543669503518722607423308020432749917399
52789573537244860790610842303770299401956159801851474444147757762058066679001, 2359080902436667378771928244983229356516767322671503215939686855191035856835
34031819734497546412202525290360744311599314859738791493651918080633693477437, 58639935492045946094784949829869045078159576177169805248922945903752469030718
66000520748129233885142380231678261996246146911012251889861160077805466406120, 19512915613377167193776962850287518832519200689780259647229679046220847801391
37706368339896278448677732444525878070204672262122092641829670525550808101796, 65218413094075611272897818733157256866401397978477726671294404490319404372927
43158625477916170628155337132448263755726685440465345601488847131197475864628, 72943246157202438749311230179848078694123456350006174505303950000639369983328
48914275984133647306034080213200835731717880391235120101031115126674617248510, 66021998506958125858617333444860475502555894131611243787756884787091279861392
3524301328605117378115742163066704693861452913926242873891914964287327961357, 72718210986591289045613347907180809393908277886464191715679233611400281839639
57036655277917672384489765480106427489649717905023571366743860474488811277154, 53312408496995836813446046220005792992845115292386796468109620026303015596100
42302378625936966727224864031691836908670841500612184855296996364777319047997, 52856831501144611001406346019484966367101392633400282944423211027506756382262
69008367783399486432112532755032007719644581108239621157429705932447960431115, 56932252979365878985462097537122044506669748116123090543844511703479244593056
8799818085580646997494570641649620397717033224642360291373801234288421847580, 25513868956201049322523307498673080969470278066197955789451234383642641973165
64888227720903501502680260258383100190078213721908692789566723544957009296659, 35053425760927393942731904605031523290081350026023598551526908203314930764440
66065926497292042205248324783216653471895918897325555105774610231972092616446, 46668870721387692586012728009928666079828515816436955015689056670673305876075
63294690842936171125124920654704037102865243152741644065186017564834442205491, 9501980077557724050638400364978473662202384045722705113192498247651044448537
8408559196902472078249131863470605046949789829286675920966795367720093713852, 62773648727433274072813311705797923423322438157301842721082823260383048293212
22472034032175663252486770712827938407499823729514188050765229090474859474104, 48137893216273344060902163861222318523336075448082680511685327538708169173940
3642302710834849690027482765670984336570879317046659524187453206000906270421, 75304135859448422393258358233970975798721391042516672837048959448244814061030
8682154738968301926205334934097720158212329111860593024277594338614115482737, 72414137497934820307093337229512307341598300857273403317402894210236626106221
2874884736249279496328094595156942636113017954040454696153943083277440625725, 51387687127692839528437619927569339892697766980171165544890166719525913228769
44403110025659049376538001100945560006482517568322621952872383340170541632558, 22326275831611598586561281815358250111131249748093235233335611356638260612783
56168324960490060597526640933901544276651814875590878244140099803117707172849, 50960023352617081170135950750491076235214561210364067204936263985855624518041
54549693696277560515210595662318020646624934196351841981837271200609119150394, 15481411947686443845115293307869272433385901982395968702216781070558203721012
65835909479775731026404927756455712366469058978290136906177200468848729788271, 60671093680577713752694385899032416072019671838248914792842069252237373733465
23255897984608172767232839919254536389237676711202698350162610629389796019694, 76628245873722310479963449903971826902892571652526997738402349837699631790627
24204831225059538991879429286402214899396933910457640329985141785822814194391, 15877290764907346957286212261556026209527598933984835745392491856461770977764
36618403935858069355104443819558655951414563498482779077127352358945300779786, 4046470445132485078509063824411834071125722062929638950549856930504630604504
415954628131105127999202030052111771076410688324989690020340798602612269255, 4027434660522190734677453855654496258626622098495574179668935406822804818984
