Elliptic Curve: brainpoolP256r1
Field Prime: 76884956397045344220809746629001649093037950200943055203735601445031516197751
Base Point: (63243729749562333355292243550312970334778175571054726587095381623627144114786, 38218615093753523893122277964030810387585405539772602581557831887485717997975)
Polynomial Degree: 10
Polynomial Coefficients: [46, 11, 19, 23, 24, 14, 14, 54, 30, 55, 40]
Public Key: (43756143699688015161664865500925682292481604690590540694111266450092866829626, 5323218711423110259057538209119202669026602896833425980243368380698497034341)
50886572050478885773028473072644456377511837270232117822512305660891004805999, 20645478861431325774753804591842494705288378676236361928968212034015602627086
32984068596616647306137013097004178100328146077112009959196048935973671034941, 25083531637821841917719268125505020923911347825949732280135653608759437848907
10818304230163473873324679752651084868155000352010621062481155459476694682795, 33593318391865177716399891665631803922599983537244713593069548721889255478323
12433304542851568892666224390738549888672017945180747439649558025514373821340, 43957792485353459788051659606111350283690775214143501879897724195109830409869
51410490475155539847231653428960514000009855554112957345328356372115452126182, 10478088540527737125873233728085579775114679690118771036860007557268790289071
61998099139680712289083717265741879564246679853361738731400798641452309651508, 54869245888864576995797325386544932156905149673652591832999652056768590629979
42165453557775439973665057739113543990506786656887060903892857120788628845832, 25771673432949725797163926769093222848649594848384432958410680058564713919129
226426755200116008772817398998518525805496398503115411633468866008310241627, 8277356259003577654906191354953082313415010565668791191562805948393332789943
43737320866202367967964524427595772453311631990165950409512977259857592551198, 4383973755875118963814011313787579644472689527810543495494872730225754485349
61538586346108146150178812634690193351096243915019282718277091302272659014311, 27893536362937981386547328931646018533015613729140053691007784244696666607702
15466460347326380903390524686094048086869915472033558851424329605196477282162, 34441050360698074883272751331151655136227502332201442600095315615199455520847
16122514513040364123132797631708239563716254216431055630847866386677192514282, 8875786631574268424581471226283133918504049779951183243755005855069402796894
9285527018646022302142705849678719886297851243172762998714723485736634490065, 49626856715808029843832912102627706325747659762957606964849467868642402809232
29189279033479989061174955311439650447111258640213194174265874297495726383985, 38678031202281530794589221903357294664380933133365607361124785617989880020952
26754549311118487157904034155657114506849926483226797013636966758228071230995, 20319672631810384522436447977543479919689517714615890903185700470661678422994
42546518101010842783467286018279760424704282925015684948601011207275300808236, 801119246574283212020744353983031996461504005378619772664424080140158025829
50881922134240560608738139325767234803059163531173910909459341571401374868905, 76703955587506179603488503729538608921785793763345084275323695734814787380635
51151115907876174430572390943580252003268632275013628524779292333731369890770, 61379713182280852012383149948852190281426913788324139259530038908785737330556
65560661888179289592071540002898964768847775868019681846356713526275117859722, 35353373921424852856015303101291908204729149246870737293069356036637067559137
52354849210981318811969392456434857516196986841556483860047062195391442915163, 44033364746183210358493049968574846744572035644973411539863075662945871741001
54544861914513284653657658076023330548610046634389459560012688593135541680186, 64354802006848116803986141297283575076828643802280209669954122248611939931241
68318981488293849892656500430132874552183754615738565814937421206051640490328, 31994258631926164955091206851832078035715004696650514427718752867606094584499
47974376867528076223401030259893510480201883726166726450371329989327104823060, 20018836393291094478048203649777513329345283975735363690235131151230676116345
57249392913293932676130613390034471812575962680188605779712913015151825591253, 35934175898118055122885751287775314869223372555515499371949032199140555752001
33012004253256490397916821689629291413521016922590199808018028963988901480459, 47892980531909408372618773608924489406643907903102016667985521591950664047470
68407118450791059578152885687231093413892651904959646409543540263986664141560, 15936861361738498907784856239382378301186278443227906462012374616877150309165
72894096303699967714905924607781378810887896726884447788458859489705845785719, 2452116019138742559234817331622503911925110669007325704018961584949795887982
70422897288267313380431613744039785473657042951582226679668565390063981922683, 51205572308561148888577845038738050798618844898111354315273937134615361527105
49109211074070089614982957815384634975997589616285151539855986668712748893849, 65609879147419841637846151703453861127783279977337368943981360134367797390986
51848512225014694946374594930100503427646337062711343608494892515281264533525, 70519321468929159128921887234155367534106247895516115235808558403321862344066
69456909174267618097289575844921571728024699914942455024370346184451757106876, 36322171040041459339480444882811382343848306443754936954439600317197482901609
38706678574494789365533754844702728356050746941251136696160428014846637422615, 19103192643914163717887085298768252849814177470435140335274467109632993281596
14028043339402470266934469427691029517361290888816719390040888418804860356852, 3360301891216941007278078325595228603429612845971217764370391007499938806540
60782567787958403476622995463481542420684862836703195008916137829853730059419, 59291208976193055023584021029361263432285079704032214695390579884516871161551
33788818737914889812426881446045520486437066957581987870626330913312703542419, 28064770806806621994822852123363789370785870103751095825475287365540124383892
76120636415300652590305498615480266786629602568867643373536814132916449524456, 50877511568162718907420405492285227924500730058992574849325312449622708180177
48039923135857874388725592121177535728238103559806222165498641251738150757946, 7433594581879441555417038644695121925548560919609064449127449082608279304002
43967973506660332516171383806959491824792098121856352745816537011256081035766, 5708519541205436797226645191776652375307590048572423496792749665972250156777
44617352826283866415729983190960825190972715541413029326588527251026919557500, 4028087206117707891014185472879789705995406397624472599217041447061346279305
32219270102427856223832754175913969211164806470221404637692624392105268247523, 33064695001421908215998434876926057287148972597875548632785456214079488011314
27376656827605733634497390271279558046173214274331690620613783452660664934413, 26152745000556558346386480333984517942230765685660331779178154014325436129759
75202197159415868470835100097414481857265349048924964181822134048987619021198, 55676193004669084347131031234453420492646494066552568580783796662789873511258
41761187331502134209576500859299882610245672930360903977478405192303829292091, 29118170782001537520815502170663324296958849371020242237512400076660157718168
60635730832875788828590330089800800103974425263736041528565672668816261757115, 9075795307459762586365863246235778127713135452261075780833468209182143596972
5317767618979748161029521725393665182523874539212541018939454164743160839504, 26285467888258262721393713612437388453012088853235978880260058932109386637362
47357239287081543116432742993671739884452047269118656233819038841219663065279, 657558558641206738163701374570694114428442854533210638634586819246576216052
28409140011263168485765265082089946490804873620001662785489165897899888167683, 11158763375206271369042185136992053653338717204292458256406132416152365953605
1117764946527006125776554912968146651367609080523069623106863273883783703536, 60143292392873977719316378540528592491737283539991567326567066960095046806121
11960715825082773334851858383622722168539381719431216418687382322130535837004, 46078088165938743037198202896763870460651908823895896309315928068584025005167
44341769162976354070823554349337833973232259615275710729687420297204250975371, 9937984036628296054732679656258618884666720739943792613762857232094377410047
25267114157716659775830946668512671029116436499233154138857756227966130492660, 55129923004900063512077677311993174565133840919957910007896339467862200789094
1372742117986733696184851126782823619739820599630819010886608420559719447056, 58204912204426587500226040429210724217791707643375986271587739006820522183788
51505194697467745098583985522875319690701345323432542223239607983864827369857, 44889695759898649577433426991277731622414605275947286061174937810771460586019
54240965769927342615830922371704419392416741823324834116427530718218021836003, 13468037611543676557331313400815270752240849314995268081194739959276567464443
59105603296149268701903317281434144819357126673391571079980975009353157785072, 21086902391520623609085965238171665014232724776135573529672418441368522765907
16170125520918259186623886399045446299055214895377476127028444341656326376764, 5464180627531826267351343381759758361532223349153179015853871204050774279854
70369800422692251134549485889910668917499136610326110562750249296135302610158, 17892273740998293654362541181538222178593648555427355199542597721485969744389
20566112688585130969659234340332685391162366278614098158275887819832531047237, 32914858175762958402375967903143849253162022831257432070043607122388956621382
32578145013092828300359737878420970680531691072211390373743696599259484730894, 19001470670276785157417380250016452000247565987374082580170258461774523133750
71185347706413647737257081973111387830656751817841911566021893175738506947568, 39921789764363071427499910249010343842881055455631222693921043828419310662294
50803523728193822717531866175888731494734183715220221567198421354970497053600, 24602853091069481869068484992888638617728208759228076287025853648298889501886
6054420944325126720882733679195273629433392609387337874837467315769091781381, 28134314073098769594766595927155043419135994155301223639968565294933403868039
69053219601266025140434349866673184372478537762835935478314826018195214359521, 40085068310560571821558801928140784605862703750759287983641720010097252335476
34835862505197609969773422416150202904263754972246357049875915809755771489219, 33407650772086201489312984121009297078475391168442732269397202704453988936306
55626652552389546839297267326973163554409212002443147786681667752245955409567, 27518024147617516737136582256885790002153496245322457278978232127867680358446
632454808104124667403911456982548887900129493223850923507510303166355959751, 52456917788907157679842676570023301901026839809618769362217999777978913456378
121461277610646672490416991207511310050125803695685905389438324372155360966, 18674502371830780912055188523881725353865603222937634207880585623945752737050
20242316421021903925835537168773893224185274350980175459327475267666748401171, 52021187906400883990155629387800536593560276933314000445628992943717120344250
16375796342785980988991581082157697129136326772530991587666606776176133072675, 20455209375441210207446017147429448452522386772651095756778076836072893770583
31305670234180538591181377899411122714947501808516461205361902686330290156506, 28644923249668484343378232715588859657540290129489201179053885872265732266545
39115807834636673854745545358426090540209946762944309046533897578125493718457, 9673570178356433027323161533512353207491919356607195823168866359821006152719
67128219126381315328983220657605267154696323058485878154305508367057630718186, 45458777108774057611749203373674893130865251983704222290523318189346278409982
27957138994814325301692622018445543098302150639602670069272101649189804297498, 75915696075298851720009709234092025557343482965822787329790534520503742538383
42679320055827652351128857880526245513487403521351948498972145679719428238307, 71957437845419541570516628938612173252288959433546550380791937056962354370840
34114447836928792942915406258404664077708610612775980293115651646558325019434, 59987790969834366724980149751101056830395954817187330758809173046512123927233
70176145833585797468911911702409565919257108907603603994029502937185421381982, 48351840893633880637613688026290674761810086225155713467367496130627661254041
64140347447607751608696001311349751431072397856506981259839937879974887131468, 60626445653659299967744586913071407109254771083776041066806808301359030368622
25317552748092828563348763894234496634375376539907235552463381548972436365785, 41064587506037149241350096731279524375388669093597611397368483447527684338402
29307975366007619753450874093074574701789844424085671175169983659282013102300, 17244071249234882785434810656182581433710448027718214442189815465294055760116
6086048182169808851818694631065890703695396811260899601458022604637720650219, 58121892003524521621903768969304819919784913872015509619760890527254241507560
75360694909955425517385400300009647665999732514730226743407589646106272578334, 52585499110086358768593184442065575480260544728570960042849315053748170487284
55896636995610068900952901509487388822919860373954404271810299106484601229046, 71499161382876828002361703069148181905354363967278563091188015341448419196113
69149445720817029815355500499880899122844811953537311812086551723618246353244, 57023142540814487977727646934893219286513748996472518278523278262331763515385
41882370274413977828538099268227079471120891400381642610494226740653335341670, 40362949833953916303266203232439416759804217361192773809276952355818836305627
39799703374090141665256050015178268049941987702509788675097937840407642509901, 55321345459047358967943024748278529698690850458743328431779624288078125413970
23910452349491559311314988427809253143361250379562150625673075130647192732131, 57411837184015889913052703292835633352680258048952705700969921333063424233670
50422401105061134521566725804415967943714859621827315184369968274786800698838, 38500642633711731302915058028832106378660916070390561308274296086168590718801
29283035101041785322081046999908327170269187160605638651576655581230155588582, 59761764387229880461124079179626358714488056448133238543007717193486009826708
36728393325493343140597572823665381764314274704033391845595051223755055494279, 56062627932752512741042729001410812419231209585695096626953535327215646411615
37652467922574945310463969227480346190225893910027562531278248484034003281698, 55206827955347986047607512087384930422895868560882953278684558644617397403086
26146897101736953429184327467001392547861951446314467903765542838011148636348, 65516471404276956751474083866145984705673102485332562391190143984818055348656
9620706422894004088957996849977549970441163783129106192478605382541012059754, 65269878963064609816152173105413074120846507522717223090765823166525189849072
27866355854433038680119586027251664152047749497784156682599373094793616263238, 37107752688848090543246356867836124451534548907233989095033117656092830236585
44806787660025824530953840802469332281041896884544100725487362595786423531000, 63162012165921391853598372857565328850097572993809040394612901128338828737370
13211989359660922404711063403843347809491543738462617218808240105703104064284, 34316633076763679127091287100249620090988124166755193308510689366415962968635
55005525393710419771086647403399370042865472358838462912833607547771733999978, 54276500642141454900444681256507549688748932349423576959972355382679300875081
54659969474770956679033163148686329056937715314759689811392319055226407289074, 9714703031393066063029633278878627714401151285512311672198266651291485583728
19278142346112024999470358612177082201705176070748217048019012015583677988341, 30981982390476236442667639514747401207054331537972137559168390763476008789956
55514810138951658694365197498656414809702325233424237139980670236963014058920, 66720096098728361564878212140641246362861951657480841368954171505884978957585
56119773904251756368551306102725409895316507619616005603726238375029698640330, 10880649260654390384218817483946629432448763974152579147377259390748409480564
32749997667676557749442096582050449778407683220134104915524419601904329080005, 11015935097328465562875566990726107812023864341639396043668934257730220575882
1895833844593338729537355721478654775851082607671436704969877250293522355980, 49855578226889153660048043227986445063169563421902455550144574116289790826908
15135538652085919889537296497505788198928429885180512822108733935432856977493, 49870785312082509064865413628007777231519241667044957609390897039289980797017
59999530120328222594381783651119028774787700175705488820341853042115175909157, 72777358737136243489013576157094514531354491788611594382464851027866238082629
36162219846289599396343828888191859998743783315423710324805593013650284204313, 14496550358489144919206319120248626220862730260200102773615467105270622321629
45026620597302256670434606006354292679430053756040674070517391268271185253011, 36078992031345681750254840019117689508378619242024426405544126870841061419847
16011272933529100077745850658914363600644999960789847764313590740796670734006, 50069559931642892817907979985223650316461604337847115536411840538239596910580
19655327207634859037723845611853156658782597189601323776158505985210591091600, 45698942144470719132373702179392581577857821478813116628530042591314876188722
31673836873303161957137056965454783846875182315563047220516125898563161803959, 60811173160455200607291837794926953188877634757587992784864049071174673144351
65731689820561817896964633165143461663531070890553924369355783391868915002284, 11995842905827647741587761019325434930975992259981977847383912502682700182662
33193981053805923893331243507643183674542220255274846049057212846307000127586, 29564264225891726671295594876459454593660260781664633129698245459252436736464
42245406706843275994331710204047064187881369534694197394255627523050761551011, 54480153592732207034697971099468725471334518611764694235739235449574915211316
2696185171147386529912392174313755509671200865976962023922532940062088908294, 11322917441387968152262687980943359602664933551024107384507258019378593262809
16213458643645505601825171963989206835416590367000098060081980429305649675905, 5822116400708251583410746344039678849390420229748872825370151605011922363881
50233739005091298073649312444650884604918807098398306483971602036774171534064, 70669741402583146362393009298112635866922480271318886978794787793929664213495
74408244310400196834586483410477316152022448643903543683219739438502158605837, 16981711135798174366375605471756733470230607303901287501656658600368737278685
45220178984413387927672302294616812467824279957702915472173157130824807613058, 43354247406433902863658797083441161574364577362190515966983320769645162921266
65700183415025483631493188685731073644577176240387090048128275831690340248874, 53608568122093553912348976777718056474466910444476820340184760966311393199305
7758039808612909310466190679677993672584856047693767801531813398753475796786, 360926904696813619356365594551356511470708313630121345838489409855355323976
20608067939005970484081132310653478026724358023712963951465470371251703635503, 39909119200681553422718399656905649403852700559338794612557716696043953397957
42800389007813928251252203481484485269196353934113599051606064463299640260589, 76779279796515884604995069078706576117003899276608521417417236412438431502320
71923169947724822410167716319196230359829300666623908376561246314496471965910, 40600130843607354265916841602672818359058039151572125392273261963597014567232
48105081597586192965250056996336669899526075976357158338354014588923610822952, 34826347590997186298516209412036532030898008709065733320860121386603716857122
6361782698163601210328732793285567019884011641333401814541869920950931432363, 51816686086386784184676763071199510583075609325654201862241901637124235174426
64506780323500069315697757274138784921804484539944395826841160138408603019826, 43348981875040447084031495919006707153748403541190925796122353106870963767320
33657711238244038978317920077404165210467843288053913397505096651298134289790, 18346674358738542080517526289591292197832263864713067982903108500068944352880
61503316631607290488124691566539142139950717933434773003130509614575319048975, 43181474742794279526967238969160003211208255865166992488351937368584045687210
43660486933908417262984357651842366923074573625521647141953294582411529109772, 18249067545308804433361148480790660294282553547653545627281996119297203596750
39127481550623818217866222758138094398578434342333506291675519822873011515007, 69390836027634553674281262703797644316328243701772302073679614125082003688926
16706632456937382428699165302162115526626734495362698971465497569265774609318, 56474424692490330692009930325644258167648065652873201865800604751116025358534
62747175911413085120295761243469562330238276285748469685375581101925248948691, 49867970304722764586651886436988189100595839300038130188607301157697996793710
29138793720515962916068811980035918708348944561330935190413590690918465647767, 52441307265932691646432472924298771827853443864718753477253488181309594633096
41994699135757293583802729235636187757507624750922975495852857705315431738979, 54832470716329979826241238491652464342925401028605171866653500525151822952923
37775987907616547326655793726277202663639324727102862541024528486862836105671, 38072041853900948038926548211884112581815581614967960010332250424418680325908
29967687666467235585074052584664505510875403663097711491120451561213680235230, 65974517122944543080243788783632004698373460024028796888943907024191847915663
65655654866634225734553609532163301463617661062337146622078403058784184997402, 68261651492866169053626358793918599688373924719049264584961942557719789083121
64967118845162479412048186917279084167738637662473870926231242834624304212748, 63669724797507048874989945245293400259768655119227986188758293913587518804571
66477572535709838915515186327324012007661169290862720270172322589749831506172, 9543796824243517424174415085192806393479242175360843787085598141608661848252
72393475027155917946287222325840536526951889081428768186818696602659836493243, 71594642112300671847336349072372522438354920079544063663881755607378061791137
35482723101134419242869357916972061959998619608880689816913207948418039047217, 67482534809248570564924566554596084101383390298909658619339358336191435097871
30966134354753501724958699243402690713292728688386495905583012134772502803769, 49550161486258900426843786890381915955445513799271181251710662107872764432424
13510179533730933935516630641454234730864590103481963771351371306699849934852, 8659137151125332200176536159370406026609726574411303069777866679324649590197
22755639513072838899067500233910345750662396370386043340115491568595001678223, 58568999203478327291658693403380160541119661483401712551480029347801251642067
62648093658740576781920051315972507286434962299726830230859255668543163822381, 48940368577806945510683196984091699307100954299483687696544915881446227221317
48862131185052005911359415035935895586765634068775939975870735810440570403926, 52437997391264752035335743017570883553512638620592062687351359430109215726891
5614586352828048673016430412992281926446724492462223609908875660188067642946, 5146564204711151002927040066175807634606171921983073345137834558048468869625
38110352815649435701682232456606725125816676725936971924708660330467781328365, 21929086621291978933455168503235124951695345532794432992679306873089440205202
72794380601217068672924357994067566413702689708811185385813096666620598241589, 73981376030124398821753047670983769188031590386462597353089839201262051121972
23510949515553392636557251326454722364571207431335078566486331813867253556845, 11170571619302779547342789508056852166404419651426462287237189871012567957883
50445702922850482522117041872217786296987921848154553602467169880976714514187, 12807502755756669263738164259254261652672373573769260545898013461609676336886
11270386642631527257589532542638486314648085504929294595394508755458565238241, 33971955222527141770403554399406840666505510059744066427489926062510728877986
1575368460879490940244641396352838425065247392666733000199819426486239519436, 2829347117288607478792502465030229827439130011043931991894838706477724467370
34739493936375727293632868416566383540554553555507883831718034576984102116269, 46231667945154674351152595333738458806322601857581621252553358441166677618378
14492619209561547533572959767151645174813255940474198391114746600429848033201, 38955138406827699295286245231831506313813200848628250556173465242922416732806
48342768586498050175384160410435716661464303811969339286139872766407385736423, 50804529328137309256580363184858574079688048257380794830118043159548216871406
50923873902487202704524808543231715303462421768547360233034322469750828700165, 2258048484160467086123217318046855387135303878873293032629483262173183087437
46230398843481709669605491500385005302543316307988686860982248414569965356380, 54160446176311427554441840867632692075772011189602944495466145008801123630160
6663864155267048009246868430434153441961376646620257912506137010241736762675, 73668569889814368427702947253442465121310605164517900767186388533616653488622
63460914025501615597568318095858522648851517845455251380184455974362604365742, 51248664563709966360787980691609967193204193643950914169530741820929341992013
71020317697075992371734775842940002464294944592805736980048361365900618997571, 43538663041193815625038267740895372944167090993201108327485228944024444996632
19003248940257554442330325735490850154662691843706766322858988144829759418085, 1659390386469012888667487369726723296392015751160079727339064640250971063525
44869059133906854564316546138752155288173390736386956689995018175109591427425, 16171420178735055165573649215642833439584235705121777233189261238508263613414
59451866413413033463896754970822970570160379516358393076698353411407251097722, 72996963569696167911034968672447693269349009323931789077190663702516471934730
9308192600231065787811692897769487583803574250391186569725497078267730435163, 66777526234177325298463005468985523393119257990169306886010128097375240651275
23018285763096892133713316519262076704065706500067009148457153875805812805084, 64702083650725253306697655694658007087201130915482200246474311873199360285985
31489584006051076542249391008827873740960642526477464740284602344127808048260, 38273468860457640938217524172235966430951159819948867671307361812103411409560
15247974783107997532266255070236616220834623739482199513129462096759773017654, 70898219784667095483488332362074178548114379783346660803744060155952497796835
29615135429004374294142664825804793081660803276766223021021598288500556299860, 20612401166160627682791663098189025850562681109736009300891611385542350350496
52095011059593949200321227318695948737383207465447693045217014013327791166673, 51723833813307126015609859103856178041642527628227303094579678793639617160591
63835023503964355003717461452532368113384363221273221906703380073261513890186, 50509968558674486546092862296405168194010248930296993954794445683525651810798
1092239830991606206152529224485585832843911754145559195049760939213958821943, 76573988444712008309008637679205251692884422633418346287222798719595681499765
9129914519539369230275497426344585710456440693211076243334815187178549140206, 30721731741065647861585912175318973199417811691159955628994002639392852351218
55759910973803075512164838007795535871340789254458225239470061342442504121900, 76294391749743845343252819938658687447147228366369152257319628630760108996058
75550122450607618968687045306248739340928357229314625929983628929352126354883, 73718103873931604794940183190259053197443995343003413645158044356176464509162
14207700390534834127906469760841270495529747902291185994172173706213185711777, 22900524667123211160331601539111556218266552297997274483345402533212124854214
67280825846984477015393460787375339242397522465429111535594801900147855758631, 15008459998105163106788439860716241941340050274520608180725992507096595304394
18097328529759403273610552512526827692522514743235169070168604591288574418633, 4742842154006080812102278756209153007281307771044782169250657297434431031972
3393135549182169934441011896798740177308465452381244049897664706085854528322, 34105242904655168190430577423318944206671457634856749276518931985322858971816
30287948335030804344439577254403594121502888949356137871027100746898097953568, 30761444373779787144128225731227675789689644954224553949777667306353426334061
41364438363464589350259744539816598254763038598928969288069286003875422415725, 23895536658798015201890276156375827402968906985221044781736129385564663420972
63989354236005963808849597037335807575560612675556003091251421814934769672625, 53635663590677229340753136041581943910545030534729645264732563247213333481118
69760967637526873124935719036213339080749506719271449427897473879498857301359, 18726631902911615656962150713023274965907187561054531337946639855872830980514
2107571162530068373520961751095183808861636131447557814647566831570111172868, 29751906570418786977257633665891083790862623194159731199983047740149408186989
61050534967744732834976982220458617857713038353814260709463784462496986899228, 28733034534454733544900635003966932228083298777850872603381181653514441300637
47299326047964178381197100561670626926842430391157463102864493164984712473842, 50983808054437394197257645302798305192713214852879657531973828390995785514622
65773373853432096300308509110090016372445334399707966004209167397413053742755, 36889684698571892493303583879101791563397638851172473598846823254943770316079
65586331616716077359560060121242542936658647343088883151851092386869615857400, 12004285953551932344830803353363927784282580770297343165277502462643728836115
37587680177310370969743088793491767041155900279304670745908011683140999277065, 40206251897786388926133584903666195844658776386707709955445406584451365049801
17294708090490382765472061991299035507542477282194875684536739708471461119332, 13888437790862169505037609438574746742890600551379043865385496285450765565887
71616563209313225328165157826754081923854503896654367271339207445272584184139, 38327777230946054460080426323113244166471717486985803339457618369091667147984
68805181330541469997720397417151010688657464571227161556907833560636448534247, 45387807214937982160804974670063517518918901186859295275552624130597252640535
55829475600418914215908804767795982704430269356024990432696961927567967797278, 71476825731736164641348319005715259215972445817483171755752855601602720860123
24361682632755174587341619996800515251222903405473270717836974787384855616758, 72465009598207428092072973189105133537880786615973263096199082144478290872599
41467905283752013757033330930566472140038554521903719487177217936357442050062, 20904422306127132312528612910809561621870427910970604766159392861216475147963
6871213070277682887897864524203414597823573647272067291715728096596109852721, 1147659171852871260216413429130789297213283551650338121567427709880302915394
28971029878483874013679534375390173218642906439315675479846761948909332197363, 14359571206946498931628780344610346465635131353865116083528492287165498449012
24606298820118116550357995362156656191989375639865278854291034017645063374236, 2229487546121062303260855208992956332210302375548427591915880741847478353052
35908541887120738691509922926965615379750694376073607164847577140775724142513, 12918155303748856366146503474567411384356439576912108293395681309562917407097
36327095336429549054967494837112619374707958179554291950361179268018982153663, 60223215922912219964054641414308451601310398075041733820565522502492203151147
47483878179825496882059791586833945869725803051860188862250459660835101783429, 75085199264544038659556163260830328399110354193731418735579333644719408040268
24099529704237289436728447609039613890189768445175942185713631223812525755740, 42674347755582889886482137593021157323530925924685908854090946182718280252801
23952654199458307052916984222752748225900402839647945734848853581436748839110, 25377039297934749743015744734383896049861407994502808511963197769661116518710
54754043023630519473048798332491416918896326805345293516601672203974335067934, 11238643766121496051117139151664860350332287602433830919022527206584157960605
72345227769301277970666803651685646714893870424876467842905915095906827166575, 49721508638812335119752737536255201684269662792653800498839385156137441852755
1371567233845457820206103535425462063803492255692987659483204624130442108198, 9761528792358298743847899786535308280302111367784348506239866436400976156180
20770273114177619950638087877013142932400673580941252947506533023064280707572, 53630136051226751773606965504431479676060875667518064765458815488895599629619
38793826402795445179587784057230194279511628780575806048533669667483965678487, 17526510265280584764672855628042064700804771838837857897951003146533189581601
40515617682793690908806695043874187229396276896925150305063458121991334362348, 8446803685344868722590405405100681184645144611896355193471448430497103874797
8381057795747388259947442879500500953536842263609748933160866949207167681709, 69814339585401155532933209622482351581364684673414975781599485568417050149825
4803807823610463518049991520294224522116899478277655238697179479584466295321, 20630267101930373956928124436960192001187662391174555800395329657973451806854
3617662052565815597655229900846329254636020868751049778120206677707509269956, 56693129147221090217079541484605932222213213199812270438253409151901639236834
51547866706793001727493256851867377179905963082191174644370879154343702021302, 22744575712502974542063127508244339628062166464742919935626598577369467356802
58523273516019791730579791870085049237732242485664847036999706198424724932862, 67909279662344238780352353966283657942410433743137321535378906559991005966694
26917392085428983315035949383638608277651227780564051495404023227011455110670, 25566111056309064403651962087505217672623329225747012381886907098727052085685
43708715250379453126950899488527118626206748067658955701251315172971460383160, 69735140892669363807088876826227163456245340767677061386360548837593457044049
60623494539651276233384089250464820481829181961674195741849804477068594794827, 8073836818846638854256416633694225614050193795858632900947669849102189332139
16836462500685205076331076400889116556005391498624591303149250196240534186201, 17271600954775881266144130448180222507582677616623217993652167683593297535801
73376146742511338386709577092915071125366203815196560472433410371991948215517, 14707778916105980500568177094039465470983508829733877472225758360915587415299
19699897482337680960979206018601408402007707232348487106794706625015598635354, 53253996739135672341842699879250440207233973186398100828478663192977613169758
19130902340157582203878672006415961587925915626869786289126785861609029486944, 33972206940339840534437751668656287090661208011577948927734095688021235268931
56611505026627593637745536727012427012969033138445096775938674036641519402783, 54516196466915755341165432611587960257646098470937511340190527030909417612202
57728845787580413608147238115224719649744958863351098077514401628436186760298, 40666610587130465297270993667314989063376914534424336679963577217061960824843
21902530810208620627474376647685773724233939763616729717274356481941568281409, 40229748652101548255081831933268401027607290719882234204724442416421647515220
46361157832441369102078554774764799680231978318665675854601959775709785735694, 30204310507296410287085743139737690471055894818472019053422639562687074587997
72932961516236652784526612532518891621009882952971628643992975444008136687372, 3425759951330218191323382405197473866052790093857294027015912830590152357129
43349904017455554422641364675256629994471930155443558067798122919093762795714, 39310927303722569405054538653140848408207309644191552363235268045617844737318
41344686843015366012587246811245549647122721458829188321708041770389967508201, 75582194616536954839757590226423358267257066912590396277485489334325552318689
8426045491383174486338894899320916603059492323992419617614383985451719683830, 47001702066297254478058420136018321289327978472657641987585442876722560661238
13647928427971140222839249576184207663490138422869769591458781964857324204073, 59444194466537067480797230875635216613362326619720365258670844961530068981333
29319789348841875575629674101645803251777240726836883546712571350125022927932, 50358465672697933628852147187962035679806364127403643660225750663770518795938
52024979025057471278806589822815319962851819751708623340238848568863871643590, 6585727748626236432444731859915597055353091397816952700642347135615971936372
52052851457511374909218996416975504705909190388127390883477855482831902078742, 13566615988316188353577614995661274674342650455297802507712535185712892884079
15193047663776425018516497748931767785133390922882235956287064277132142757712, 25972254710409834664144061572552114925769652037473781576817222140161405389777
17060960128966210113466628736763598986200333788155817227831014108027187715866, 21460759580712544136916559242414861748218206689882608650417030956356917564588
59436865296851597012771494947166844518132449188087794873467023989520605725735, 66571354970848865402675693771733243151777169449352042311473747883645922863550
48261878337295101531444159073848907595099795475517512325515591582498505832480, 36656808347208664380840069980979670912384296147621440379332289686559250094229
47607361008763825343628945728358331630204650297481884372421680224201124882019, 34016903073475990459083866216076176255574219420958974209485002153172562755728
54123858117981671530135182857274226349479069039682335304910346126590116255754, 72290980944050254416647588555661478747904478574597518854422526042400473136866
28419294665501499458713427489360946094812115213852941351456144902943790628334, 52922783235007566695127048586186743327512896052930384932454884358504299417601
45616355131003291788876590722781907888245922427491799982337774160790679484570, 15851526124355275724125465094946353654250308003283232648536952686925753365492
15948243958661288706221590599248967186039832410556152543062395961818085600918, 74947213881811614568628020171785100930680849430654178006365671335345746075310
10830640118133267495417110010511933504396628743558120388936717740042705831878, 35926966617076733799477955549502659205834181399693053514039486810953121702448
17753866091100377430499562943581096994762159852558286972172609281895106486375, 72941212799804567835962457751626796463672989957433812352432973486243116335299
43870104119188673036522053160487141595267748907117005787468914922489363370684, 23049618343530038520394968051554349090642946756254158043332714457420335812484
64757724629176712710324450445020010551567591875858796268870611715200897733518, 66212212698432317909463941303181275393657457809864044478053848464760219756912
43508661481543908885299277170501513721690464156394281878487154100787099800257, 40407479572031097637050082892652299765046864322029552100397111993463816789303
16986763669138247151432308469531923892966288616010748428889306960008678664293, 7775018881543167977066461362922464625557523020584210695454913826651278797242
16992433507580563611467335753223993939315929762144712614617343850508580539057, 63181923017886459749991592677987822483626328130676392434412633063914329507072
74218861726802784236912804866856531019430465715881915149486066588772612413327, 50999677466005560694457031346963191172507365245119020511648896424267746800337
63905709442300520105875427786764413051493859515492568110958292085822778168675, 38835228251638433335139584981210805810240167839605351510547028208503634815925
20470405306338559033913118884239250295958711224511165677982999107571039185665, 10173099115573425698470244295505853049969034735135616519101062993102957911736
55478468741596787951621393775215499909342476728498058365171964510296878767599, 30781731875252459947943402806329193358360870422986335661670295247904302047361
29254637137139407058069780731313927069623818424452793340628734924663721815342, 65864024339693341930965965609762993064548885525257077521370736188981438528088
6422857598229072331493127786163333925174509069188709829406548458709710624867, 25506918494942238212603932829032179556388694334970450584095814866780724312532
64728135862217809763600260262483045394978554794948910634974730715281990216945, 2627916105171923577475680617996050810878722118827979881409704307686339918374
52904448407491190896051454662908408746343665718347419083658563619983784053625, 44895495438864553938648561651411084480325130814527904216250203221263928375733
40807786312301101331356922061770390844961078547242886235557590903179229067683, 61718589509625829585071354114016207127265207733710702062130060129386614855491
6253022975054889321589002311950122348876575765746424570144934517833105300317, 54646557264630878165282497258669298775142781967104038288068935316260025886968
53134058008385578960484988705300967396310185406127231458135248479399572381508, 35754265509544169676854931673656610102006493108969664964542830738487638677877
49614986132188373561552018260848918748380682311561534989195950569229926376377, 75067351307010842310389347013296658227419434256651597915635208792081255586643
36450938360106883283083405350010419414628579239145338271336155738410999657024, 26558956753738051999870870227424270280498249541056933895155627465400999710704
19493834925231186184976818583503878878584291059077236620234550007883550522994, 13381547838473162708827718295405581146526323044092756182352280812531540938970
5632765083491393216322981981667263518468552058777179941030788234883131033657, 11454831236855790114985378178955366279033528917644418950995540973748384334835
61883251479357057650440149607033269862434827754645078673327306722706453358854, 16660140228307799694729780188551150979724385397777276470108636213224721302427
2364020246574978091629307073854896677785031243595091955860981550736824610316, 63944962478927433726429837629126928208446594362901877322646244599094953967732
15241908470067913232209279791928007497772155428266360473375802074866705145594, 35797155976959664437099992213708506859724880438717205512184887749204799457107
14767143109913573362222456562492874850693819647406444827071604037792461203425, 9463610172523155589600428661185746762631594396086079831412373093870167572938
22048427078504055703845055568612745847252841230866615884244994749091351577899, 9087912631769370145799104621918528919573399678520089653324224196854163587321
45293369601398724526851365001874932115684134759921083629513715259904369232016, 4641770658397404109931892221823696927268182567911598078979965490386513427344
40418213258361185431784162969924574763804314902211755755566782330387713859695, 74188128126554925541263011074880462967628321150969295335718691453120037853255
16740196470576141529332165590681327254735003351390827164267527320636548037414, 41838098891355950989305629273108536395692950741560837475271073751988394035713
20940148520670419888317894776404520012264823788279239578983930549854480326766, 64263524910805184383492602430323671501193503515053216773044663732040504958422
50855729882281091448779648645583031604302173844135373877150234466604989935206, 58284948129644244848466154043221653228134225356745040730765630022649951070712
47595970287313442536972499964581283066563296718966020484243097142772756177769, 4408971413732210362791348963631650826734672822153180127967259255969681431527
49891414889676528035764695166986590002012956436140471431634795618879345218815, 22185087243039459670760212275875627763806890042904100265798381276647104390606
74370407387762168957891241373532575886121403599388968923942247210606488511755, 39041117150389068509247761400852496600201854227352542831208983720440732845265
1085852449689124110644617092342377055059269253199131629914147889599220211513, 21851043304151272866453756854210435716110799759171879398254458114053132239586
74559591332370329915020809341081133460373516957393864071222495016174002762270, 63093345185868816015108294822000736496769979950033216470992316851601367589865
32343268075245607030901350091133965262660268939622032646086587725196483485844, 7083074165880609213247473763007606902609255018543795938556048726252728317585
54289638879396247855422250743492034725395298950762647369634817582920535364180, 7468611978433727705042021485037092738083723698641354484643177696776547025749
50274819524454780247113136755054561096991277632966107593474712203643389377760, 41979316729429023251983272399352094577419047890350687562417364435485423745960
30532939128955880741371100809365426776842202888961762679463755460279089436773, 8961945075147063934756189671531301247396917964922514970714686959763365013189
