Elliptic Curve: brainpoolP256r1
Field Prime: 76884956397045344220809746629001649093037950200943055203735601445031516197751
Base Point: (63243729749562333355292243550312970334778175571054726587095381623627144114786, 38218615093753523893122277964030810387585405539772602581557831887485717997975)
Polynomial Degree: 7
Polynomial Coefficients: [29, 50, 16, 45, 12, 10, 40, 46]
Public Key: (40011627585565869014088785629140524116975007873340862736951477972341685170227, 38297955732776977395793306800033427877964649059437395140624046773328506303669)
6744061991869012759334274003572751451723990523455199911308863565536957547296, 30027415766415620537422074712496215605488875116703903175657191408206997196440
40717890162370341189711712179978227504073771143122130580609851356614657205087, 9533962122950011037248714121146614375330756355429245666711643824125873793068
31247546158448278744668957257981639974257466869669262913127137771731371623608, 46545858218616203116477608468634376980767479897822711553961773145604251051164
26466469236832526617896423387368989167704938548526933377898949544201394310330, 22926979905612675794549935015685726425431459832843276869966153445105110477832
28517310262230579107915579056631125350617176789525770011590506735442862172872, 70694360840278599365774502910734935981223270013355037656544961132249157418372
52412702889251567628721674925487448380701240074044708901088592868923302989374, 55464232256317853596395005403440092736322273426488050818641072899843763746198
73045930760478100634998034451280946054280740702716706116269757422189982883624, 72893921971245561508680353561498941985443794886432060522813234942128589835729
63680816573036843363780442672967947925478624476353208297650702614731284059051, 29101217811407560923784309149453926253453037054025858188883608329848158470420
37375529468761290259198843797894834534346720831477747538404783625526909293905, 56725791555288463642574255003956136075305277744819580049108733596001502615246
10158389517901758773196430322331386623484314270926319084907695081440754270674, 22617489911814962255163650064700342947375587709793764201474382420701457221580
23143098521301124176913083686306648492055885316732194355065596569164967044687, 584279395419210881107016579357928867933140308578742940096141168110095520165
11047886653701753635789622099617271740755123627259733573108633831809422109021, 65621657733788155892222896246048705221702044098591742321224932085889917974787
25386193699492749299265561854501496621500185662805586492577703160822969817644, 49503984108444176141226345279131246657315728255489587743590918234884031021866
4007499003168099596058612414935477880191733770681417683781958510696627126291, 41633357013416521967767023340808550487168167691464058346891190409389573376889
55555254099046081606464391864400510352798209377769019994603544037003487973728, 36183967041209458771970528560368351912959725987536110359958529518483174597720
50615255733684655387853294151140208627660813847368423981339661303326902916725, 53093785507896891629380861587024703754926002019622740628956717326455817378472
11126190247290053429726010171123278974139434239783043210455814882553617617320, 23016795299271870450650030176461766146106561582278690999626705424898337476492
72776807125892456567595520956941255120654235859364005687645933505672324697101, 70121283232552406360348628438279668441925911354511797259656662618121773526568
62783566580018031578357643786851616987083535015946514759040689077547456276707, 50006498421919380609577790916695096603036641020325008067495622758031300470526
14767846819155083830837265917362645434079031490575433936097145101634294672120, 29440217983862800740561165219316814885244026197794813263158055904096834345273
48569969700969322782782576025555922146173853172710989299208288135538190659821, 1344769180382482259311220406623684139885290905488596515829595828772814280669
61270780114787038293961113361216261063928293389923661275179440152298398537414, 40195734549987105907652307432990252757274790042418192483730792237350813006749
32798801770310583373284544634792486406968448668405887687848100505814239381821, 12613964913205180554797689153584405944587171359675624377369135987460965896502
5205836813742845023573174528501378700440128658429362696212816939492114336785, 5761193739105731683555696445443379941404088230849138426260091223846755088399
57472801773947172179339704600326191503021310853283310388126040224178479809639, 50020479187493502829277900295374624834435365995290215352457575053200060093258
20658025404738813699472360064446330210725203763557396015323555628824882522776, 33132537850702270181712792420576739799918144790063385390048586044707290587606
29784683327131064746821818613834208521807443248423599845375174099094259766623, 14454051836102275316070914773673822382914862237641340907536270105975619902937
28806679583211817550089691977215412145853365113492014185159998649384217703772, 15463574824943046517968465303370030292624275059128662690810295152190163164105
47611260491349546737985323498971752479956934729537464943345008381224340631139, 49437406757225948851839833013064532285491268377229452350415512779063322426690
16538469843385102583809571276952319316421684917875895652424122891074518159390, 44678010304609100090408467782696886054438947766624682571514083262519733458479
5088756657504887446320043772633973106250024043057760695930382607452235641341, 13533011199593160992645728032277240928524955450750619470161319980608685770321
3799541552643063997271337133071060326486863957627501830785024759436058723889, 41800747800401710573227491182548415955922997361553756524396177299614738925985
29524569644495229163286955416065543350372777465683904541870298886895059425714, 18363439280931709989223907575421140664874456013856078486844329135614996501367
11216405801787506752840809196356109350797754138800518423846614559025001108607, 42151982345854169996456619756256078750676756287259982688242547649304080562726
48117033938483975021959295377143372728308050962099636670947327152200978638853, 16678070539876236451464261756106867534172683540346570874516718573983098318377
35228701332447976648305095019227006888846995240463701246664718019598839482425, 19055106254831036208018082357813203049012301967171207994796938358262538536946
3330518530482350863456384626442804082155112842987505413607355809022782134637, 42341714032213903209625849219267327203712542078754972645027006415777704895590
23401824917336072008615637425972030882536197432297234910156749990009984791419, 14395562990523194994068802176345013358956502810419189097248229028497414434377
20942347490345201212917573817252797966833355011172364032180360117115124309864, 53802266012126018454274956350396724200871434208224582145093317827812363667159
10942885603063721694949828852178234016199265673735447842559691092187998003518, 30983783242540775409106850595951310925188955025559204954166596907274048585845
1187527718309501944245432875684550781171112207617997916265073005997643436022, 11372741855502591356788214140460734842985678815843472500090263798994768473045
37639810722878136326568259341944709754464251107737644038253027701624291452118, 53854317747604138438761821857913342079689897676363065668477104535487908161950
27344550520886600270096715964012525435040766979958645748912057692841384638591, 12724941522661440202547244728606880822142318686601923114935902794360901339548
47441564748712488845072303943292599020009725905433750287775734305620907826065, 29127284474930573867679897582304343177502958987018254396658693811089082651694
73371007800572659417389841623878346440066443711674445674092065969567251057032, 49709774397902739815002842109774185245458348883055770871442280853904996126189
57492507476958066288741097261191650355914717700672166509140759132792239730439, 27390387788039588204313987028077098377759522085209006929598371916305728032840
14936827166771118054197658648367270747803192460486976405586477776254060373135, 47459951573410870845091801959262414673719182013715617247303113527442674535671
51145466276211413314753032277971099483262804789162104655431808061533471984593, 25555568877363291099557964854874783202687999422429394444003764147468115329403
18579790909134615051606043316490351486667719086541242144249869706714890037197, 38177894774455958542568052825932216539699388811019678632458264501685497653344
26415622662572648936727656075584415675352992100948314623265082375895244826406, 43710743058126018988751550568546602056824016779747667881412337187453119016685
10263841184621667822569388134022530999126265686601464225189657870063232327979, 40114177062604064020152956814413683907221515499048062415685983266445629561106
30615172468737329412633162285734304369034422116240677193789437122651654982810, 73879263623357182818761932554836507131872931789094679363838649703967166837039
29678185666814362248194274829516815327744896684926095492428201761006315367699, 33396705102803851894349342724721504252888822722240906443834251898887738874645
46499360648673856014921723176281709457772081607284008928470955325923995949331, 50839737618531904316548035776087402182029136298746721455908275132840008171459
10501133332395017457761741709161608238169522150594281594702944976446553183599, 6872937048075985030112691371356770751774617150721335738058459365720157274409
912172514395152524540393294150211846508890595812056390817949784236817390583, 69437315828675408288916798736410909007040773013537282227246239442539501351574
37087471279579588383638008606461512917266791881742702076203941285096547355345, 38443730992417889077695649951324888738049574149708809486034781489606681778990
51581295618291812074726803524421627861906059008267587426865794285764345857407, 35160699227717125877649339175766837963803522264652667565036970414228383784594
41765492563245384290894223478264711311145322535389460220052321272043167647184, 34816044804550424562838699134993829939917143905150194333306732006289733576958
31283539189309169836480841546586330609094324929288256697250040034765384523701, 70047695459333290009684181431588427561161224754397485085846522470615675212968
56250070323737873729263905291636227043026519288831607430514172646484318026528, 74202280737587493606660069747755533191496686900017187036943446534323272014227
58688120157959405452193757554366732025280330738403535104047059193107007771086, 53633346648027274378863639538852583096855726199654713991893882103979553392354
17256211011781641594156825983235852758345641344233455277052559702067319546758, 6033754987970807484885305276630095224056998980002114843783637868391715154947
62348084168985550653675993683723317683922011459007906301661444748608478149423, 46395825507130109088950751347161824836456963481530789298593885593219716566438
7999254363796344902639610736718017683312029612571748884760650496924976780828, 2493183885202433768246125849384417557127267744161434153700375799811795651493
2542579921262188636147083545757127774517054677051326324337719932910935399701, 28267225090669890901483292173408803735016098931394574087992034993026130415618
49916456524247226220396715697018485875168850047632328052612502185432490742222, 74632526748149399304598222572081765142603830614761150972165165715375068762311
4048037353727214934353725564531833143828362617015238307840343604656735280369, 63323955487881172868870985050964014433357788516245180358534476575002417174359
67865565171328474095191595785155248144527760833657716564771832493955503024076, 1717352822647388802953907032362451799950581981592263892151999174184367620122
41220337820818007828523664403658715069812136944303812616752102668559732646098, 9025705267887319872551424277848745401868716277230473036352095082156893660214
54862502032673873305331526774473855150317268509035641220186233416919608629786, 21463214048682584541623887129872987364253721896107027028178968214233939923066
70568005463515839783514583408346590871446682350872959027474239483784866472012, 68270126702402781763367894418419583772669221133874178984375141208301329014753
29965727170995239007322559609899246961970884328001979432915446192446193636319, 2160307306276586519360367069098858721001758651139859174778754013073888928535
56409868499477774722108107800788387782903513852705641304821554415460659881893, 49939634393050611139461794711448708300716961491996984043813912111029892650808
35577552555044364829675978795913477684831849899934293477991458645397762126318, 40813225736178259125520056983953684600766557851215602873792682547885247803288
27053504634007559078901335681712820513181664546275832526432069553326933539718, 54606854303124445484219664095253440016458845258218876227038201537185229981113
42800673491322528773361310862470052564422001787697450983807454510016965084553, 30032883275889455004199880798745257952155052377894005825191602822727240483380
60165828947031918698631849208249292191304487629208938950392838375580808660002, 52675880525688093152444691496119397015074462878750491413068451377299068185348
26183136385050487226552277235259220517758449650185120227734731250679952003652, 13887561468095013784796848673991460700362718029866885654659238628299355443612
21020768417591202314384115418980000873854397670909498873439513105614754715077, 65887959196241495190859698664124128263763074433608174521222406079961891414874
25333576726626165324092134359818095486388579193508140531403862564568249920416, 43923295718485580915410547808380156394399253506286840687068008750537370531445
9550144180157536436386424336229607499008049569559837239345735694331945700491, 26387970144219274102759577687128559347455554617204711054322983482147793792411
14870501376225126185640799708954087594026285258440515536640928265025965480302, 50202135586903727887994506103856700836920823772554831544431028610121944662955
44891896034182881587771722158384050341966038416038688877855355000553562851219, 49198429524487549035976129826411319681190768250095473580906906335793123873049
32409598525519583618426012722975611114604159091511279960840881894738211145760, 70257155558741369835216868697106897163784464308272220437850905627950724833865
29725015201123948878840947170727260015062004790277385429317447781686626241092, 14719694939506067017695042612726192174706484646755030856211533283127403271256
27793618818272265603849871535045027677131093549480519300219788016412948312729, 31737915276844708006948040920745793531454292275244634660847817942870194878048
56362073959781914043125960802102176851294016455049466100849784781730388722966, 62368023534993929704241923560642570162294624015331473024849639331794383728611
45352482823157885892266858137531337854286399840729305133317961908281187657281, 40373380554356367532709251895137758991513778269443895533357014329409327281651
73204327458643009093636224489691863848988398026998857526171561825087187762936, 34160691398779256995535024900001147355766161947093622517802825001650890594500
9274695757763235728218256397046354260218541851924563420561935377402309273610, 13236723895786525595372705849247398275041701406447094725567241120714252645514
67425509841160303358982666383865863122097414061180397108093872074444449754684, 20919807576452680906682583546704799545373074748100036841236450270218700561828
26512067481930387157335275201768314526250579961852288037536679809257880040341, 54771996666001509255711181531811770101635816148385475750897017621522756202742
47917692794041936102828369613814240934101672099412395492300781558491422367662, 75103355939058355709347021778244833998888942084454690050574791266618145137007
47899034778202338100007634465021278687610669726914245215867688721973744485825, 15993616091826261219630514223497322053156680263453780280199962455147993721196
15350542684462306810516818790797063971419026326400426039181109926101674560263, 28481676029050977195929999098365376140016351164757367146870377304185438708944
26235212072374475059805602120583383912296517699594204083578821394618038141786, 3804413529175901951158066445524682926082600955427124493165262684899823548430
33119393289834315947587096982998759116968464709987635585148442376665549013942, 18230202501345143149782453604565532561895110038803310541089883647178275141479
63044261541052942060879121579169261895123788449885834752486985225454567398666, 466143907222420446062077052399946252882177074634095395309214391172454454242
58045858170284124709232887886768351727172119782559007531414145267416741509069, 13236350865397997089477583777822993218778931620769045502887774709129213208258
45864727572534918896193202691505091532656238992779729520612657667254233185588, 19859622952159011242622729411764980506730866278204940870762766359726632440694
37087070354900606514111446305737511862737107499632163380296093727119414079283, 61167680728371036663706888320160390445427560418702342885799203268303975384564
17302362115985695200775923514394231315604470836278190470291192529196371571054, 16183325574218449619659458788966599831963943864781426669356938436988680653311
10782627725605866479770290752593924473241362920131839159475218981296322216261, 49625783978886765432507725916462143507329186437811027840858221972712794497836
48553552616727595291323900312834773629170114012774267558647625040602663289637, 46890225777638763273442221678306598153181567315089753051013525312968382622852
20300962019783728162965370579394989474058183527012770035200406645430308283403, 37489515792985307724565846226551524200916459860699645045727434090638731875682
44596583388104405604477141058339412006681935999275696055784352916941081750098, 17468147000277319988031681322959252221738099051608241424737372117306229169946
59833747858258266131972590985398568622240414245439754207680309995391687559960, 39108893835312088903209779845264207340811616618914652258109411633401990764742
50782035942107444610460816326687295010284972019114043222625473527670384521154, 67528955639010446381581094764953269779757804024550947127079162555336427583616
6726554024661726021098737306194303342847859904569905769325721132140339707246, 63167771227749582503469859351611325343972745079114968939829454408894809393667
7760053975901886885364728478654963059309757631611797749135643040231484697271, 37401314613455091658350005792717968570697042654291303781459185111330806362423
53614209894604875615040640583356114515435292395310869109699232965237470593657, 50225646602477359687820030009159718313551503827521254102702043889863317213514
50180477290055030338505645010300394154622947923792281298226089258896886905385, 13168976938740812816576157258120846385665820240502433929263989415817116092731
5488928964246666368771537186941617216961248764182532015462222130500045774446, 64024057076909505016562189468445673254424567681917883656244798271070340853426
5832288956670397985598032541940649425830883199416182278019911749865287952794, 3681586495472998945651950187090251041924449268993407649962836765332841450583
55627443458270357578240700964142633016006276588461444605825366442688261331632, 70137058553853798501333886908140596069791387628270019670444246690074458458849
32260229535759133761199265422306333571066541118550497075484842202262127957174, 12550918740161233547549639626349839309785005786486837834806877443760694083155
31046932605463660333152393996165932679139545762235828714059876959050037255002, 17876133592222950132680071951374598900265686199726508286728765442514115502108
63253374292770488341953799134675624243920788976988127759731790680998569117300, 55324699110373030140610742650581188034182692398907343651104767546197896227159
46486539872879498665392292361980730406208562593756836920756016158667253587796, 40107058280542512035399209958091929845755512713332770705940513635598099657640
32311757177448172497375811142821233668616745097445100600612157578477212611658, 40632488063258542230112402528595843567311781333879037355636755314690298415549
68144447591635487580998612090904825197373038721233837615606253226667483694653, 74204562519911354480764667337237449853456860915958753849676912460483459158603
55087969898492332470038470551026135365112305887827514001016714875673609648047, 52760215918662559294909772634268076094682158470831529589302790995325457933399
13649574122416457732437219776333546450497046631864777415641545212269274585667, 72381349245486181778143085775539313364802963154914889478848415427555023222999
32746577795424820021518833484617831202195681745456470862577446539742677938423, 70555965084561236469634896837611431107368703777031675542097502446329128749970
74385777192521265853625494976671932251971540067236257261587697758457931416914, 25885181565638248896766114943685471753794973741171708438752902368933376232298
75049501926995118912070717001733052151549031190473567783065873488720387533488, 47635051863072220088243344607631895508141452004691486043421162231956494044058
59437361450517461612375371466590274992360229996456990003447845857726269405555, 18763475591263724088901803465775457791074704407015440895160009773587836167032
38236696520431182288638424845657775203546454421855602409794510274033113556067, 59561135432643435860992392898401415231373751733121859855472238067242778218050
22725769533445798933402530373442105791340412749465765848734895914191862937240, 12060828726421079132798324613134962483560823093995936570405199964950142815879
31276396373597339935087498620921963724506206007336312127737374041908986838877, 9519289535150359139572608531754205108414646143953113290250641972857908832781
58533586695831870417161674541706390898596177245247771131392748052522614232573, 25182818743901786052077889983848645450403536188680678600344457682596578139722
47895541056721931216840769713827270970760772784461114495704515460590432267807, 15138522663559502236110367726384768963818562757599880029280169826924371561288
25144568866546609982187075945249923854299757842674817409692189849910209602413, 629365454307608974728630620795434090171208026950739169781923119389765899449
49589490460993361754155008337437924144553199300476765197131158665536727655277, 54741658109082182072020691130392939507822149159626344577340390235320592695878
70098700736866890472659308275275644919271610357623809950194750566803843854899, 64108028266379069668546784999667916208001945435037860716658026698015083980579
25775635386829403898385915311335101389226591630344202598705504454312474607214, 57451738579122529043615474742733495341370260256976737891129734099374814893776
23494564251742690890021154646146552791414385569760208000330205706673256340527, 16141604143919607883208456179811179990775953984765255326902085090151637739363
73568127943185639894908751607998718282356289418295380436729250594066274062430, 18227505053509711233211436515460409237121269193460492009643309346966033460595
18325187680866094517791902399235859990985310608945009447318615023205301622711, 71462786668847940006543116340231261487990547743642997407136850529752179191830
24408666475924629106673687058430630231458484714445569047409643461439542535012, 15030416788572130367184598086518970347732102709765942246031931387675372164642
64567785398392022263649016518323184139358392513380597279460001446779810232817, 6337926295570876012875940089795861582200432696342136472040140294034526847456
7357961782998401937857850698909079040862409931281197375758194116676481389343, 60451771303308352937537085085730606679066187434554816092607499743711142774431
31967633867201604467706718420646462231348758008391759371405208740161082374004, 55841295442031023475288119206717632742183445020339163625169122765008308132495
42205814138568280223411807122716481652789014007590530895775121730892623414383, 24342468128549799890557603862534399183101365102884548499687211093898912547161
6337285468444449092953750657186450825454212170957382771217329096993141826359, 21691378272758621273042252874556414023149776473028292264208152362284099742752
3901824450851975647678713624540036204328753052785491201832429880673197348352, 47473976306892886747735318883848675792648140803747170488788937964903186711443
61439513993272771837158477873150616384422233980729750568360622069429802577062, 75444947313167043486115277626350409482487929691496680888815576034124928917704
36918197159764767834443656649858346789242904403225287923833171857307548641404, 70762825625634253753049531553792769803322287320564120596441103029277951300130
47835878662265471732355640268451951817891234020643882491631827282521038537652, 41810179741078413379496168294024589575705325962372960283760439212716082830209
53080034390908996974380317547416613349966779073351512543359159251526264354643, 69078635860464099382797983719975944698515727393853881057874910605831127608550
15380370573634511302421037024736867519633341708023495722990859030162111785378, 14768638966565551494972989096189193314334076132929371214032336705938748468025
13797280412898616504298088528779444503176725974821430565509309119772505232627, 14593907002214283022785879281329862709932447330777531586827840509638891062030
2823332106888958769918608766664835383553141632890348660519019238553205368432, 74587473575716000999309031150677483188526524712555652176171301998294825190744
12833514043433843835539451401309471163122799986012853801191840985590968103165, 58699915236680809745208379748928313236251579014321969546971057881244699813212
38794545372670960256822784827208118669736622822153144051379124928168391198971, 38161875420683906403027850081053442417510801504360937317844685339526826735282
33643125018344620894191262668854562911004590156953424248545970891668522809868, 6941555292496685931134209305143917922611879440039685275296489136535434942140
45067871789986148729570935529780895660966823167456049509223396815150939935902, 31851760291477583204950589865847332803743047863309428351320802369500363891672
61854338342182527426894791927994672133154566660683270342317284544728832625805, 17108784303446809646023366752054583345327394318525372622866577969650158664807
9031741763321519385333942067939186166889686908414990301516460782642673942865, 2303565463147303824557840176370199889554017661060233278544660262097482463284
30287585906235159224592611073705342377978923721167187311585940462025950656056, 4003228087306171114871696692511168308951667664101495509690323131968096408498
12159297904655615790465183534984269686459707756609386778319566973368860097926, 63064239768690834139973972282399442396549169103109717739246153443658159635031
19329981105975784759839894271434433127830192899497947370996269753747611750720, 73100352456313734561389855016181258986182104740784463713398414585153091907368
61887447840362712676326618402543538826317522091850792744049435250407352318218, 13752395902949118969563680663128704082368220289050691145684828697381810400127
49496211427363483454406711837892766302473201824795033213784849538806133673895, 59648334738653419260740512206846116412125218148475063876610680824882534260093
47102142631460231550303540462840009546390795858161056965213578786887278599672, 25213102060726555811592935239078697656619362166258371402692612240490619435536
17160306117136812247168627258921470857595511609606311556597971216697884347819, 13705087230627566158792068441476227549933462865307043559238048874561083701689
68696611611798146540320948456762026470552392529573707744969608058858437306069, 45514089854359204108050969028942206855843601148978805803643346821167647569453
39777514810030504692085635782557653855830913655922228916562034555347420060202, 17019022510828760245854923709137381537358186244142651024784235006130071227677
51854416950538401902056610934135299883032796317461755467330318934647540690603, 30926213931444780293317062995154808994695287387095603902987719045708641912324
56603584708736421130952055019840024206103978103136384649539827740972145403180, 32055953727521694125683286694684458092775642137764478995381346295094392943745
5521490062060200255683259066534212269411573413412051538293218939788742195516, 73891085388912572676696626794273910206274532804770196259741102270734039669729
66721664844330040126443228684375945512283826128628683784071486542528284075188, 66248667775129457143173759440255885079329094466558130385491563997032574946279
1768752325957369589325431085859538086325436039781403799892428048700761540489, 5105554363571481500604820828221831134011565219100007109876675715247775029673
23015291397568650681075443095292334806980379144781690774953586248020111342149, 8215444280796639771446964251594206696956457071564754165104172027030826598529
33905585505701201883752439620322883331904684734316786579198874403050847162934, 68944445112263795317335497222444847503978755473752712531599846250114374237936
19981305718393112515611958801086611405512647090726964153578222323591141152405, 36301619849917646681038956013223689719875538085031493693197383705911198728088
46020025989070590132388845069784625531861727954179597359089005977539567074525, 62778936786932345948884111998530108136044838319445750881494409783050686024601
10579058073709136055342106371885077879488118926145243182609043241679696719104, 7500174169902820717996265077011997098364626341426034748381485436022858994813
41550059889882083226393423357325415770303808443390360148131186547541587401593, 64292904537801217447356221596160095297255233343345291557442895326802568099921
26450152591106770031743722216140488807076298994911438262680914443313655091105, 66755698955807271574119821400967360881676895717092353228011574428603387794964
27689050405383422174908500816779440903815760318248691003949335516284674460654, 48461250121725222085498204595607664751204319310712197649643001838711194107590
71623440942898630962938335872648533995391242104344773537248835922210338025777, 5631910493629489929034886201386636292678526523907152536136300600768028709314
8016886771395629670992589775062729090886618098448993309294263243756290518476, 61403509024647192076790022806452366636873910482794722316757855284347190990904
2279387818479213474631448157424594848135281606022837666255550365813913874407, 51490794922589164998687499675946031664654905626925728940278620711485122654375
24508432748448269014797907461338476293265496891539339448654755471035274263148, 50552149836119153931564658554336862317944666960215394667638228061642667744527
34422504287377054284294550019644891429246854864838200388538018538457450375162, 61199974769564399342985074936596433316664597432104630941850068109211762602156
43843580597705419542159719576464688016024590555825472058626062107480705665371, 5719978489503449285956563715580817946069351151394459472315356515130975654551
21820535925446456455769698857903956310180717921841966165425564279662224332994, 3518537456046760610484663192475999363116807181258640030296165872993580961913
57971368224583405151940143729758648430629903423148346815095633534765666418207, 37797669824999359665551590079251357439087387722906979656506620589085226600005
19567238118524298163516993312592599296313086920443260917055421870905107156646, 76484347943335995995063917908528756183978277508070022168731030485807947495843
49904278360831592932128500494838173552163599710769430400508666057478000705713, 75323192874791214681966986571946659769628772659077340996267142217181297307194
10025568494802785129928176031776709474368191735778098549772623137978493378558, 32639634171909450627908178775731148400654113694363238660386535390542391929526
14039814237766106501015235156627168008476684931323713026510115028042024013156, 60099984609428179828317066645517094556536166820172680263074159403165919530788
30812768571297787440080269473727592778907538428123930689598957674128714754044, 46821075775624142820037265457319831913442405372102926179814573187224108250255
75660775889189024874368293108868784185802094094628214774672780402845634402515, 74960261793673394544749202420347815864264885572381893677724342747513625359867
3529232770773096126892684720062743879522408107553835426453203612800953504439, 14675776197313586061685109071187722171778825063306127616781970662578569828924
28655789562542095742052589782815043155361048877115108968470986709538107519042, 70800992745028320856020317404085432656908267382602607887096066486037495473792
38417118664227986843565554169613654567251322201139552434563756720453569112672, 76157619394837720819431680651271165183700545027828066152897024500021935573400
53805256684032326051777889102311013822073740819749598033217010019261507522750, 229928079554600793403274600829491381925161825437350034812390618126922543480
20049145710829813872114240355277957685117130108725668363792428917283021935635, 50708804013961241639422971978193418075430736624072626599794209155110462014459
26401611715847332124504917311941697361662360149566758871231025729625010234159, 29612629376154216112547054215484242761536998141479094673265291931674738716480
42068941725707758636700158970580925339289567624387487722052604033890439377509, 6647468982781729809187366283129857600861667098267123629145029889025534672771
62792980964488353941604275739993396435443239837537137341846539645281510869910, 53172332441445191394207627942036185695409406546685397752342711341665764672269
4329592909915500307213114307973133594209421111879441955267073339925158663036, 42251446774329291971021455926339969204102766173929850064205085432271364577093
2388471216947120795464858939990523400879093135597128867843386437332168762438, 486395529547189561619791968203489217599234909049257380426635860086600909385
53806296229365960478530674503160197252783620442059719719390660113807354644744, 27921435038865447958918592715428904930081793073682499661026935820518615686354
75380891526173706275223642654747431301114743440481077196799551216370378106849, 41939823609168961692610835711607157688484590900255376867661092842650816078371
65996696710483684935255087256154096380052978386236523076980769931068814992637, 70550951936138688966613289931272820369511423161613695387227541245961089064347
35649731547194204571822961412915603455532154741387683321287831330779423586264, 15572214694920122653106078455266783186140268097965155079653618954820215509494
28399723702213921833919624926274841120819020703810113610129353113261749727465, 31768470260478545658585680172182857960029282758133527763665200752334128773094
8810196954453864926615699202963676011143429923966057958310520830134210888475, 65533099607521934128633538810235521165072758634645999552253652432001136886058
36520201033072891350830729644761681999434287479560010133637692328688851446567, 64960342196900147404991024220624472564651404699016313171566999474732372250192
55843557967042674562162863900091916683968116518450001436218255452005128484801, 68855482275313926388193097509759904147012460616456071356988286909729756298450
789720123606887554511338558641584515860134897273624252862569915726829059676, 4991096332344624881462906158627848293380765296093113800612220502813895095733
74354373442280281996538994019913787360070264269868522613311825272259302483903, 34251966870716112102011193228859651345924177711948023238032803018822131592771
50011897441540840575412351174454430911091641999487044860377323167842088772249, 36691746526621664970817894107259592761800810980519127643383268273170486331428
53169977793473786504865252629170438982285326103977385936555031098803996311088, 44494925445563460395749614137907166187646007419621622790314084983534331153324
11845212230902513309282797701684401182899299211706936272759131968607099644583, 72011307580095276638989034334328985837959767558447833380063935006756782687191
4047164615843616306192067523504806332995142522248650940095092675346894190605, 55067978704509084726258086236431794818241734543901322232972664075743926744695
61883979709957346979842334155389585413848111580579652527071097881757885723522, 74510138749418250014191177695353194750793523028162109999770099311435509455040
21731647261803518645379397774601098370364913220842572795937313484877898191442, 68016188267766907411649825724419468942451622840446464529501528627373917526619
26224159618391093004328318834624356468819719351442888825109168285590029722910, 51610786546236374612575870893806662018713539561322975799127162810040432295704
67480183804835783067385977789977919799269031900363090479082811666697106050289, 47217000114890041098316126588653625916790343810007852125495307080491631216855
22329413892779095440147793515952677558555969601414411566553598131842836366406, 38504776095871654614924298552538949475258107360724549068150584683107812904949
69817276831484336646583739856726502941501575675397750580411014460552585808435, 68189428926022030152866563720039826852655082823799294184576203548734301773223
59126376952128087314398807576867088690924074279808989594652616922776150417109, 30387955446049764092735969762715467202361887169704646951970988288962994730359
57678777110432553882281616644197362427030340527914662342896954194533837119160, 69544918803530333339063907296983931843989378088352258364824535610816455549828
16852711989123011039367999646762182917035094038113083621882477660305572844168, 76793603983406499983078796752898199286036840664749157775756315651646714126327
64467901521103003227757724792304766432723094352391372634543060898040270799847, 34124524177549252862425948564094506700027419657372762342990100117232339725926
68733550165758572285713424799143815190324779558882780019373310216063699648591, 54877198980664712263608666063184544438191400848095416515576271697657001442438
37301664514080061339761130218762927437263551626475301027169275353562393503271, 67838682475856315410899568651606965331517356071536348232331999715256078675480
67357805893488691863975909602699101252697789053797393268143546221719251152686, 37577816736853914788866312874794214597188881007186976539359687422079701471432
51867230340446496054638966975951967909674358919572539890640068008275629386843, 32354869508245352759854466736107492470513421376751275799789263832766067721837
4768997904597232605190423223552037115973149387962391574240361648550177155271, 56647673442895969536538735308443150115470193758200324739271710185184058390191
69842111398025974012025508548114307774172092149295989209039700308641948253135, 57215777590605724560669245291110061687652122204893643163196201913780484685552
54202541071529679284596377305405074964420341695142278443474447033434498849601, 23065985624311388957526894133150228523933095513712216499200120466148961341184
9857407808665484060056303031547447663027988509355451098690014119427194816023, 74525326193671205986504621280840953300947846536472022952923503610806392573392
53745898519535745525554734174663637534931760508108098527604970275993671137938, 35055295505274964892349193147565486347561165489135285930846547526086597411135
76030334368882085442748408867715588418844846703553203649461624268373019059462, 52291765272391096910386058138818780333582405148273570556277179100647731417956
25008394571275875847575658711551864526080048546601989002772054958245870004583, 68861711809130846266178171509747913687589126672207298977928392875495180336263
35465706542220792361780993147718313726894665977788918832298898012920902911775, 10056140697334530284217962885926807916881839386204267620572076206892440929171
1443266915719968722819575031410543241344974260072481092775128273296433106406, 41222004118180321104662504612598671199611037784386211399016386475574178176007
70542046930659835688736215461299272235763470024284302136444765709766487994538, 53722794481419297952294466185171902137401554586356569109014649714734922370237
60151978842568610589025825410753511709309851273400303483285516116317340310304, 16270684845473019977301290541678609788830264312529126833564386976746660457192
62848401391857418172939508142617473141878450649745299722446611566400386900397, 1860461523536661737768537960209880958195780369395790101548677645696113954867
