Elliptic Curve: brainpoolP256r1
Field Prime: 76884956397045344220809746629001649093037950200943055203735601445031516197751
Base Point: (63243729749562333355292243550312970334778175571054726587095381623627144114786, 38218615093753523893122277964030810387585405539772602581557831887485717997975)
Polynomial Degree: 7
Polynomial Coefficients: [12, 35, 61, 56, 60, 21, 36, 49]
Public Key: (69376721675510070804673168048909131012024777315141302063501966317464009801169, 20627807694517759570285721739978352466288795381328854201953906317057702522766)
4002311606732300558162926977844821738185606468049942829075514034365715830483, 13100137515371975401471331547258625470588060731667616974198961479633238542312
17970323130226178327780119847974768835549117398782274814313376530584031942219, 64972147001554506431330800575463745464070931957849889117397180636360855659152
61227255524331302176331676071510279539054606770427017350709368047393880783048, 53474988916203741689714691840814269468365150000006256270759436336938730724084
46633071926944824103357793840309014054984161774255140759541042252675434074807, 54912935267179701171202969652338162907915867851323018787244557361908431735065
55457215031902893755343852848707032783786896227030062913752455839151427784767, 40230505017536433926020552471342433450255971013123306006859422606614300890502
75960570073201382590038032895214284121989365655560437030735455935539038564293, 17960405621414963654737531198805852220201000517286077758820789248898560868392
54728495638409432027675148604641757974276168316043820462321483643575352427382, 58760621473705007455736007895163352144783894455066789062584497889845483250075
35355214948560682012423482294263600935475143937503674443044031523174437269314, 51813292953710058358464378188881021675537504810129008527682527822232652529370
49837372100403988684990002199820409559320903025884908020244142632405188217404, 39252289159729191430672371574983418538326991806440217969743434256108369661946
39837971646542927959297063453944655590816682227886024858908313607672988901887, 19027394628349362580131650309790350860462853620061128986898904070930375613087
5875882139887285714387535508427728364954772378956155511193698995594708212980, 4709477396815321381132210358248968390202221514855980196910428404820160560928
71711859088784906760992043688895993633235218289206478700362924988312854816691, 72742107800320114101813282845737344306543628457838797788805122913460790534215
9515761941792163489942598265947604821062163707212042751349709901763172444413, 58937156284220084329994855570486656564824869886997216443893838290236649321234
2052322126024533426299553959402710870697264532926885215295339442233214428933, 12434244827903259713737697137731388459057837411443267157626619867192831904147
59533588684639969996938819671036949256966357034426007885352588826614626113215, 29285010360951773711731073380189255561811208603352937842206891109672211661789
53229278374494772946039306717020267840680725512418015490614974283048445732607, 46431675552474956488698525267406750631560090418515974551828511867680080741548
6587216617104381871265934114364386006471682982246437341446152173316557994603, 13687921928430592860934618125974234546470888455180738292662253343485591798420
26784027792135423459311315297056732348854077092161009969917344572016669979611, 4592769561796383906958976071720519177135188196462215688360875024799887792437
70400794779661113007548801073681361556332467355531594748793220971835820887338, 33103009591879380371690120047027384220734090614648709579228420335706319890107
10076247848358780958612449931411253041741356413639738954807077980223909052958, 20913815479783019087900913748010241578531423341716326231796930856805335396262
40161372543389894127454294862214756597399207951198001670572444989281071378719, 6305018620252617102875496321700841796870572266119647035149151519486754873229
64762478911300667820370417508629103368015536213541452787073053054134081983844, 36407694423661584871487544880840670320698597988436777216404628440174545857418
22375725149540463870229485245935831994017518357002665209276943713735318740364, 26704451219315813459028954955143823198936107883501598283961383079291838947300
56705698116341676918911256862958762965271127081252980559369134759982414856643, 2029905309932403048332568345435000629137089069039389674800834127284006243111
65240762057771624565814620780413974556868607985689504421683226484085528928694, 37867765434284732791007274698905556227242167004894535800139211307370041825392
33073768939556129617276169362983974337520194350350422244172049489758345494894, 39994314320602190717559218913181252663540885036253327191777076904542904195806
1974033743902728695008307331565874537848159572387734325458700498079196364950, 1152019945923708329185139277592235785672379368159793300961519150796286904094
34138766913645807532736794022356656842959280639201502591739121893007071472955, 8663728113827106691166670505502935562935721677075022669825016844439701978082
14393691175051678559273692256633662752866069815978023836939531460563384552403, 59541053950472447152643545804333517991847066012450348771971855038015398708732
39542297403957664904134702953943324322506831981348763448591678292323189398657, 50422145229927172306158032235173417618145358253391057470774185719566468226792
48418469942451487294100023022021054167051675217950503856666004562555581647286, 41741695685599383236448842406993268612377573287634854331755272289673248354114
18662426008217660716417560656584098826511317090528023706579622333974305611340, 30970451772955324513320968546363517833847309182398826896251645881717691382196
72091756409638412948638067755329999866051347784841776591394070368405592217047, 18979692537381301515665378850647755730054896683061221174845948870331325930604
74665929060402690552296349280868617647267596920383280139245533168767098502208, 43532553466599059452995131440571751711216999410806271954161291117298816717281
5409658991785560486118034647591035573780468966778453979023159289711150096650, 52863317445621799376542295420231434332236582848432825660866200386157676723774
10383260555083077260818681971796962474123831601968077372051668207266833934155, 5992787266423281864922700426091951199496151397691721022516541267391331861927
61160571034988282243257180720399976860365543195665182065148895615738465905218, 30602674684547483663540348238471481478879285906075566111154464383281545970431
17421476679876107034457765672086467633614901947511057435624626715233159413466, 13873066861179863653456792458962977602136642617956096484039322410690406817483
57598709791367762213789951467513125633184524283401634099361337746578076389651, 42642005523558335395767156023256463369979419136318252147931211928360207443530
54472590042943829274492878380304783459350365742873104812393768026217781760253, 13358546848719536057746643062019418825749293558666376082786004956805387811163
66109811970890233544497266276208474620663122944722230622180008332698530501373, 11069122186967696339619209050038306076759278984869154956179962184692396044454
10579841506919591740353802592775892640541355436780719401886064173345456707471, 46500290400503729187048261027512499924907153337301987822031726348886105878947
65264662318347073963434910866226149004472719202762538741863903310659333454040, 2783499727480046636375821347472185770936219261310677429424733750768809764176
39462659471239899315927023682490482545723243408283980667707984618285359852783, 28594848427067780803451937623024099740641001619470031791830373137999230600242
45474053434164411077387558554156065354951040570928440121313106320393514734751, 12583842022734557303614306608422279751437732366572394813243502516706502039268
41448801980979030796456662463579472081621445547252766234477490757821254217578, 25254947433951145776880903153464196405583676404872594998321431149371823198669
757624587258194640161340533577595006429148179457379229491839435313143212161, 31568335891526906593484728584149305760508926458011166083052761407167888376480
27312731136549292873347854683179819583877087463299639150801708343094777388202, 5915743937303469247871171113233906849927349674332884484975623360628421240254
36335226874460306664084654731069930585986269585158623561762737407714753002658, 2883547999772852494231067151274867784817324144480542128515128499836664636088
75952189547267620064825584569690220151591454900973299419886858536383692136489, 602428131101249132193189532947211891055251931429451654717562768434247491279
52358708318529430052349497540869623494397090805262241786730336908297314246351, 70151848270101941260878138144866478880928797039066654666125364669735366225705
9548244372814307043555080325076547411462530075063490990797016263541820900076, 72889286929230319278985643623231890097662780254343736571015626236302436591852
44127661318056841371584452546323611596560553140775655707160510017122401710638, 24133173367355325814368137734677938128009735080824434650743705725832791032853
30487773510690223287842151663937180244772554038485754696806206832654387984565, 31017571187701809258685866930466927839175351778779880314184306092730836493188
35396450788221073044893261432227993798746168634343255216946749875767308547255, 42572122132375041153425779704436836075015073135704645615070923667411058278896
13186291179324182018840698669782451315215640739992968752850000353294335443623, 54730360441367525802199491467374799117875145816555111805192689215306612972919
41351852968628251384434676999850124266770959417615569938173262985723707221725, 39919991866171306752235827207046818341860186195248637983137674621359128424604
39720491374612481640220392572210024464214549630471012201887175537466000321382, 62216109301980834835355362393277413311400398009861618271718194532429751581412
24475636173369016544206771693995681163906383714818888260773897940164748505831, 75499025776196590635348704557968580374462399760175518557846905274942787360660
4440242051947688971618567898627519398136362987685749317984876698216313818692, 50172893853173901408028121398841115964740277407109269031100584849772491364959
580809540704752363348615505554909681314186567407534705014854104702034006991, 4498682455410368177008868490226657126201222574712169054937461999817252415526
65606877955527743501314441443086048719979794831501839531300432257523530468358, 29049231915594988022834665009512421511250065189104654860116872378307509724743
51196129252530695776828043663983086916519661085153644821085582272378248154638, 40932471646677761053750303231826948821758798554435628253662753811858748730723
17166822055740402221310755199063408431543021882316454443281679707860007789060, 29660960375789122327895601561925000023775436269581312463876162794638988910639
31909684096870710128201640687024325323890386445194035019990119010959141466486, 47511756919735698798509359651570747559410897960508794264523852963363922336460
48346509848628451472271810859105705398432806027061691435443582385416003077762, 59366763288334796186038180936238813625367866474998484439703927507605367316406
72805043093318005224149641057779355934222618706357619906800528230925709408831, 45344968056658512474769127755685953430309731472339778593648941349081907999811
39650511166046194469433214030755281711048451456715427900092291997293836896259, 73795613863268223067875645741553159212025663083022926131221625160781876235183
18643491399442717261081406791020068821190060137154408327314762264087230453941, 6866975952598301741449575082896950595340543319069570535358326190704691237086
3385552454505712340036805773085293615242235758262889279980333119923409022653, 57103443001208524491138909719496536406716997129422434895061781673118082271439
64651929284260617897311177311941827446758877064665784166120312878479358056497, 69656614739119421031643599961225876295825668366023895836028092699547948927003
30870039647200430928298453199460704860151240726336727484804112854953995158988, 44463349246661566824618596731337294390049980510153641086084804444518424734794
31652703639313891786420228293610404463391236976424461421617827482984598057498, 54568660461353406362542822772572142425006164572250680341561339622293754913598
16214378122076760110943159225709931077581773312922322835516964193354705226313, 76188153810168824542799827854658505030164902703604235653218277980226530263010
5829484209015605474594440320398182921353580490202748637304863883025412255779, 62447406806102805090996518817587835330154503400290320225058197164064538895863
45615669045798906678979383965272084161006584228237460675252396852635872069304, 57503801065890754924852729897969124435841590438432507255594885259194684841417
22062666592963634831811401692097772729634371225189789576901222143832065416095, 54913305981583670677867072473055631720022285799711792457427111643414385052899
48232351013027295374924647571301367211887966940700135488593447804815878328749, 17125916607741754360415073443466081220271059320594067805497848423533919633243
72712753517855248551219033043995816324769213411914314586270031864162562195199, 71347773912455231111408271947844111197005183527430260696636570016187715142087
54004958459563165386952541836587269615744385421489984072016037166772298054447, 23173700294832591608050956963226106160120250013223623508405652687964991852544
46181527940156152299770242080138363974118285410249020285867546185965553864991, 5814790545996030752355819326330734340168104881069423249929919868449809870159
56583873345090201038659510467367809867492962466952401759326110964379916824844, 33342122263501784019654290634147278369573584305003602403732104394758154426142
16374586970475083342724077148774776093337815929735293093289942418400502676874, 56580006468403016611912350543579897553586689649563807746395188244058394717332
59450494202149218336601711712938217858303584825458592600765287347322494716994, 41595452056856892309453750853371835395338810268335662277848522950951491269508
59440201026549740745724717650586274275372397325969800145325527904638710886474, 50197552763905944110401043129363388188128596905885734169162398869172388418893
61456467129123340669754453824027471692595493148854138821250994004611708812980, 774531595620905387274157938529043364079481476698365213282997261548879246263
65302910738782476020151891096284644609228349801504412031840401072717311939455, 64988797535782231709465136484026315293050263693273750533124414688218164743190
31380099404237702628178337991242940088930080264921978777630741310150885929535, 29967613186844436869982686553203090282001123425821962203974876725351520956680
43901839528283599405134903444052191371266787537268308665238166966783077716761, 56175129006962586344785376322512694912754064573694498478130819817562493265406
61390853724510063245613276750065650863811253517038304147233712099388778787030, 25447854843607453444359256634530339835685564277202271753534839927500108878784
15821933535326051637988166615315170840115214014886406308458184438347449814569, 40878140413301925720459872779049959651301895656545339997940037230031886976839
25965346591594085891114954335269393636466471736262026745719733753884132525046, 30886069750165541117801851428783414484609681862474379797823167366202194532374
25127292325422564536835274687486902621297202273797887201572443320909639217995, 60532253883360924343747959320722277431790500628229977427142395727530961818723
19706261424151760850127951138952687033939728062760258775101108318679237356517, 1246837155375701720932481364940340623792228020103751787835409929033700168063
56053326290675469925603245533015050057115188308403982628087741169216800163805, 12453113282076961695280103397744898365332074171619659499948013095031037239375
6010366694497557102552153869898907219475077536380307979466387164650491878045, 770661628020588791476440446961346171309074119743065471619622129820640595283
14501394128590121541744582947957835511793385560043212763672185426357427713050, 41911934137612141555777527889450573740312515430946483358616686589339275738030
60371952498812742342171812895196385408860427932286145751404379659898506033321, 43649450704886419126369482193561427360571068807326549547495271008314480865779
9486616416078745073410570136246666524930847872003250980717791251799432754445, 30800990913146583184292558769310119338829513095026176186823583475684903130531
67286912053772939484095714588737928784728627693861123782557621763167315564777, 31000078567835218845033168082148383643877071630899091620699933444502981050266
52014942338493764497994663679303779467526253217276831687236913469062044133070, 55097608387870020435165130775747517149764531311352968806631081636560876170437
76594444853485526186568456585919012885982994822207173798901562232524697243228, 28010617149851765131640469676320265475144875059455256542732810530671669591637
11198682912210141563554776820081118105862875739915559314811103609359690091710, 26455996436029109218573735119101246327817105649912201861510435472748415208733
42423677515951398535823861566390156205998874701254687796983205023016537550276, 43346382420652913648600774594053444901294359714057149628388918999782923618526
18400828393141095142241572804205542234232841444297401183245335390327962545485, 26693885179902902985146992510287365757540790255461787851491976054799247148682
66419460262854314586616729174407573156710773501588787353232133587993358999221, 71571503830044128985432482164214243659603523348130251378117464452174063120555
60330848553474542923706949601935738006153274564030241631263295867771417707689, 42246114365927766849817782535885917735698649076492076909997993549958151866994
8746512614148075063372204438864109150729715850145373855148914163007540548936, 49214218546500803311749581020418327161974447838234723173520070465419415037345
32385245057835552380037620985310238146921692980865010174473444813219388590362, 20926554568821585721185572400261478744302489334881977993817621620084140660465
67946157825759056235125371322234796144505710417493802504548040586681920338909, 21017119941417528742711940140294772665475830563178464942487803921781836104220
66559114890441425354561921363174117434457913001077398266427322071270440905974, 45225164492402409539772900025238143582265553200432477781190443757406251510061
8295772604073597195913780285609887295188651982616696649691788295483709881485, 48938016624534957861284879624074430557753042685691310238730305544663039013148
27576536370040076885211460028667806225098972704243409506615381333623026903945, 5247052532167245652681999877054994323180841195052474691582325868711995581508
45393011597746881432524640008813176387183724581058740178163755853728683154630, 22791802801803305558448624807543027973711742374486618467667327851898918463694
25962997642898336216948877089779526819845550785531157556647425833026906446781, 7470244571931051676031219445857399776134049832065233192064222709933150962100
43703980509299671728491227141662076377371176881040621471805521321704101226578, 16694140768467584333153228605249056179169435728962721539223602163648727287102
8990915111825608111355174242734532724245571610104282532390458087291244255872, 42200050243769889107565997133230381890140749895664817828321772057319027718595
25804619976619731277995299737686490924728781457878761941581258103392222505582, 15293089182154730963015367945970568587310036609768512191345071299926894325467
59357067422889348597822452397493915060477909207847243305825434491780616250771, 56257841024845140737538451946231118001130276903855110174400579330560927210404
35417248267493771872704142155965284692877813434518256260102032599345322804070, 3943704962253817749199118244816257115661911798838259895094282979559375111952
35844309233722579591257526701370140544787404495019269103651334383552176903075, 27257539048984587531215998708203811858404912869256946186756621836553176230101
69009596091339461411401367526581075530261794288772416508504545740132685216454, 59332654830767968593085002073586788200626874147218798996904104308432624127516
11592437758011182698840691803768099861659842561058217595946930664452494013728, 632460802973039165442179244000871303499507341036341167306249263271537133509
22616950445715705669510356301771604921811846592802360859897299856773524458960, 43712092176791396254861215677475311093254164224861569188087436025880752926562
48231265974645012732468983516481559030196480227508209737734607137346549407599, 2621088661388277398409907548291724436171263615888256393008888152654260089120
49739873365324397551033751352156203746855929637390462967248200173064935311171, 20390692717301863885502177614944844750873099394552075677213827050152235545228
59951732815598799609094347616638186796145663733181805753326553099199782117858, 1429005902238745621726713370678376866662483412652493448883962888409067189684
2658555557839291866214586843052528046019290194572444694879055053164476166509, 63652501991828195335311951786343293117886526456282600220715809826168101871476
64064120139622944354582780174003045124567384699376585242826082338876637728233, 22418382894984698190108476802162286253771595607112003696681576565339386098288
71487550348910318287417435942415549322404598213855630298215619785728092068342, 27907002889704051091179337031966589106775421423241332140897888614177154265167
18569224857328116984240167707024219073545505957901628632869154848754864997698, 38747130266894889822145493685440655223735100766386746334828228799805289147644
68501731763257525973821609895991784685988715462050716139087797316046819681224, 59515007475079417273125369913426070377943264337441761624131347946156757607591
25083443647011441519869420372305791671282975965484039117031840045595544786179, 26814932320549470699066930237630434654152985399966869558358167513277604910023
61301729125957789228509215512460978157229850320284476359588513740417956658844, 6141925816582806355700926547904470705529571489344970804760137355356174869988
30024634991947501140502531991250164560859740620221328624173167889699374226914, 70459693617114676851082568489320966972928405219072524565847785085903175631992
61682774681636525140331588940797380731396562922290840504500326336874706249010, 34536050837379936687564913982147738516376651838280617930696252974891130793599
34283260029920638940093156284145445619230529180421173680791003141668772259495, 48010565538595182759702232170231669055673699623982293149610107884203573405138
21411460386705810604427451982281066222824434566709812819745251182053098437886, 63906857740760411926202562653436790391285982766259489436395255638043410829952
7712052642813829513199787314009348477682957133770407121745752225369013090496, 58151038376291855727265442512718028928475682023888874356455902548656988007471
10184157544334341946944762932407756134786139422127553462223354760752318755411, 76461045294585769371495762984566554540777439686953815182832964464656464447502
24660831768580188832108642435097065285308390335212438355449081143307582746634, 25948628343418895382279090575422872121271692239255797985800898589156657395466
7299663672478663105897606626140463787093885665948896897370289792881788925991, 62255593302830875496412651070619610163525556003966947537018610705538200917696
9701396569684269919600607271785728587285670525350007388407325499392724032406, 28921731318658093803565661590550652296587040302160588261717041654424904245224
16690985777711072257997864261297469808732564604333639512802103786597873138016, 31378368534070246299626424407818046001718565652995239819642770210698511748758
11474145875185937958101195502321584112262040394606642281963144725872683426255, 47702805938990183038306967955500126563822531964999383788690293376194706770263
69332782825915409418440842503288131818795553149522089618017944269485125985075, 57135169956444884338647577177437251885049932205032116728837752399811075347802
58135690280295663836527439025321574868129423491621921348915535148776876685977, 65106044694037811909795707364628814341572160442761708797329917479068422768352
29728285089024372627599601626954449223793037084390309409376519061236367965438, 76048785929103344639483805286026504121806846455259467042492901411737088723031
11090695718848616669583560812046190448679686447767970611505594694048749873408, 64170495403784542908916872471823070692345271967723484582324026594816601910660
55854485224420907562183230835896780588023542132161179612135556299889655375337, 63097493395227020439205360340515954219713698637973107613408710971277188368859
44492758799693431779062939449997047234554856976758445419222834896879972008449, 20677772847977514345286611402656261589258621803566579804615915602048695626180
30394269979343097626648745357428810953176416137062728162831764855204599980161, 47409200104300592996246965196028191348326919518604721775652342471351496482185
6047092414005806605200803574796388797281918997290608976606434373486888315874, 1024270246782234637801239473351228478554482076083537663779383459849459380542
72066606321530423807634106303476633489520804171500383904036184177004999982896, 8796952234623173951154848198465669313147279729547327993064870431969937770329
38821700220124080533824926375545684621525764983772681763712413937038811218835, 52982939484937625545507441994760395148895948175643567382955802715162165561552
47203622844134338670590427590686835719394125454620370334226534429470109194708, 3101740356810980920760359065405929660732124295635957101590452731353530691934
20200433916466292759360673317635453754709024195417872061090926936972450620464, 3941759817728552192791225352124115672032773314583655098921008600178109293121
19965305844664316868372530886717543995187936856128493355645907457331730055054, 8856300172029393609815783822657030126399467511847800059984855670544235488188
53911923221366705911468608493985280091968329780079197464640439863808323005439, 34847447009938629767674702012113794514924649110570506312713199110027904869971
24965181525849667897072086701332759567409509513208106690356743315185447960191, 53947718380494418947348650057302724343971819994091039826863064955970029003773
50912637665151812133890777867368074527885722741048808601432008778117267578277, 57497990252217328653507283606474462697333646073943253229873536246724483478590
53094953469408506471925075765576641519201024495819962914352252113267752202961, 16587671832698240673208618316790735405176883103299929514412952721076400405575
59519021587325624498502865537751104352847918581949750267428233483693836073868, 36526457224683673764246718726119417877768626224956273271513098976660198051735
38206094068029757871585475271416344703552036689564310234957392559118516530177, 61720372550428098949082152612260148100801330551094841363480992888185554158722
58731396820756594967384698153033406573123687729950611408189982181701356150843, 40106929606633688195481590478625036402940008726297461207383183008153447859250
67116346617324391720242539745088238238885773158369616649316341939046905093019, 23424397279887070959117965416262239770530438709008997498023055282225691038247
9828247522279191669298490661966031229046516335101570373865248050232426936826, 20006713726906358810848705516723918889438241254064493111480389103424808076134
6540531019637528991819536238968410825831857730846836079007375473161060141248, 62240765476170995322545538566908808146099566154601952784951702304029336410007
73822893878964337563000111177618659016707065985593491816854802726348899710833, 56704377180548867133187800826290680041475238165188094817952868055641343598263
55332087568400776262722227178442947532750429871068688530865468165638156231627, 10724083620305079888486259444598408045568162323162933775580592198163792092718
10422987806690398341835626913914982017504772817476042254666871290924939964837, 49197599212733911797729359461240063619609533764179547580632150767353387811973
35055121465988857258240408706354181443609691699345283296930491326342618593246, 4781735682317028078061527494224008899896447483066357451279095710750105885898
45465593203834950874414340201747107757502622084399159846753670263232457488467, 75709437951274724399573239945779397809702614344488806883876017858175234846942
49768788360444877083751149466066099184897820733650193349942143933499078175036, 63662854614529164712459291341805685308038165791850938475118865398127064655292
40215575153480693808570323081118106226577329815080011522381358361910989492163, 47225382862107812374700530912263859910908362144376715006298526085677671614030
41184790778491147730837092588240872345202754495876156934086178734904574957054, 15711295090426327723171758135269399681973494589061545177972375068397134089471
64568083510436537407741058805256656409445350445327751926764164659337549249906, 40660418494284961101844147287946028296948400206236067041488915244753274794240
64044955568260987708412598188421509486646668239164967894114559923481968180707, 3248808065376287097529711163824445032082889498236844922886561939361205816378
10927983306143658041368549038783643591983029107517359360661275457083231190795, 18697619566583261952181593953960417485889334177435146805554030648953859235043
5017188470707447330386449258673205246140177518081188781958916981883621691285, 18728238599124658426754985050973715778958326461534341729193899823304834449875
51304117664314914936463678013990358141000189147247875694157368931691054215470, 75849837679585234078957448386267906346472107792930526158717161080609240090872
21778191975271694038077360901619221629503554215032921854645157059951502228451, 66987969428295731921086923483912031837117184733033223639461683959383865832769
28806730874722137096424174697865382841901960060114503474196350603821253558262, 67375286870966992125891457063881682419806744663114996836940155400186984541945
9012926541082790600518614454354602315332828462540019021264364973753450977579, 15256425669971627230462044523559521937415406374461745265613204214425338191924
67343567839380982661344684621264787439655417537803744435298613958626647999697, 46335498023725665048934435676042137765273837581517159367358516754468248943943
27795185602975960014654932816474445197407735043469960213280428927300403309566, 21692756291404195565937266747185231450139320865824803462199931089320039793544
55996399897663502178938163762262985611173050487613301845506365181343391903661, 65655841557926098227730194532201186521332404180269922300391195750427013672364
33765832331933163796944567045075967484561716059502850433221487132113236755519, 18948364526446496339335058938931959298316823709190706507445874061878157041875
27538518295156998297044710533529425617334659282840866956814030693938154689154, 38259656451508578687741081644448366968661737201335821672185706811501955584530
18448854841589613701657033356313234110138018720655668810442710182332132137475, 53581300482457108101638067574734593957074909920100937876140432165458369988553
15777401780450106099414384214925988974180614957946188600378479847078148744525, 5120793557385375385192338277594009658576495544278978577557371495326024810460
26455152614460610245338500368509794541801146342765970438146741922357879543372, 30096566553961382361218716873111144104209907901012086442056278202984623329222
75393044382250518433576408037737808218446516903612231178535114533415774338425, 32047178465640202857753644515803321712045212804974538182273150303726940450234
17326787118099149394603564184638277660097274664823320955644823168426288054748, 2394100562065721596181284251853476821943357329679327505789259845173975330994
49914018230844927552861604026565480505195327413066739317686905456458125161328, 70258095954801556037713586956022162060852762345625753012034798645181245907147
32901890811007592304928033114591826535348203066597390657333916686340352670856, 50447269329291040113542711891225725755988293824735922035559192547486037100686
62414091094295010442764056717882841256411825244393401318488590969011567428927, 51160611298993045124790003542968296727320234886414582571705921288745573036500
2287194892407693171624613203733151242315461712704443876809926969592157008976, 67173131864677439698954818134049629650810944070111371120974767607084878168385
56768223591041026531888863191527096192153232468743873251374766926600059294716, 67684224598108843975786906165040103146482838326827242580609411466417387325901
21426921928854440479453993507657977823137941898587810780958563568335142829158, 73374939678001937001532830202094712277810102031776113351037129614670294806772
19833079231774387988464113205904225576131344140160561674436548111766431955155, 8302363443464820069840315495314101405292252976486707071557218956141928131655
39436583709616296838675689864029541315314783141285379196708881439628938163859, 17420775134276823799160804585454968103135047666703568382781709196794353522369
10976328796401107481265858539598559464604381504817265617835943139974017679764, 3576687234963558188211074110874358441049321311185072711960265103949712859866
54004654784831174320733545645272868846060179263996302031220449126244771291473, 45320391792329109022754152801077511770144355350238127070493073798858337552098
58639465334751375164784017882750704753636072654918068995182655471899649751107, 60408618798937038411167876650179779320793919400922160423789193186251431991215
53357015597285366652718765621655112374304050138440497563215893273879137580249, 68711568295100636639871430175117486497878804682445733460185811783385937387609
54985221269027049079895823249317394999753635241121490500219230351781670939295, 51975114297955424777352469602347299657184468969283172122728472703856896787692
15931595646955293733565480833435599994161723520039520505971946041667453177470, 41822889887411266109923192471665061985095485472230723293035852128731046336120
19854859945206180094985723097676048280583050269200203167537663539243395337434, 46323442241777528679939976994384918566229454466539430701042658679422244935629
28734583814130992226762591904047589053711774306583406331620477604979555185136, 27455791475426524278152607146759444863649647201307102999470430056717804496704
59978980302374985629475816629668421866337077124388315107712680627698465167651, 63797952224756746633133567959134381476053767324329460741756114821401032115321
15548467170307355013637172675188580960631729284356655210109795788487791375392, 659521458434346454947646080530206056264562574235072494947602194239324796710
9703727487156786189595697578866590761261284525653340012194601982411522904996, 76530956345362176483410298060779904416418054398972195768282580132308926944447
70888633221958959106544182619595095433341633254121443927673277709901231380580, 75576290498685547039776150973626384809667872391912356701238420151225857114957
2573302730552395057027596817350161024803526538705627204492482574940852610744, 13528365061185090757357762960346321191684910948398851264597898438366810499786
13452367359819210228433262157562035716470721749272084031560082930189683475043, 60245087143903160858655369033776078056387279522646936296962804576237566379217
51170226536342054011312933900958096130496357403405459486367666518847270114648, 61702927766685474932522303634543676324997238232659573971197664390758097655018
74862465499302947029993918819730343686021360989345210085507056766561200195422, 43939442673078764003100570440522051117010688106923989396885852240763384844470
49136416037398814079322672239705761224092398402151211852694164899556654574239, 67920382230453297205640021651836702289791757575469005542421569598005758845745
69354904321286440397794628664898925959077009438215438461453396724068983129916, 73967747993903621305490635723561980012577640124566579600682636136405649885508
51150424653098199498139982998476691347273470607693200319277611684954444972758, 25870688947295010637628012051785364712857900646803821291899443619042871303123
53779734841806293712249456711936059555809855234488198898968376739782676634231, 30699433097193803614725283580764436909593961350880380140897501087527437808967
16402043750433046353048176013061600160211071275041564918513782976383969985769, 9842582372295769387742204710925766446667006821981946701786654963464088012020
29710537291804388182324826412448121907064665142924223939307255310685363164455, 23455997112040746619805308577090925983129451609643772136253074924257794045506
61880035205848686085235415743553762261199928666711037377684917062609604797375, 35780343001738460748670947229856023654242707010818688756010766430396435022438
71455140537250120774186743932862548642176110576798320310162443497829848643805, 43738745181997547997522344292916806308468157792989888127804587841419103953856
61889557848156154985760136403176144861068185632600747646874819385918372784492, 48813121650814620320063060185923742386167813438937608851965018861871308594890
41178496230928557280401839496770997950318203526213814076650225487175003414487, 40314849969251914770414584818823714134835361242375429219439299759513545744693
56537630794670087355883249867212741830187923312017699310984158421117360536815, 44315123412890816923919108068630893237789578470357203860503705618584598749553
7974713403312435602605375430366306832923239338526436147209201136292631650544, 36809684707959378817085016034693943413229569986297326257179402776545039918967
53049722638623108914457269285816660224309778869370249295117061651277007229061, 70175433957126156297695938900523432908930792642048559847355121086789332455411
65936234764929450652410787830295352523478052792306708204672629185582616253582, 28316979940460591958341324659759314139901393371775970464721385549032588880217
4929006654982511289713183116654967076072076995888801129887501471966395378561, 51458848229503661869189297551147164009617959191752185383417002952907654173234
54149391975072756208070352245285222017105678548329890989254904562603098194912, 59103870054406698012188641711327426929568951645968500010727116246116560842771
74673079320125269988862036304018624451035793483071301574862190463914312207795, 49852255541273770137794826968487507343998349003756969381868712759992112083838
74188290350044700646833746977188250092304269014449552614093899608659730189616, 76595698639378884703437324609920331403292357419965545419833867771151131662914
35156923461274825805491640085333259757169403499049416257597367308864827339439, 55713153716593179515132263290278077666647912220122067964934307722438670280539
35240576329920952012606724014757251150299519327169935849115337597005547038016, 12608071986341439478679434122386246220897501529495723996765334895711364513146
14904027223385092834385467296932918360700344742464387662191137820644218775858, 31381354872598789456624300437703896983438401724039479493037044246145150062213
43851358351308492001473001363197647545645363697855280598499300078724257163560, 2110709204066044991252515121775569277009298513406567413378629606643792692223
65036310177823379583102377139110248318337222574675028599222511217447760448872, 44026587995975139839924179669999892459539401317504788007784267884758164820211
33371198772538926754872661927760978321450950366904591576251976899675807001869, 71193000516295515738144631539388065425324417540434840717502127193689260898248
27014571708925679419228167997674523419294308573815796816437813334113448794550, 40033020725133124899146271708838959296960673992678780267414573943521287811600
26204951030698319123182727410313700173863627345758340616993786537445829071204, 50006763508002229310369590622527263781020844342597067975066861070412225403872
55882833629579719913924261397755263890765398510884211129593700821072357211918, 7678232838882686605236280992606862673957967006123390061289067174562806447683
28173936552325076574646208005513455114808795691790881011513667743963066259427, 34759390627733959508609839717747142262567274528931221360489404128038826471771
75924705111100860790570830366865042365068007602291667703896957690744204795601, 71102669333093753551056295383800654850289142660558067438705045861452757056201
47920604512978765007938872650315904711709496546636474723170534418391358028522, 18332237871630094362556160267286352306249594988901279270908705800019294471903
53188550593813404440589996308180919549111708422406218775091850553205612284411, 56902695459899539643266661298095074133291210497260728148707397260700776111889
66048048764192168064786099038006870582785238214397585318360485922482183654050, 47754266732078788318469921216783701857624734720889752078324308964705744313080
53504421809572719397598366324266171193353544484391142072778836536261616559440, 10631972310050986648522076197901530409199038651922233314599399832078040196723
5644676672308777380481521409190970470229584108098740511607406954596351113699, 73624512595675522764677652940771731031931798038171369478592473806723984495938
58338985729037099056168852463378553306319012624632649160955001428160376360989, 13726727366643451118643635052431129059975406913475827284423138297558587326688
75391899411576587308753635129634964898227444877800054429724149261086514875366, 17572553768390981799216029076677897344892969204298058321865359639387475403734
60947636900001345649284632725031407535361495650561141917916818639408395929022, 23135501607440049965357886507719036769479446585662950077853047725714882959496
34424857424579483543685544369691794671203919992888103053185418011182617095646, 46319665778504563931558967475117724989225121161174703047630858676073007843789
24311050917724733150448428665908848142200716714634660858826534439610617899029, 41119678537593584141170989261879057782586730527602612091967058092635360410962
64265011828267763033274248082501559661327812996667695267479579568894458697486, 76261166100142619597852638027835894882236333553927572911360837635831127829537
