Elliptic Curve: brainpoolP256r1
Field Prime: 76884956397045344220809746629001649093037950200943055203735601445031516197751
Base Point: (63243729749562333355292243550312970334778175571054726587095381623627144114786, 38218615093753523893122277964030810387585405539772602581557831887485717997975)
Polynomial Degree: 6
Polynomial Coefficients: [22, 11, 32, 59, 41, 56, 25]
Public Key: (10570904550242995386792740873564548950420369578900553728518380172094954469469, 2673775928971391608783672134709740477368492285917941336014502540335008380110)
36240938070661670097937423833860966863697444876009636477804507601442611226058, 10341618871926655479933506615035962936021289650998072557723072607692908364068
29155866834063632776899853703419234984005456874112949994025006718359261740268, 8366532768738005337547712374946689250395196122430104920979775473066107691375
21713632636027688587082292254545162090597211848768704454789666912171409231882, 16026010405244203992585043516441757781457654154087568775133633945771662997936
50223645274620721506639861700176025744130140025002841652896701924377580534885, 56621407663627216690672014836647206281219558386901969994868167468275173193692
58426808658030877723018128476715351951666709085671136364900116170612250279668, 60637553431183097753576579512638041583595103779028470058807950395838355964369
54412782889025607884965809593868357911590049523359592487726164513375246712727, 26958397834994991972382493995924191106546070942975586062281877787825281212960
41588721907688096246979127449922695668746606291209999858939943758202299769560, 26860525872445794008032480823835376055944713157334825287237522333519716408768
66542433664582958312539398529880825290819936777034759629403832462043672545237, 44222402834005795714151838521231172228126605725550120701357728805230022892914
39984136622818809185187653836675823463310752928967014882911144597107918461979, 11409690105093332595549557775796439990566860308979214285958187808433769403485
69770728699006410915968563919648743424859154953205170807412545596379731174349, 63317981685973504973192690662173295376835254324917421799487750037406381210841
68407118450791059578152885687231093413892651904959646409543540263986664141560, 73422127190526998563980175443509368083017145875496174125568046144234848030380
62481805324185174979942155861486994394583923083538144176507870305457482722842, 59007420896009126265101202523381542797339242272965413598035945709138032886251
40409247161282697391138457656818148808644016252025272713447466418761814190055, 62855323371432923257189146563106261695679301733190480964987209770810011829432
25412008099297245873846783636256283393436160663003224199962131239407433980915, 11247754218750825097577552313141900935350311109891735998447803141891073496633
60974962162138634935637086934968917961082501092301275126348084370723839195115, 42387574723895903101296082110404546958221548717741750730318275114734304467823
27746644720653694056111763959917458072177020261526041333070827687754292654763, 22921825987027930831636230118069478421881708021267405183380580314439628404235
28409140011263168485765265082089946490804873620001662785489165897899888167683, 30563171210359413655533790181666312535973675968122258287831956086327565222874
9450769781336229089524033377394280019323007801763776878353100846695084832787, 39441607803298214730844511386071949327932733609084284078477552833883620166640
27001327977508454707861571320404800765621088193074137317655918091647733657994, 57688022285161322190641917827460719747242369162816228707631840255905452600221
41761187331502134209576500859299882610245672930360903977478405192303829292091, 9400555768229997392783727086433040858063228431951647462640622958930032278921
23244685754219551301148767014055385208939061379557955535637567592966612703360, 29050603902992889121695721996892276812757414200184887710473893680484188366345
22222890099985095051733231240490318265918579570190309360706331523038797709874, 33747443170591290567510234050785909153252203742986742187928026586721041891346
37418778122363108920639750875781353610082750081788490584693286169139784038248, 38757947365718097513858108392981065581697260523642815178832962500190930757547
68493779298687403108420513841353740546231292533903602355986760884957116319625, 52897837458188900663716861637061170683922384174276467678559829217328444993959
67083815546876478915426812174410785826461187273945080831771716548516404955083, 27392112977209503757569288296321912600442557860988417387938580359763025201780
18746075637968151672423565027597391160535640985867232115775739759654429230511, 39212727716208035452003053541438730967359637407363215265374724055748425061328
44678645710001232765875838157820414357059602332808639643619764829512168864496, 11127934421432278087443877480528344725986220087776220909190585641811850516138
59429625361004218449496333894106630765795087403072463960105691923041821934650, 56090217521793833593907709277041546095552735926824784281854528575204613198809
75361948486612437453765994642655621101751197829357484235369686640418256941876, 63863968900814597072243901579368153306486162423591583742641540291359406448726
23883392136133222367617363742218255797813860894137349697585305606614620714779, 70928810365141772161872843937647656135146415410456381351637701871642950624170
55423165492348681234179268007780886789437238573960521478071873493584697203290, 69750547884407172186752377541451177796047512965850831128965483384335771655911
60935541825103275842035397367261618928446113307784132890964124258588444886055, 35912980082377014667241418767728455704368964453921302630275661244722781297936
16589142625616096047657170603359251492144536702804469961636783260608820017853, 21310105120440952445203277974438798251547845026053107637103317067668906559418
75382730131279999079150597774767052234279655381927586546288513848525395458002, 74987036614742641927915716670858359881033221878319636883941691854004896262812
37216530912987844017756132052398327152808864509701926848717902178499061242629, 48345960679057309245390556321983879163134571179649872554021479766785029192879
54590947172655104591983246919737441725172128892988743382943692507763895256827, 52360160570555439893796903901083106447026357246803063132224767269170123943503
41548001545781676954299086325077802555341737396489367944956080071776667933502, 10038904625617537494754974908055962686821913426822502886148791950740669702193
67034020798358548279149189259011637561559486961518841543316979700455880219900, 7231778659724953196759269815456523562065921132945626912398532367709323647195
69331948577118775547773525903098162162724396694828756359139765772843653454406, 18153964652569092182927577700293678763016068227294615118056101003086281485759
33294257946131702473693731304713272904574121408096939850568371986568279142868, 59923652549363395357250726266606317786145506561375644786053142198309314963442
50697267042726867350122091637542045471292226968428079191544101114302675352450, 14583853885533724979559027322337026155621719829939974055122337380416844484323
53494696517160862448879149953302922364849590814071152033557239913315369286093, 76563904142477213827021075680398505361945287070640950721676959784371425222259
50258088951794996171005123642944917626593860998836881578894981106664599665581, 32500013779597822250933708350581759141943359067405323198428062274477561504633
59577269534767211132634900827336031057722969459423598582978131378562425139467, 56341767554777100481738874375159024821235731144701137701063075961554936880400
19640248333198704602048771191166568011632110879950389172046902234336684565385, 58318689552295676430703210925421390241474539047764392542655332201300947301948
22742414428982566119695929441167151808315516620650886258605083573912518668156, 48098973900181609460145245149832999458209910137912624254688324598758902890666
45118684187950402219160460687079416128789695364486274089789041758490344595167, 31701397213206593471833199703981502218807552920006702894341906480589320245707
14960734671408037683146609244803742225901064812227866889016889251355654014914, 46801691487626882637520695735241750761625583202448212771320865298772387032439
53767024857750042111259308151000122755291415755904060366640188859545929185269, 67602397671530239342099493052927484013617397120367348630323814215734039260748
50470728818265647967701831866598982388096221716070947633457801129879423051607, 9582841942548548384454231605323567416092987308380054289438664762012971292461
43470420235825670407692303166743598769541840406699166244088655505772807129702, 34911231289499379850964347713618312369554876173764415626409232846378259430668
5430555247237502373646947861543064414014601308939013510763453286778007150091, 55387592866837839896220891195202173556406049739453740185871241114002254079947
32528045467714382057859013602979108184043657140129809988188474322091642777301, 18355383518919581502002332012089751485487676695085716218119187551838255633214
21939950392495218562257411475222929274417036634175592644384931323871020709707, 18160825908897681842517526168596619167411144696573936807729776173145567888271
65050120034905075214292522508319720108196985838248729888779781375057563388954, 27425080412321480996344254296637629862105160818030901491488783102451184720525
62367363586285108531854640016324970376861085572776962965476326939174945032047, 30382070194018618777410449543295786725992974930414480344121316408865273295032
54036617861321439765795583611367956750030622609849954445452383605101600193192, 57477495540085425879300714571461472301497035916268597495810397580702281313433
27910967146370422865754772451402671250637642301574596972784488842228708574200, 3126574188213745588924410555287691347007092371311936723287658436755531688496
60973457209606218524317756728708620809124914524754643227754066377618423226170, 37300197581506929152620023633531813080700974851015783421440426531491139689648
20796841525631054629765650480976896173964251892969886601259608441088341300313, 73715563445082719009532692439561549829974953224782550930981308945407222605481
13062178717261788557154992008359446352410013624877504846898519226326419046826, 48029920964152849207471590926164916063989584264128443020992950410740304317201
6062902789473444697609636627454465567554805449829402608991752692103327781963, 46989456316885654121230687404223568580042343260253190131687285078779606784717
16113740916001606171433563658983881190836735336852314559030469394223003614090, 20958013024060849782443351152225747126750063996076683279725013045151664127978
59447557823999415893675545357644348384694169596493377672360973609668585169817, 58183814868888922443198563794416052315399077393856613465912410367391843698831
21869947603710049564860281944965260390656450899673378319686373026834125730526, 32957043516417720742597537814532017679226706521468552637019805884409461200065
5847572794001016858431066042543636767034161991041647377710826680530742022540, 15935222962189868303677525426298467739121347360596954892156025204183516478090
20506783835379886921228961360426470025003822186760231321773132571001258596095, 8044942432980171787208302501175378414409325579898332492196149595328592383833
62773890732053501802256123527085706262828567749528342064716222108080321051829, 8799100239567807932303578286878668893988386796881958653480632982111406101867
24154068449788566022028597253735754778569627607066583497009106570463237783926, 5107209629670179662500895831153434537307601305238253475507350182748862259122
57660948141766668321946474019262437648718612243250060097642170733401020576810, 39990592472711357793601918519164944422588245056569334267293600987710872822061
62378636370564424023996374086999782171745803352276986699645856049258107025674, 45538405930466680587701633648985911211963044475502919442409313542860386729115
3832514936687631014810862041919202443193502405908722964443478875658169069680, 25243387843621425171239541777210609160263233902962951927279097215764393200087
65380006784135801476019945776862469335102937438094190970806503506004022190523, 58906283530610782670625120396557566538002123237303367084003743426279999354535
30695180931717469989219280083896789361184781763764226184864070482523200335324, 15294483339113958576857557519778247317385452563569297121354830515103213657803
70391316027542456502157225611428652095072712879611563322168746637582826486719, 33304311804671203035627245456762583083182661532970088582625874521122076044974
42184223704843184346655348567910400223762130734234646385343313361642884761444, 73917740300039823927948728300430267163183643038779860252137052346702532923743
53845572872085480393211184025275145866757223815406936750663007971310173546607, 19637996288658718660545276388049804025881486865112010827007315817921607539026
3154500488993894492317185928856229367732169246600970138313593351287514682662, 17603591594794904917847706268011069966559901944845100541405382740378739133585
70315946770656769483334876695556275330552479899702917504967910277811058684185, 63428664294899623956825953475244141247393167448856881624174775439773812634230
10683431170743743111537968126145806178900657954776170390935212340558926217540, 65041826963251802784592227325251340105801225905585470242091638945315865049281
30613999090820855949405427458661513519658384514610460606948292383056255071262, 38021358513473401649096956645317880517257259872678076760451042774356264710077
61582814504166036795296991776737258228793177830909214223999056968489265522846, 761543824583894212463185818115140309480059837995139191071442736456493056356
26049204152798562404378624184042544239297793760429822230262532274486954642018, 71460598686936970582102405471501368253111025237862303480084220631029632741212
16485602668388080299137185698489705776149612104973964127285137775301763785300, 63316191423256237748429986774132593277090144627375260067157705381518436625994
39723748134383589730108757599962791144161380820439153108867096155093952042827, 37882893555755971063211459535988362776770512597152735008448942331670885876600
75106124364999113104707036362236603024224459786743281224975197359294389753671, 46775482224464313236214097166349518079376027837296771113602732089597704605842
70120582649630650539744340435841539900821338124781553152709159214983126798099, 52530219457955517509832441837764551479856618806238310204782087453999490255194
9586932366992164816684133760638540766559453132244543319089717363238267640466, 13252515820145989526162862768802783700922638300181295300130032786931929934960
68632956995114826416099120377465859923610761897168520891481856364406976179681, 55226798170945010556457625562189841839565100551716317010272163959717083266776
51386577452818309911886696627606495589638615204728147852428941357265672973578, 23810661705611953512598916079051512398563241774019663648788203914844986362911
9777909410518227213535477903837916590496316124348062652116684415539916429055, 683058177047843174226465682560695159418456415116035885463656437805759023317
39236931585385494738477558433269873906537843359146606380857611774527193269815, 66802614001763363068347386619393203400300964346066479990864373509171397798273
46816577961017694531872648035853094786998131419022465614269934421821948330527, 72071286324904077602704530783017568963773602551027909252719032897749764873684
35897765250429676224467772402373079178575260214042470331099137646213760473594, 41181049101453937426438606973891062975449676311041943846584083118587432746228
55720020401230262275385136005217058854690917734629383656843170070762138569212, 63651982628796240101478719380554753618874261120266322554990095615096581708347
30697673593917794228248062375775800813704661881933640381625863601094950786409, 11045909926744542557054518024367612789116992124136164187704356666961972290133
51192476173723334623219735735687220782426489009769316592277028340126361234291, 45789411844514356198510425186401087257754386429612821698003667693072317141535
75955696873701657441670100351088146879020200432571592821020614152045483318007, 26702242699630778810554517563153963061967846454020436852716185969321870183184
2180250946790062916465723523062634930390656839370724544598443782912693985204, 47836165649931256948339892572106695946788403387178122079145236267025974645797
37060893659300326561811266801687582356724297719733745915378222772572880103202, 60806169210814775101636433894873076183866990855783336295459711927545246064806
24660847008174697150934765714646546307065781225654989022493341935469698306645, 11595496425374886177745652369680609100495430238185982509977752169019153640466
21331406182644000596239571337817372044336804755151595853971201019141507273380, 74450645999719734211275725322006203041072178901251897029516171779139480396805
32886427297393053047698227364890474479937564413027325543317667696397159604245, 2169044703789856292002032734078574709062713850585451314895823816432155263737
17325802328283268799029657135812633115111352910323996632589723874449132987006, 45698338992665130577525836897147393234744442643005409661733250010067055974074
13056818441540509953738036717980200916164341737437249343277228767095880767896, 20235218416571048646008406051572914537464924401597505881004598767784326489092
10153258836496579962424901708475475727617285835395278802325598142381465783161, 57691568112292995243046510176596312281522660814710848625843099653851058441984
23341199752142747352914625180357732493239196160491865264523762673718479479193, 47373878737428233508744502214170642687126835683305654180552650017513547523221
48205912349212186650803578621564554034474603574390813668967102146277948454882, 44342257228010286300358065455866920842973783384062096049908052164715766237357
75991175881561674191097803758615920929314263729988712314740068823546819263717, 19000197104012261394156373048715575534438192624705235167610567500673498084160
42292522050614311371993131860732205854352662238085129630805772042909990686605, 44447311764216421038853176639801872105669856206702686189354795398615438787379
19831034920781339321144676672645479462201955612898200533808989714066816748275, 32019561794137458656337148874357114346084816314830752483064173755528050269950
29607818708081100037140227556010127149102152136840801550605962105379734618744, 61638394088941708603272807207109318324090783109777929049310222094907662521032
3724862852095046646338945190038393919490363978867235858079104217001359966680, 74041863309767059426102123954466480987614941052829512558723931072678446312665
19689542640634118411554875556568980964310524179345404422270101864002548438679, 63413184021225974796331510805378836574179242080753230452264259841907073476877
11480494946181669977415912300302434744835545588445092178392421111117682562953, 37052384299355693562685740824075451232166576948729807447927731324387083422325
8447254786595528960071217306535670101183045661690912030445163648638189346713, 18621540141966088763463383608745880345717709523597739779627384883087061966001
75707315827561689963874198919722603922124542634128978353272516092145496636832, 23737779090998453204293566914134523130113447793633362457442068426807348285648
60837731211293760670431878943057542671790198824165862016954637152789944148513, 39519966673749071712866670410452032758237018179256105013392828718471584302768
30632786656127378722434592243359009930942605599679881873187073925077153456104, 20161878713802285313433500957726334586185293374397989598219039247928357725425
25016389960728180027795099377520551222697646144458809108640171764982606339772, 909273164877991903239497349506774521211357655902358410068255861824014398680
71349753226585278202805497578282155534925792914688270031317316007207282909621, 34869997483301397114169471375807849614210050022320100110867825373324005237728
15717858184510976851437308087779806499761485147170103931980633131634641621049, 65789102965052631387491524704715583716434279294787855109987760425642719537793
16175706747988934159257862204345120835985109902308602193130777366575755836904, 28758475007355428994366415147847117867893920120441991630025861811365547604440
61307104048862343710209632865289241302685935909813398413530581227637223526037, 27918323865457381655206566011455192322446932986003517869051192027453237772035
17941608941360512779938617429285842364368802309428090184025572394666524441925, 44770759557659611004210866220195972489645014864506513799834357481908013096261
35823030208954713683602068298194807811089652439786866742778807961757545391359, 44826776083027850256124011277800860768669331442524829917150961075826170806138
31412197371068059804516538508694386644654472856490966535396868852531854745128, 37536267331007341329786724859466696309746595135592087525880606278673941777092
59349019237408814406548548410259750961292451826902839499450186358384198010448, 48978833809326835455835920635678005055825371863624457472225026313051145271381
5890961926016807164851938246495870444333263887198036540166469443882573979881, 61247511368724540864819510163035048815428320502182414773929664119115659745632
11457131927116620549560564489637960197287974571160897375323012429695860369122, 2294769272350659110863974789601958089330683332306551259533361824603096524308
44868769689276853751463817951077622331942600672943986021603249136986653243323, 37655043532403232481108653547777902039997313603328307957974585354594983220989
27298117212313001711972964804293398173875246534424873398650748926766108686871, 187059008260228207274526303324634560533845117944852492834326881120049556205
64188509591867290689223392841931465625389025280050778895693806481128293817163, 13650131152548896717412471822068916089196745694870453474922494911737367381445
55113305417732020324063626602445484198993513114340480835940756638742319786769, 43529418692813056859196276996848162805769589591325225273012637108318554674776
21558738394065408267131304543600105379014932025055976074509212829519110196965, 9577167918213766040544364148201179803291491601396969102159257434621039500799
76280498247568849259435493940419807098775184142450790752737308179279450760339, 49685836378525709334586739602020344135909895896330359859915652206089604007738
22239027383868330841036894209700985585500123442463271218226710397205586873070, 41763934700380908137368034158402654349964998960330445333853429397327620332716
35040856488828324671875300440418813799169022528988487989514466542750586887410, 72416656213957996847542067351112441769725380321664914689811083330863363400860
68098869601531715916415083705309180651864727170318537649563467919892819842931, 22153313802720312895318166182100027929811323241443035799695965498445828488869
13837298888127702960740330735082807546314036730932530268267879986334193325277, 20689100078071780644415993086674264502610490163286668831306168333588671886275
36715454851794590703191779445441461671739992384616192121353817894678261257729, 19336705285971554428174433750246128016000962299302046839651313597077333107190
46530426783164585093005367786647290450008615915907568098039614582829551914617, 2820751107010915946637306873304625147214023243751361022229597925682251040745
1744606499339996683905986746425570950649506059629399479355192058794948791992, 48955359206594240637084226736797859789976775469384653044551199895253533013347
72115073427057053386210471631811436993411381614415359889639098812316169335180, 3070154071446939809879232067898573528161000843590071741177883080246868843803
15967646288776302107919609804165046058398480591418722005474397570695958621395, 60745648267108779408299783843479339139011006526042067810836717318405349590004
16039865560781356993775314151338865821721394571545646077300443261056175497477, 6279698421015917655947967272021237249175457330663972858494403703699323826217
58906592134412827543158220880197950926669770805256340820901966507028147082086, 32493004586154035081023567341053548460454108464180250536452858465158122837195
75985844214258123028664991608822645311744402170632161213852581897363850555609, 23490896199636606028965600111458801683204424889736129896501347462747206780122
2673086740258457182643296656741646103614479094019126788399885619167686578476, 23959275772797588847098396398900542192085763161329629149206652312016739082888
17589952972542573099035209162413600873707859007408909449743880881968577862195, 75936697792106411615699449643657604302771366551636048653057357350950288625982
22833935101812448625549343109853900636745910328367741022739051568648461373331, 61768301611980429938022730629153655340253698873929183784056984533478566842248
23753203394953907376111762246859853805171097701117012665613298595614568831554, 20771141331843326276396905529798846133899666551676277332417249164734223789461
62195997507336030401696780504739282580994882567132161878268097007702789351520, 7871109303231686406587698127115963911916616554322799372852002335372982239735
24979611701235616972201211001271586528507449567790961192087801221397907189321, 6843853553645692929371125688456289026382165612635234200857286565865217137043
37485594413107877532961143821749614453236420069059065770939717511477964603261, 20476570781370351304923693991280089187850462139806461428547096819997068886620
15235909404853918321323681209973966320186370328032598918646680470253716255822, 14214245776241062067194850548216410817398191572072583879127414269503493326235
25437131242251609365814449936076298593904874060246544101860468083503233167516, 49220203100293099284241366804969802023070688541499321832299953338370664911106
14215228053474749893895543523550213672061417206503660823585271807024806798800, 30743831352818992463983060804804398740271032401502925771197006170114072001243
41632148964554104349779390066346369326149785932261442837701092227578271128322, 37889474478408158925527296200756199740739534038056533613351468660795314916001
4095741056689084707104570768332176049611186262012635167764722804332030012208, 8669765558359923290946634455382615156292759757037828285481213174241418711613
62730469924784404907152656940244010972275149653490337897524059220899920168026, 10015477916258743663209010593045567824708657822643158740949318507156863778538
61670060263243185073074759086951520771286293916231499344646095849028757378879, 26444791509388375962581170286026350099605071092269626834131166069004008215434
27870083780975952174782981058693058635862808715757537706990504138704911185965, 65258045959792756902426098125256920610877594462430833866540606349414202222903
43313312299979511783475923548495764289900065709413767526545066983976765176500, 39001131596508469260861851150685469362767513576329137728694551952129484660185
69773226127121005434528962096461916031517012545139216261497295008829366458612, 8208842016844416604519583607442415590270824183160389192990557415333982636618
39015647333162318529798238992800300601214219578189908336230141831892374335425, 738442501413762393810395290300330604995443958532252983208743495197772079351
25192431471925577896184228871091129184979441681853204216784327395108397104023, 17501940591790728525702993601264333505494500109446942023012739119297315964048
74661848880572192571547555192664502124944504711896079498154189967276064358434, 623540650163541855887106680125536298727074019264844777025507678438161667946
11290147174744488747748428290876498260879383708950228058828132333179894387751, 26252174006090207625296491126041340668030774786977842014940910795989477172661
73731087742450258499548883979890778650821454931562825853737726127624956356970, 227577522481953736407880205056587450723480430186592636887916345674977752019
49800438842829354028816866698091803194158534580536188101089403874016674114473, 19123506274258346415916672774529923409300228307928859715355866253663691487798
55138702252416459225849103638677652688940025388568194819520062012423233717811, 3496283626015352386905005730853181326263954813106926858694265112786509189719
21780284172898337744878854661251380192406847443295761170978835884258441128177, 42276080201984449641856274994443466774303959439718172028407560854907159952981
62974761380000831454410538989109264003344464570218481412679064391361135554537, 18112234589297445752138920561096299183533214449606581884316337115613306915789
74845620585986429345002853016287267673737747847163406153692945658759945335988, 17681516981268819417743833569406188882746813039484131208297227788737552356896
22130492699712292987753846471040581862558936573339464906501976503314819601376, 49597380605934424929603961947336024458207719862993926068860693401865246907773
976126613763680266558534287457344633828638291409054875352903406881548064596, 10426928024162334879485331436559916506348553571907938215755700819376437960523
21320975366818273938820135557613550610802359777053710011651249020212491896849, 28589609696613518419100975414287596527109633497870706082077302752295104412774
8315460682424520422276282752035784702857206557750235969418378319731940460443, 66767314906780819293571338496146099354398446610946313623102374581585404156884
54101554198418358019414034131470481266110853487660497755399195782525462500222, 16625607533272197086910479483249402968586752237569154902248870272214442098904
35808729065378157096617810085472339577735064653142729049561740942586453639319, 11305190955121833836315377443539059772525889131333310915411652201631711918780
54496432379081303903995298575794594133534403209146278171276696917026995045716, 42176077861729499088558073626365770161738588600846387949236099526925599996821
30495213803390905527312897305627918151066036259418192730747239870344975791518, 21936353572970698628083460848224411916939110664346715565337779793817675944669
16213056660545954683387672335099676599836060051170363970057347974482936318257, 32381354808375729601059988795807476688139653602390698594119552691107702353109
9989435928284307856646665859378459688677445405625185386785885333215233286030, 63955451014293306450073896497932679227370829374798923081004087723666225821502
40578850668125401822810788131676550232202921981614591517989970458014888129934, 26991167666756627142814229546338296089333905140609489018658382560181666925416
3332538617321952781653280738015891601292544323537525489013261860087101901620, 58209448941060912263873509020141705416432754580043107370560832331940527346270
16380902025451165051503820982881670158770526392308971388703734479764506608003, 63896370003245134513488891550048599366363358595747388928868550456489286876273
36396894650360149382109225365536742622859678857479660778978498678548874671917, 49524740119920668753169907002691748598960239801777624994923652907809914608615
23485614682865590575573972979252352834755070819912337034575193970384277448967, 35612047061184090611353829823148135318244476618236710327455280245403506825377
57892416189052469089826017652901836594673342031071169700291070067580618334654, 67983928961482943623202684221275802085421360748140636636446691712744734400843
24989161794602052621841161407627740653973687268133658442685037036256755898350, 28472842484128138993152605886953924086627069059754723062402564956278131105347
72125561423541494896816332350249883723220821964253281439997795756734319467749, 23094422005026551132204197233699507856841007877729120812107040661503799826436
68108714559547865102966108557374814466950653048969038992214600106411946811109, 189259883351743178059337582687613927404585410249341260826291567051847033116
2916852241720216434584178226115488492312425037459210128654277636371924026182, 40935698388035294305274495925014013335016905533098178068654818410515414008655
71834059173911132514543407714064644742505261098131590063175389742772233763109, 14533604925980241291428256716286567994100535330956052315006641968936822555750
30188029883411499000664742774155755152662414154100038734112926357825069923288, 65294855981745520313619960737954516700405640144872195058894497162236883963371
27673927005439841386127760369511493296294361015984224625521112024919502315955, 53808971079324953653635008358342501703526279169566028880463395252185965258996
43557157889858340904113226023197542063321533438394135294424039449096080612771, 73214532797577652755374828316779440453006072913374420687724962359758889868882
25078421433286685006757650781132634144001968683957571317794260736088934232583, 29689517423814166613884598502556508957038364273986404829451232510009835336159
61188243765119331603548788492137237232145189338691980412536041154171103607916, 25695755384935698282017833671323657417328341983157778051616763629117640212828
72404821645455885388833275226448631292833507822635401739850734436178861196335, 10734749481605569302465879955729845480588615884480551818371832215419601123995
23760594012765131649853695786903606265736667033933036438464839382775089596936, 56767931098687582555147980006660042313912216451346398897798555187867395344820
26662561627479586015212212008084337271535707190380109108972962468421270916974, 14226521403990266966900997058276519755422136452054995883235871878429642437750
25269045876975046860633990671891727163188593839851793042661483528426361906372, 22347511540996559713262965804850782261172182681591064690085237044732588125933
75953242849908146941635912780372675606113322385389218291523199867129169210882, 56152461960537424308456119068233190960257252009934657236363081079861649495301
18669311469012859978201768823540167823267016677568041934910870896966649835622, 24011675438514488127774856906103895267583694015647865232750462507788721924961
22099177419887344199217296737095071678443397598438559275329585763601314258128, 73452480956196022955250640008831389439089531811422803597406526882517301117948
41417566718421170685315067522733972451860089208434083675018933920864508382611, 43175367647741856477394807916565971430975232756429324309536914355966892580066
47010087538187818645868613121434842036055761089644167378170049688261207971186, 49988209036221890670470193558622996986185481127136577848623292756260292570707
68333823839378903798597775913416470855273863907963430535451690083383798949446, 14369202058219475133142053606278652523324799286364512877749541757866380421532
46693545994415296401389863577029465177971888128149104476121589916650769254041, 48863755977153324429989478380983876410067225322910663283961886417029252619550
18721199791445264132104221530886022909443394096690578751068775782512962837684, 13152533563052002467857480262420263704654933292727351909805498473970577975589
15735375569563715034917202922707650077970362541822185449070016474399509482946, 7394412585804600073532201859330428222644335272884264708460873469684974417150
4905202162575248893255549369257015289565003145884287907456479329777790155296, 426978469819314717436137365035754494117633948532490931234612006729307457422
7085821811652501065193871204667156553161968259954215988339706265166462726874, 70320776959265970995458644576729630530430204332558364784337143015961424027608
6496989753116747479688920298275996492951579834779374304013462973362939605271, 44098204942224053086164972798154829718061864560031360717731318759222389642592
74843186024392444703959778388794924329543421457388891917818775994820420030758, 39526823435842965625441567626693900420927889646678247283364684804458390279057
71229498401344902305941378437461311399769443741496823918069230536715272589200, 16708529508599957111445096910614980003769421412038041712336441207908606901486
21825757026864588816365569595656563360992262193145462005606281612979431537150, 39485970251054884030460261228821201543317240284241776618551685770694501671963
26011644697717314112723786949231694474657472202058274790280694143360750875722, 30340997267549388627332365943605152150980926912327522515141906473943225926982
23760703983043002880861704512472818545494013642589014470796171955025801728833, 75965619095447586200640233163675974236941073006032224818259933353190378643236
45050185626120284663679309415257415976506307105136996997162880939710432585473, 5664870131569228682009337619708020941708885739911960618123558476537507209253
1826617942688878100420607839764660207245016630991222643034833223905929901533, 76596675547187705384757658934195414674924902022830985503771863649636762389185
12683866918994868315040490605795755481891118070109846197394616168593319494057, 12491279934299545929183662867520055882431207267865455787150887034588570417656
50570038733532160373126989826764712525808429178482431441437050382604807640521, 52887316923765082613783603185281050805044315335856872333833715939813470013162
20521911467791760826891426437223371949933522286911382956066332912397202597774, 69935847682692055000119364992720012069450846808351702366330856366866588169392
54961691123194286739900730037840467957851544404945895795107877283210959157695, 37675886252881148491169469806775050894639116637660480215911481985856183556881
70880539185978118076730973579357566611091740935345900377692712509200840603977, 65931473582934160178200379976457079049854810519449633888977013952441611177315
18031194126350642637868347156796349151045066325164487989499966606037745863428, 34025847030180827003049984897028303170149205193492561116298320262384908177784
5217570660909506301328950712093413859530025480894212525672006014987209476117, 35997179210995311105691337965054313853339397096805531144245667684340105665662
44774827092735955340993408619608724451835678906351980001833577361303157798433, 40795581469120165718026620328017860444785313326727590237245166207104875231885
68471640676959752526159059345345246180519677077987074090867541483284149362202, 5308745359755766016084604808856706685749776972931152648592937563393833691023
46487098104363435037913724970784538247569853243092841137532585176576473767770, 43045423932780006515769386866035340634210294383402055327485366965271607425374
76635557847634953425928073333815852245950432747393970831286470955543064208369, 35035440004142185463746169340589610584337816962330529941109831031333195076363
5784456567228319580540601266462702330098517220743093126157603823668150857933, 65600637783264136511697144210932397165084915310487780603120006446151530269995
33454789932778130006663445277241034563714805108401367277767241260694155548864, 59054065256292963023125109991314736879561631921631329683508690413424620006779
19020516012874369769359938233697012000481544603239035668923146983285972722694, 62868106488454373205201210520411598065654128633559684132278350129819846497397
26632826806490782836593689619902659801223179857854441512755426306161814443705, 57524431160382980482984457398491192592901074285398449783080191183355647857005
4297763128469818609099244216380623257234213327661175990905875872150676564310, 16916770225494594755893063360460337963201572080073799144868547389895519721127
44569617189559250993637992889853398291927802548888606158481493014295588866008, 24428467593547209489430441179933828261191484294923566152388368481216354207726
65527465008122992331689475004327972275657569076346669279757521772962864396118, 40928861383887821864465366067747574897931102363822111368350372501022772713653
9478580125089842191065338038467219953824311948381652209092814551996146752412, 34629020894190196617362238485319891647019501061963182969332646209676922143188
1567863967269084756119220361670092110955397640934759267202455851787664446720, 49963955785265720750431046266129766457659706447831851543541186403439958442045
30153421111503209750185045807148754685390443589598068791106868453944915253202, 20894171234244892945806858812881863961316265322890431879221782723639441408636
45747395992564943186335972215377778674885702517991967949228556228732987668724, 69624602108880585958980694529154296833995811217078292997988714559147529260254
44554468404131220830347873652159426407532862854539727083916360735436157940404, 40540130492127746760608745884309336433905246327517968399119865685811892691594
29064359398789168206405632131838004216820557778129012441773681768620003251466, 61923717734261328291052949375904449311436533615206642683316608519318004177975
6094753525056607929124216171321346009490533829368315421366672477902420104455, 916193123594220664969684755258430861963252311446284571741724675936948292411
10132627115821597541137857704549529914689247034065870227226067588030974116307, 14639733801333871514869837230667233908531489342396880177196676192176701582571
42231243056501074781917963172509951261509203353093891913966115737662713494892, 71100145093875546684091201991601120274715056717184328841171490249228118109954
32895378198779538284295831994740680087606064026068310372633370791844743765769, 22391232232686830950526527700328997381758578990658966724804002691614118575684
71651497180187965617102373426427247178431336903375838700098502285682626862202, 69389624167737866719484893278282744480944382722114943952709108397395819919467
41791556494869247623118518331360385210361343990501126944551747260336711745585, 36300563523074489700225360727698362516059733079765838144690618171249016663297
75552232222920411990719411974585434191778753145822649233806238475623953015336, 36076272032850725229431893211305966688744846197317239542868261087115645137686
63583101159205885961826214339150446301324565141487098275562729264716101289685, 26306058744393974129018752922905945473936346144962939950398941181172220428786
3529689403002101580057184514006212758536938969669961344313180832624190015168, 744476981434433844186629965016693653676947948557260058823340702536994567006
41733452648867803878864161970526754735801099162286605900255814698812936696032, 55548807273494757671343839128864638205041790764984462716416352561401809819300
8219428814556026242425024883155500570588583184579211713282913055496212628135, 8536350904427872205108146954005248543305000514144597880826004587087837274801
46648488499119370503944801756332653802860848941397996336437244391407967398663, 53370407685448376521745314629304493095510204189705465940459320245534077460136
71348305694686841120053773869520280986259906994685380583891463799289652470855, 69348638199291262941397029770082022347762789166818555938048753668130032535035
30967018307728144246730461951748661824258181015894218844572863995423364033803, 67194562263750587577776103525131054883502254646304360156545059473532113515513
37642950960310205230989322106463549775520590963998678790136363892631837378935, 15966830556607792182890087562039936121249362217217303764180596569270900795852
8120317297942090808811062265900928565913127982095078378117622084562344384356, 68343756390088985821973037855420294116927642248526894026558985989919116808399
63436717428936609021939069177364848580486393253489616312439005888162418954864, 15353401325137650337128262456356802505567690541988522971616803477970043860697
25957815747060672185869881643572137194190690216675437186318547057276398001890, 24046303108695552243505833673833469980226791051118085515771490669568051289125
67417962280677210125666097954476256342181551859899051143281498568670819544222, 31379044454349722576114618982923787377502759514273152948297249081996869325509
63955904089601879779324919116869653291291739484802782026104556069886854705248, 38287827341206180624207967451959486804885439199119472960086084573761223732489
22730378628384615970629086325135498457414585342211302203483237892226326380450, 5771459090287882592940657329263652125247120167049575102497019947525541866534
62350472036077393513630016975551263748301723748046270258677859743128913854704, 66873815811714924905313554883407381040723924590257878046961591862074866545116
16138858851923799199975180300085577267582262508819519303056723062471200463793, 46226585890707712528934803310496395328592031793147671031458791684297834034936
39954746955075421322192284265451432561067332818657424297305102380627268263582, 71031031128552049451724869991863170470401113505804263167482439738869507669023
2858830407447265403591498743801695318622308459870960539838579593096321585728, 26490900467220471681369438345823706647039142807725858822040226554860062369160
75773135578418987868450670598539921156146624348013402781742292143655140240259, 40201435666828373801969808499939477361523617912723337268423690017104881929809
21787060318216570041500100975319681247084106123707609403559089734201657741934, 18027249000483595914418534702129152182681469084029688049000262254768230449415
4197961745363559939267245165902417976771482663002436940659918892989902252606, 43344223150474227234831006089990794613809066262777479464090969752438980527813
45433841327605349326094095093641182910854960842820777883320595168196347658038, 53480751746439973105881185088730541783017267462703077721950464904813850224250
53437481603270555890111248584924118407735229735782431251556905390623114441953, 63484837544859412332776082584177234111016998201786498345999569079016018581288
39126187411936525072417528053610987080439422281046845690256373436542207069035, 2028141291948739085323112957776676941871696597265609756800517288722396118109
72202676498304035580252398667152909060602205563661067572087671683715212729417, 53375729808226446773940324424320741335788731434051763688823607693003916369722
68414860391539712002904518924515283761105112369268128534890817952591546645661, 13768309708044124393545865887550219856533635939691481693457794983506728617435
49175890893843485573516959029260083265371025940375916566990371886529666289433, 53294108297028282465398882525578862856503579273095233406072923782442114726917
