Elliptic Curve: brainpoolP256r1
Field Prime: 76884956397045344220809746629001649093037950200943055203735601445031516197751
Base Point: (63243729749562333355292243550312970334778175571054726587095381623627144114786, 38218615093753523893122277964030810387585405539772602581557831887485717997975)
Polynomial Degree: 5
Polynomial Coefficients: [16, 61, 63, 46, 14, 42]
Public Key: (5238208457228578477932905380961259702674118332958085883683545642027666678422, 36832072684415187178720665439927493448918978841204499077573210614406348932314)
20398025158569899501398796991020940364971252504814468422235882204820023767930, 11798070292000682441045730403956591509162662829810743954878816322307895417693
63536070311703792197679370689021560763474352983473418219863786469159164607959, 40670154619835590802075602257544957482618424585460705428701194752057644973009
29158079339599192589098139605930882966877869586542083966601885865021053317898, 64014224478721776603843287247129521786367940821446228613986513583194247569720
64036139068579654278772929197177511796663667335563198953192501973026205406011, 21915939068753778042892840417795601544054319668314282362357370939165004125137
67952824832344264454901417821419457331102666391531239641881535157610194477608, 58924536742362394049334299055497506265488451147144591817335577311506937313081
7730423525309819214843004147146472038546114136219582515419388998974024960330, 36772451119800581210861400881141215592759042837466485336653747339679521977900
52065080695567953904110129203520186363245441018879727965761821500547582845672, 70295727638054659101942709925004216585578143134064902481070409039828466019313
21215218952698858092799232593824752181076036273172646133835400622813279038889, 37198627362844718483314946536623986925425940531180331310481430029278940184622
64257181122360195249882183607245467204956354060578227525590547637936603073027, 14925592184581511327584254624332418847114304392775480409030120786873025744217
64387777695494167544752444495905180915381104472743161080040284514078164811789, 62841139705937176284374096853346532524917711503793819583694163708736278330106
18200739469994166267767164674449918013319380403096140908051080484342784359750, 21264438240280419034127495914746783036388839697192452015251071461384867338766
32872056005513074285313827854418036000945486349919948723044243936149573542883, 55768636169112006744866523017136705826198494713756599862352093592422386819750
23481357756852505038799754058194681602138215630837087804668178178320801096469, 9152180923528720795708879250675944943901964824285834528951749795458846917755
62136548408168495983823149410148599719433135890453009412101055370443806421016, 55664276510721737565643503375697305431376214440255126258994373775637079441062
21169897244081361452729659797589234365610223753418806514597875136845362966164, 59559276367144109041364323730170064719077155671654939065469487755545590268688
60900326159004405593063097757524055597082872567487504000094895880961613596984, 64823827194888214373320706165431956003038198605358651698270751195572019433525
46188242421055779504936381330656033193318146050150272236743846418150897008399, 17734602689821560756381876080588880240426980780693339717784725045361668279026
16088689879280583588687082475123098713722869024097167978035151833231319732969, 45871342314085772292499929946262962975491077202630745089538240594407507743945
37447815103686544627897685002334556150918157191203172686931514718330676506605, 65338226746645422751844783464093282293225003543553678400596819286688705920339
26265495262541024043663331051213997618200642600903688159527211780450986490944, 40007648689279986493121764834598571755998208666823886129598748495988511280988
40260201436452464518918897449405914385677448394883255199010413280997836604958, 7315435583725277814353200488588416585684189037074616244559097024653401954975
76625668910889882187353474823423693583175161167999645232673155805143570816895, 947040633207948033818222787767845603024209398036610011840333815432645337152
27506793297384486883295790998348341434446485604700648063141814685167576252287, 834169325240246847575872125393899284873684685318388766256426554023606759072
12462435526711991844105623214920712898036859512169395356545600834214923444688, 67686764654986073579323320640003022023465672399179612152627796332580245606540
47234106576727402990063208037690428060279990077883388259599380362777088436204, 71827990895772879993345599925439496885687026174187769190542553800440141221214
26761539503748253597280452098648632335977668607626356373194276879001921036434, 54121231751708338145006014875503223093464563064021111316310085737798337189269
63112142437472371399073903697355758489149934563370644466749123416576982594755, 6975795050539381880857365566275898946839668506376710247997192210731821433037
24091880670455754442038432926946336984055586032431600637664531362401893694697, 20534208260402003464600244435137051155255721890065738622705668818277615012088
23701739003593592478681637506181128794804896972448225057115586401275056798010, 40364085471099772047105559040628269141957103375761058950990158789786140118789
17009483313002039502282533665187889637431821552930260202718891789583427666198, 21206208131489398437181855552892634972501546353630093687072202833239469817498
8198401445353073491845729272524501569052873834972322570877613098873743622285, 38138811516260547046692322661109741771170528165736349318159366733816008268393
77117366265487020006638994749629915684896053671232473001899290372528294035, 53756931137751283672392267993930563834084785848530758457962171079639744363418
2355987967747415411752821011700384658302490764148667723089646016134105750781, 61426287225682657882966498522765471748873598394896106539551199634192029935666
8936473570423523684165241389249726387270193335650139061997477390069281170911, 21386334027875745899921046991945291276341808055099108385741279455867195088475
26018416328873879186666261857325293707884610315551225125433437048798755307214, 69004762946540267293118261209357179233995422108154922394940831862875965256426
35205202275198329332808433983391922830123815918137100720066927808373956321282, 27563678202373289439541231598714994599348161004179697267459249929984299075405
1906045370465811931989826136680000717646350027924764219454415187151359247346, 53283011015536674439329560852414367817188208631763331076798315942390937302441
4439173023036846905057947938540908531197974288970579392923317972310421921553, 39884103561213444429578981494193920488396424146623702047768588544107619545817
22122214114423431110948673998039747199306698829160757059349032060544966474896, 56902919359992971637173135768655717541799103697789401678796509194486286051456
32164712107271882399628941146137995096452924480215907242106564192175205904904, 33514942428737504942328266044455696106874819218575852438726021116622467684681
17946359841534130345513344737768289837013601592320594747069992347195776002571, 62369856463370775290648205055637749399730623629427092769259982987384677761150
41028446934714076839329186107486914554884472422210028521032830329794454052201, 22751960726723972949150650813468540748334241348006938758939854015033521131994
29637571797501719959983232675345524783248571341016992096941214417219998708319, 35259051209441052490204447640702159508087114219128351685001302496904757672432
24635303510699384195848703719079098090757497134762705977730452428336941516422, 38156518394058169758493970093358077195244899396716115989819432655950137397038
4621115445836596070987380546383222649727219304015965348654129690343452098001, 12690584178520312657215927791429659944845165293809438264316455969809570446418
28349564790432072854818805406367727556277950514915520505069785465248922989716, 59339210904246225910534790081631826524462380175949068184579986303851786519552
9204371553498714183197773020096071221626939999336416086652506906996437179160, 6542880491626002682995030132579742791272106257109551090919216579557022319160
69315007101303620573186660242351212632220854035415329224360405355755354963010, 32228253459304784425842936759169264753424538981160742848994734135810294270263
22028636567372993223950424376582763329996597433619745672515698083564105855635, 66610735328456532905186729902860548209434531313965547380084943732183514996878
4346665013569426176049041737346170172851654198983993124408083384672735938198, 18137816135550942638254692862623546952055752338415373194608351865575619337612
50676739888213371541978041701524516325992792161980909616494792473165864587840, 17905472826612214664756755176288339922694152385329823128875436254487089770133
24242859316794590983684693047463617521847042661894752704693023776023290000580, 48823650070902637879728353051222140771518500214590305738083570069983005361097
42216359459292747831264755287266193373434044741576704087867709266578926250576, 16733662928783281033668312508337488431846296656646906192509276552175360166887
47962054927960840846861054054429317933184335928381700170075793972994474952783, 68798981192199017297838653248508989908809306542418179177819406146331903420620
11303962898460430314624044604564361465057350671677406617008120962284370119157, 74528871697516604300434986912378188364584410282226085188941298936998727339880
14512768396815658619175321369605666790296237141250833646117014063267790991936, 42532179500076305199994925314206709011900366829264918246045747138060395437682
28445145392459732288383331528457705743368678556519401734347880404492271884199, 72816506879363298706514569253149719013777637910639017669149552222525901822305
33937696766728789824615922930900559962776390101493562249241346861538158615543, 40995545138029491284502852122766421348804475744015676864928012868742031755702
37400990271380839753631101147717641745495382976654962031292607046638223927469, 31321255216680362211801346394947632115513707849031025005912538004772863784267
71557689717840589265919481918804136388796003883914305633152632450919958615662, 1113388025274095992733340964691157920256956729697802103179385248944141193368
70763058156101624601129618372018653621124734615645543175627569630225261901062, 42310973890016192545799301670489033956197511929939566577427015931085685138522
31701479650395797684035761106854447265006889570476562140641575969122389863942, 51241580362060533039652791839850670944568249165921449660136237994501001881245
51307442607268615615459749881913102406520350726989817722961716209105559165588, 38442911499239111608331792647744052606299446052082597287752173698228819970894
50565390161526344829986962636861078250820866232857816470673091314000026314942, 32011601609595203779717158640316443337537585229892251933641589840919693074105
38980057767329447487120699581708381167232302817845180338719000038798528205374, 46557042506593525625722597321061604763644287582065001780082378498146591498484
10487245080043059527460302286118487363907583857112409126197977132057280518246, 1951799815646124526314548730447237478797210991081011831368957276750935150708
75263697690091360018275575523341936947957175949273781925501628169281286958686, 56956427484213760720448492000264413510310530855231649620793876231807993039001
76443840127465155120121767592223404282547452521715231838655500091745116116621, 29215082246833982679934145069582796988778838581678620532766059964487445377499
55887627378899585591727706837900369771994856320074747532438904728015201871316, 8721599660799226921653816786567546257770345592836354513820374693003028248103
23975879326443632890967019267882976362220944508581015719302917749919849684435, 20165428268013357717789430944531928960797881301915601216827895584710320717182
23662703085555034323460619583795105924600073617673328788794867112230130486701, 13769713966454436560696907535197151567835723749555709576243450829284607186733
57306011943725521821577383711861274574997423062218589357907436051363098254318, 53386644356928387237491736503496590272151587085643451795702854361284073891588
61518924422159523016472421362165139943000627102786828945212913044803096892096, 2077780602666485866875806480542388126740823572414911726340912656223667647792
10893106511798274708688874164597625597849106675936116695089821638401729270282, 5663279478301912727905894706052485663208183310591877143304074873890197446210
17051373121949295239919536887236951259471663881242667540133569434293622184678, 33858852116636599799637476932673987501317220544181560325345543073350661623713
73989824854444144777542327978359936800825331331291340802236306458733797845180, 69892448638675638906140499558124486686265925665843489476321535016421532829991
67599495820762601303129327252836294558965634813798441788678151751996725370347, 26707841538855383321565664604877973640651359433430549231077445942525233113603
43441002751233267165600674293815923763359970579507251811315751204595058182439, 21782003244025891603958890484161101488730472694227264397781659692729438272808
22741961500177937933646614382807696505962497385777274978108942768324279037953, 38851943982870188251183199239518542265517161046236895641977423946173751192731
60448837213257702755108689597108895807847018068825403272526256530575034766366, 6840184033299039450495581641013105368728016781010445731229430885357666122449
49096205250375438180781392822721652654663042734853903972797801901541364022090, 42670468090289930658097772735822199155182012711340893395404808976266756107341
36732097808300641419280125117774088421871342183673661045854632099942191019543, 9270255617804240091649796723894389740265631130122063137887816256877299220076
30200821049271294387093906088123015785262858706582190358860821932806923568794, 26369378167414284283625799788663373393174865256638339107827547325198028603303
48194830306083694679284892427195036849156221468570358956469558989903296865525, 72924665189009887520073702701039913667206051951639088371238366162599800312754
76562126421574606990250432942430936203105550440292406881847904554876110142821, 34234012077556206141268614212068208479543503131470333773633705031810139381250
59132817079708574904264551849644606555267047523128635801175977450656177946874, 6053927661322346238740434721941916009437211731972743609528635428634990919371
40618712596452950587411887836504098510433245406927916431964061717201522156553, 18604184649683979142763894031125188736662215636119316098836896338654060752265
49766897050621612797529120856735906852440471581406112699298819186005885135773, 74244495095392431289894582201106989772013587568716505546039679179911638791215
7906269298761221920804186566391905312033645333603962282439137994575877648082, 28029328232148915040579924678774686243328619311390836841084726155031135671935
4308170993560584743665895930853575789560702379550661920969735350490788721686, 36624128436163928152254332893772490939213898502603813482712975625603415391742
48718528947825179381452832505117511286881874300728628974472898176300022499663, 53594070307094819108138178552641626524563573828363783485364298952446451928797
51716515068415067592087143226094194161166470535968514883453459143663555752652, 73440059374892862442526977640531893259806678218270743982704890893890440428219
52138148529620072658239063389005260970160849996863798996884456908872950305320, 44050444509574787703872298465687931760723146932679632001643207273416451378955
54537798715056939764204232332491759375582498651168688953707813171588168457589, 27455114062531647032544793478120661074238783024783937203400096064645357082013
60099760199293067257153424196375815604635274357121712675044852792300158783821, 12422368182674820849305820504240160449942594594963145360236271366084959143915
59356076726889217095325671434718147652025520119506572900954815566624240457076, 47673634109028238725043199045391257512443665716073776347820811673549088971329
55796054767118918803291818405232712606629588802255605167198711826412602905566, 15550317167464085118989957322100580981092230966036410924203384511063042027246
12635091274643174877511021248734143281519598970814565427997395511879318266803, 68369855000068900030344261757870124963505716373306525220545128781179181472629
33445272554703410421514592068491773275749199267506191083555081317105961149271, 6660924845513484417842850120895203552607025202372237005910025899534550412930
21204618270185858647890677312970949924082613857039528723761090190614508114222, 61342893245236663561638454832300683470593129347898979155203830597881606497223
10769750186257957477434904416582451981380839701427691285121282945928188054893, 61983978715799229959399729012153892484525445351039316227347013672376346761586
23848927742706978355011261340102019149115977752474951508870890900769585450237, 47343763353940011032995854887253444314161119309939266331459713488170490678346
42607566470383902137280908733275245926358979950147039006157362330149103452327, 61951824717744066205484855640316395571123975903064522361786529182076965961792
55760374811829374129044489675314566789906950055564040560254490772337289100099, 49063482309653385080996027954443147481618103314766759028246975746707652083064
29847836757108027615189327403549888721608340145253058220605945698546242375261, 34599042904161691216054863035902874716756049591768943690726443474869685514598
72734019824066609740320632792644069278325063579070474279328707843177576523459, 979556097027350076715008754753376911535691495455568704568048931827901842826
28971283358253230785570096140278255381186635554188656077484603431414131203953, 22899437106155500655650145254805692283306740690688894872722421151483668649030
42213310198497197693327514811991585266589730605998937469440436313279378455042, 46771636426571296815497186330431051276221195441835277097272656319861691046916
46197315051744647839939972730888030200684792876483527461082245129165252772757, 43134135178252411815279110288989634567709031738416081198603615999211508955526
71223920066023338405364364908889925466641205918993250861414546595154228114430, 31558961108155227347584869073431678590974499802783925664180402715495689459056
34594976545396462159161310599844289329505880387491518518237510613188023699155, 3076804803084832573631023921028359478027585888124422718381615383011466412445
52503849510412227706133883036113710081250963087303753320022957384849252896430, 60048814437745695928111915473329013256221852370391807755752129403817621024291
10029106223562978550746998054487211225045343813954450488966597208126191596722, 46099456141843691591319643724298009577170837909446824149722939569072764234996
46538936521133226014704389627134096009790193843705461232277633362571794825164, 45132389044314303929539937483721305751332951696976156797815075185488450684898
63309775200161961603856312998100630400275115726894464392868971034669684239125, 12588213180668775584004585492461758280140917125971576487427670313790973114706
35215821640787864042146453267926188212924438859617344009948814874273938941628, 34014939162303587522812523242316889896970105313944385427025334367226310119914
14614591507213404686650610986206251163481503000608223510640990335717184565726, 5285764060621816812469122453544949799554241504474428435144833338953953329102
22945946932333279783271743786585935654627854571488070812651172997004926116013, 42285810703600530521673153543752595577392854283240853447457894237733683720647
51767819493144382002424286038641191208642233545271449427518222025264323395010, 14247995271908286081286765662609884651027278174857196040757440038241676268873
28533836791513789055280380172815062337834569362682795269226640836718730253567, 22985787940004953675553137465344870062427620825692696071050959771905649381165
65311640582481385297518034762688668384573899979183187430004546816575861238302, 18873044078805120591142560355431894289394081509977240632768302254480353928808
62016592549623718274682529208669884279704151140886522507394110911924450456321, 20628857397968916367795046196948396566877046946491662412637072195588584676392
68977449163580115336675133676599638390445589841600596114682148335669045925307, 63961078100445208649328421406187972233059838338716929089313027905477724775338
43747199102992370089752924074525313921198770738425627963932759407148809480225, 47408568152287587037865081572442171966000587128662466627449155256344158946851
13914257539937778907729930276334723873698660464457498993658262172007923960786, 39071850797069677908979419669626753762076902062146275618697742802596860218753
22137068021405608327667913947862581869404166773829238118802622125333790934737, 40403625212144127676923932235606514452280464736279083707677741548329675503191
70772442040308745118599847647257813707975505780124579397674218760215261983631, 59769294444275421897987001199232833333606396221247859551083608552998243851799
40870232606509014780186568503324051713305370265046319255040401265556427736264, 2506773584730707640177077215153996747998488036890455985773631031254856786001
34717895337365640089286298886865766725163156438767490179116230886577299127515, 5475788454882896107516520482988870568722980788975418552899219311031164789374
31939169735352457571792273206213982276211062667087321169612979657984479614061, 48252634952565564957460954035317755516119269568470080802690151799427041207879
26636585233558235967542739286938761522753308105677487259144998351391570143437, 29162478380699582893666082426340147014005360548065332851882670148246270278712
43827667207878362425427872739192389935619497182382692886757034394734476659785, 42180886318539719701265418434949353752740389627210248465092882276291110182632
38140218345438764139230981016079979377994559769297394099436554536846696841641, 49897699131309253307645318511272149283234450491269978279385954638155224128154
28260342500317278516908432669649682964063357997213473645456822836059265009641, 52222298951726759392934783721698993506849707113455606087530700196484780424535
66073741272908899698774567151973309259482850342630422288572087287358576002216, 42342565650237685252203272760540818210411247013766354642549464240327201993129
25096819817163116077088003453077500891042959166237657286306848050746274700159, 39298367515672679463818026635452853043101634536585594527452376600197467115538
49391701869290930255981135043439238510472457777546629131016927814734844489106, 46385665891824925031996157501299802843811734047467681035668512001031318620797
50615573274085993574814872587161208291424065033890536266473020048939545496696, 50010478423478248984502269531259141433664037799942745082968166869780214528596
55084346038294762507718823187894252608119420344398089085305591463510746310341, 39512523349781443932470372468092482145232016872296731332575107519647723643157
74536594935714613984552336362807388848735043158808060127920966893450247317427, 36929202708362990557757668500618284388547535860734934676032623105598363917018
41562232850448470238898071318471965427698664101275592253712467129606882555933, 42232968785019306187180859967293069387125765327165226011517953110076948950828
31203946118965449762677448199978288966811415889165933731503248563901363164353, 33238368490993724923416082867167061640654679322350844354258230129586841883282
35510431679443421116672752494779675007999811161510613613497287486315151489603, 75899134913587629568578922105500975889590906469759825373734002063414427095092
57568461734256440681739487266704472668693369925341115570154188139789657984305, 76613805696221984944651346705113752787334299115474913726249562726663295017205
17235316993296567752546844571094861614623577526818814236785522017261867630012, 37740982050803669444138225224250274474432456834132237998592051473666267986837
8015032197788292010239182064206496005744377605252529350945488611906667862340, 26099864674645804514553800642857355449578294930596724280403553724038226104036
54033310689062989259565252041185837236089469475060108496994984839184330227354, 37672663192799327044464655269546558620387003227797892899273118084993389834000
69638444053680700406503660422844838225967764834159950669537501823357431276942, 18682820907498775869283723611566238563281542837654575274344951091757986899235
59365459747503864237939444205239275411467179514726368765904243460957777474228, 75929637456261144333380248919497086703554553560059143207577000752640339980559
5027473384691168295875365280523972001365191078888759142418108221025505420982, 71445696180930537601946503720944523958471197703444416887158178354179771796646
65608396822879310411722045444571630791605543889321624505851785867397961240981, 23756736345212003207243521092742082608877073741986933648733770900747337465975
73469594690160052366796062357817531454996868383519461703244550812903358127635, 60952910753385453035081881149149781920998974643983643707374819928933748375906
66495029987519281345965692042209022811257428863008026572804983992504486929305, 75025454187341446755743031526717250861184618719755541527649841878416235197523
9372580438319020950926101526594217982408872899965577181380700721171846957117, 54208864866651995297027755536726624649059828530096623694335776798536801005959
4658324191861012412312189035106792534529107292649897103561027518207419486839, 52242336075600972667019519516442090916674805070106426750308333545296707184030
49682148500178965704803952379677742799506596276041308648064184345019040027691, 36115876849119176341641344344373126177789907278499043308809392920999936194912
76472940181758186465224033141472291775169858772154471355244361223805754713258, 31930474596467670802987125512642767974733245402825348677813664712189982493511
72773021714900233439002627492472458738412610960890514234354825845518595617736, 35614989572164553914390912146203740611325726552494628421651573313007217131931
20122031965099043596535974681705368894244548476126203152826668394158488869375, 35671445742261644519123295951189887556194129808318471330250688627512960439104
26133331625379857540542691189360634770311466810864017524435693163019130067784, 39192128551175687393640638183869878389493018267986267849755565099257681597173
41320284347115863501869437673607987386131163409645479214540711823884707284543, 58221576980482959776576023182781117213997752828209817376605220727162030552608
36268836507378032779603764864006141270860332529892984320655256659648606690510, 13762595831611718315799455758530110268150113409218736238286257798987363075018
63365527507750352915177738702479013988396767499940035217461065799010408054183, 5944055892916434069821469430866654948450161694248750445731223128396700482896
15777838963390382132863236360752118567745585631622262728076908192303820657029, 45902339239546799888231785895532680129741564567729529559609758715942206962030
60448510124670087565406969844419763883332010074534570093208721478495501831005, 29433042639638414849189538734948921920536193291329456481460627032189485097989
31100952515810540660986734713631302853841951147444141569141872498476583935021, 25313944478265780406296127117084980319069243090457681547403979230469710192293
49451043332408921953044560343215924244464813695792403563570765821939080797313, 25287873626366042211004880093395715629946849751110136611311025777266568266839
40801127458987894961745010858828534274204297897596856074716818482378156865222, 23349881717966136196802006867891344934651410620386900414393474928434976205351
4445874774198968553426171484118332749625056369994319069987416900947330108927, 7752482995105300924086770698432893487321783584622974741311328678776014662881
35253643421966668062330186009319988827073354678439182623729076903137973801183, 74890119294912092789695451535023496556444314929714381928100690191319622692478
6321801332625813582036201043344741606039014394207093125555969220127289061478, 51113572321181671435187853740106246159569931743336024535452915456776364090633
17783743947177453514585277952076029478530359845427302271835771024248333465740, 58434226564711096411502954154443527826960906642353107677463029956861438740198
10068490120225401043327807184176590918226709638485058536426851163980901571094, 55522721935599209853580603338892516144799210528365183270731427602419146560067
33142265362180793315296804988963877122395124328702212209158639355940055770623, 46445387668193717942617710546296642838175741134568691300006666650621204478834
23859066688699931639675398012896021033078406720604840254250137113856149267398, 49020143832728866208441487145203220718832507810249448765509935089061555988219
32762321126503704209281854868527079201513664086271921606983748694921171399011, 73078330214940051665530572897331455077426589488307319103367330907800903811315
54510389491910709889722924300199005635520788244799312287860876429744606935758, 3559144991659976759314907906324529907913484947704020563049109859084745629915
44985521474507454158820769020267427738323770894664577999317322711050642487948, 48567407640967295060101210144872659235917594013062787284007389988486329093552
23314356969340979856084894517777900864482171357558562040709057626348061104400, 64128470653902196591365930780974231695285022253566847942133343476235148654382
53398091322251671992202048829401925750700995817427345446508240621666113010512, 19330350293053045117337374914161874571022633741915126526222363352384279910013
74996281631918352030911342195452801141776438809481367388486264644487895498255, 7606848898492707072863221151596150068955199055114328274598579741144027447518
25128251935199647059167567914534278929989441372872234064474173125100968252946, 23416227588191482229494320227322375538598556205959519561126269166848121096285
22617540818226946849861979186940558056386240454428747624535972088344240382210, 54666902455579341301822919969813870590335484249800394356740170334080193936431
45254276578751647768343056177729238376754671933045426789455297263423377966802, 17981317331979561187310862545603747171879568522223114430394548101956146164761
18980487582097727304955269007418958518027249705900750278720335606856340265228, 8087422102513657015583197199810121825712350584629276883807823653772787265524
73138914112721087144244157921242619192356798861050824648277093642806088763520, 28545052781004226415157345430050420679997805095374613303827677113935615663392
37683793953729165764843824249953997268627213063819675198244679226941717804284, 4602756829564610299717824539520576651185982430498503281059340172291010098226
57233500320912989731276822578369199184720702403066771969669388070512631321575, 52759303202853244824695084077905790178667183614303235241464834805491860339600
52379466162470690024734164524409786060507733340932746339641965628145353540458, 75741562123549310935156747465945132686563819647488450531818295097652437786823
59794226416277264212546389838102883718078026965928828973046779087052650256087, 72956459699701778186642425847343859092970041908969979833606018852039269256661
16817631456319627597867901753135451984111637542311502669084077924660218432826, 15007254694793145603718309287901016236149617033009765682754641399999010505337
41995657108079540188155066075097004527781657198098173857736553245211219414184, 49691180246979007399278370599265187035753338125682080233326122880201388503110
18735526321425268008929624782327523053227908058046296146838498301677866173539, 39337690996515263056315942538840455429717140822496950468153813610989831819218
33601572759757750998426395455230599158428788994027395708145871000391725578208, 70880962699776766910648713817755513739510622113718563113296577778540618356679
62328169596574794236547624335035648246506207731654794445833404685101732420911, 8341145267046762419733513150493734909358751939077821505533933033427308950621
42255405153208588757481801978152824161311700244819007466842261832201513118120, 72240758235499714988006353824285981034563735820487000633274044936611333552739
38160721539572098522834053618536281697601369609334359276228767022151794083634, 52935365545784405223129986876741353535876402154481745377690429232750835725124
55060512446934543226579697244091316679819278114713867725235736661911545820577, 28257230507526745193074680866106331672187456456595820823415152791149754846651
11956759659383665632959246855839463746502144680051351900414956165949169509623, 650078661514006261071098935444361914307432025776156424874493603121131408193
44962162978675503205676166076988868846749029171665181905522640005954832508178, 62370341391299386580500724857581846589743111313097871544099151232493403941948
31128439680104541360954071857204901791736389000634337781685711448030522724502, 62727754167207313345805978679809428157808667315860526310277461645945401206538
39176481332417205197687000933895474317902413468390242761703713380317134004815, 4454954491296816494096910762191060040588491297770441356672833897523733914607
49318403594754305979208319435778496718958806216684899204230602974725527601904, 14924894926520737616130046476803494171178205467628490173838255782384720074464
25877772172221938646657781604052771682132652263794565756479227783750980482446, 10409075392373509929771126082512495989783294692939521865761845075769940322372
35661928192985454084990652508239192561627692744231106572130311238732370355763, 3627424276051053503382666464660870127106123512071907832453186436114023343016
45592340578561635384977780819262697268058360089473698098861160041537365323683, 33006261644334655682661150188160447076613542771331293810736186658479431909169
31636680346045923599077506264161851855326995350405569109187371818431328582956, 45795038695038773844248615430959435294268097224109167883512700781954352401493
40155098942624950321761099198158107398603539198781599564029033638816449988922, 50431408725945634642129310498993455016577018224554143295626696145260278132893
35505395133937508597071884564239584437589463225941304144327379674665963456027, 48476055626519591455947460251835620294639153282610575300806994151148492497750
25916742005740305440906000196713766360803181259928096791959649084519976747253, 45025903867986684482841093253245979871671292123956191897685827474240788417262
36595369863717653055382104937591790508641605598302512898783924689387137415196, 14551299911314924065169922066606466118894371636974501499334035902209633807373
2304477218028454181327487302651915628322000945102710729991780424693032921329, 44931339349490165371038855520686769078665331616486245964463436502069541642998
52584969134433742988025478009074212481530013575803704960074555286608283464160, 73221535557652839343828044992619929640438893366793811868406883300825982286285
24136113697470694366417005495212563004784236544553696628005305015491597654542, 29561290219298212854544298921845334549472842512204467016028139148957831569114
34975633056493329208759408561655813639976551185805644387850569075230603562822, 73947926057909087062123380333592729356491985892251105162649259004467031832928
73664408462514038233788897339065334817008625345060918689380603779207427159364, 20928134314311609433864797150683575917519961457851397440594854196629219020445
52848389861059831577887359354325390457742904835379043834583188703832056635316, 3741965051958468450939107692987976724211940446889178662904100832509324217849
72894900377867114013145523032080759743903250354039079266411709023566741743104, 28964790483463912963442515682879846168455500624743878794502953900392784201600
49161438579453566549034516302583791513385189451914183206539750832123454307978, 72746129145197066601860277439068086644764529534566176147690719103752416388643
22871421856528021714738356508950233847202780407009698354208894736128779683552, 29153115612668520037443561955678935871621679359277496217588147195052599280663
45985643609726996718929119259482248260399163282665019271037007004599941685121, 48798801571711944915571500550234986819308751764344517388706525425250333825173
66022489084314097075806217724695689268372065672069686060790514353563704175635, 63333581571032723805889601326289804175111922424658422879876023051480408669542
10402650073219818779466707318117133930196252904774397228522192560383443257895, 14263629406903497507810720052376391559951013059229978741661352664633393646127
43479326106957544659308455778836819192928089703866984569474987187407614669735, 58895844621336583134564526067320256662659459079789011104061623461140352696291
28264539593024556140603378051649082835112822464324490786620235225063188445694, 12259808973705741943314655018153914025748043140935124792386848407246276608885
73460851483418826804812554290369546737555246232743334401161945916985365614236, 21962445296227546778525733209178094542679691776756452360994570734413315253159
46409283900189578028998211180614874567880118554623353635667716320027148920048, 57285710282671295694149487179012523239134560847881670953489630498019915106007
26515876074382400059115138483052925988013052098720223711966497822117724513667, 55966187204631885103008107738041638975770662192430191935740710781022672790647
16383952769500999274650037829900263646787424288634606278809619025798369834870, 6224512626179872028520699710741826800926313826594285761643749027734602399075
22688442296117984748492686588776519114614772507651626924316056753720600643514, 68472110230984031723591804708586923649648158453379197176360982985296545948729
16159626055203974900108061388162056223010156206488609653891912692262839142055, 39240189005971891903341576375523631036155979550079290269826053970806332362162
27231271918627449254473792119851414396108033650747666219987180025039687782346, 33340956838845183670941616123370114574088579495645547633406019103066804048565
17654273782862118815359605809205007271118541675557200203249864306218348867018, 1870776975252985288356691932207642426416869929607707799934782948466481405653
25141303845074943648816095754417641989788220898318896904444042533793006484775, 70888828770422615645679946579593239940909171140252723498742619302369000558776
70563465170279890897352188583100793501591204951526502860103949046814986093440, 51845940760443937920803710844211382216264957912641983808526034672371302739141
7299282118829987120691757206048856409202531443765516391363891775278345998640, 21566049911716553865441822174991722446547704763600783702675592451233152280677
43850593018965525117965879722382115349091294911978450145042120282242266340039, 22541774120384457528998600730312600234705443975062209853394283793543202150832
42862781156860344581621348318529935974743937888549117674526336365318369843993, 2381326302723150448532566726135177923168845100390497023483059095782691842230
59212360203488190686461084918734314137677299939871311880571252648188565986143, 16625271882725189512788633504803148039871067839538657452466095090758307237471
29972595908906935567512995350208172954658813524317783231807666266447921729595, 12616946755507121403175702234963645264465479559501601370165760025706517537205
6438513388967714357574497133373849369534284160738452646100871408534185506676, 584914475083415178135179105061078077055676933470767560949178547737372388901
41643378967956816688882070643845901062000046373310058132819027664296248654200, 24287772836335810861511376548297278901898292020018099752260639172853484451297
45209632387219635607972329514047641671346103744436471069632069550898812867458, 48207413188207422638517291784824684757931405753976808801952557070141051056578
22958785747140311314524228203829543207956785572956558292836918443851427112933, 21298386273720244619627447358821183464499915475374807629250661228640929464009
62259284682070373615491331082232777178926591329636024222938703184205425598379, 69329452496628775370955259223713997542991981155209534113496034434059938152495
70038359449095120605268321632175732946619111770740912895843713412793425801416, 21106228595604575147651405017187364824235902735507894878139635067761597363267
56205227853548964692779580410196260090842978037060010199053444460486581163309, 76206917045594334368584514963321491787188292790230885226470009310390425512574
14943983751329617668794449534735877520056728200308944681941443925867222083390, 54686617253466420812668406128732929783070201857332256617026050961410211941287
13090580497183895438038620991476215915665140183883335531779698879264400431129, 64919594868478794449017277228387072152512159357079994292091709834769108997511
38921334752191570292285444152787394997482634368280892932961001567946532462463, 55474149171000387426267393379720112706668825932017866645539810902956098332376
11848715916350846420678957435597462626377668525159520729651662520177028408026, 19658570401617299005743172477119705418565504869884302074106427534637565051764
51812387140537070884251226893901925782735044614362834058850618921112832664616, 34565167613933485401182325267880316163773745356882058363402778055935074068849
42015875772063446775334213859738946385551204511981648614759924362132397606607, 69616200954096664329259648916007046696272846819614143395460921319928615854212
21516568097473608857296484949089602297438390604495554145305334839296213311114, 54651255854201891543683404572338960698104944575488346866154076534249191569974
7422326278422533941353293834601575381692380338406969153711977329980500448764, 40715857788062022902282502472766987899232812416894315095497607365138276916161
6265249357878152624914315398929036150000813260981033688940977790057762325035, 53892262282674102819897653105299299008678652016352762599497890520202193900965
62076760449689084668677804068270645850275176067149963554417379350631622702947, 51861841862438105522506686296679460970817370889065953472040025960333202984083
52450009329823475963669127995578484834521808106883380184070466408102166881319, 35333703283402063244499694693750523274410381690566784111392164063880304363408
75688147146469117996677871146861714290339720331016563834364893750673613894699, 54670777107853726760815742231329020744484623637783717665233640808766142350102
74546713178506192982165791908837533941659938725364664902710323113413556981121, 33556472354555585988448904930280036649715364917614284807026299439793955329876
11498168199124423246692290778775329714459642667745529315941889519250284761759, 9120855396211245947644414804523263348452025437770746716073838492861346676665
57566417281712901236276797291576663722447635946697947119133445521659677642561, 63307264758136171949951188825637419940565428450395959096550219972690742304639
32351383043330823594946005820419858327350126954872395070407552284301478301871, 33348196822624060678834341095497389981308179591252374678723480840611295300259
9888763199259614111035455751116467520176099291549919583077666978741273013325, 67918325118113926104419688833089634826346082987401967357973778931344477686886
62379299451287360111319761748943989017376846470033234182004472641059929493710, 14110578098781185907638146091432921177622743271206254847584043087320124294958
14465672045042919001629505145212992082637788370682463527183986614555915715174, 61157787260013569762263708071182784123793625114017760805601197181032417981697
4988963247984317783434790130099886934175481962075787829494374160086837694231, 24307205704113238827623967525350923336043604320962458596398068660902215394925
26151052485221828823930319573490017753899781225136139029836287111433446155296, 18007233982951337319389220424263705335544963230093740045887134402920056845251
10917303422269729056137974543992509723520807702476434072744058165155203273001, 17922044770878022674046613264957503929842474004108445096568602235211089520507
2946822330136158384876959490638488461186819633812740653511482416217191021646, 26475604586647884272258735823442889781341031106685826492391187351451765906776
64253395830751346192038001989943626150640777005500953454308237506803927389000, 11200230484564867392057201965965415733377526392180854989510950725145240700800
37360622599323033939896200550973711897031531186174297606040364542273865044940, 66403066543563636983914712239616916229524274451911320041303796663851702939065
62296975201106991392234946603903937358318112892214825505954758218093933561234, 21478419600978406129565961157883251757988238242768499745241538238201579609267
20894854616947812126406673320060923655946974706641549132910396198851084892694, 61394643465790104599517315040302890705565799728713928158466509136783230911028
41943497590608723740469179530484175515309201674142958250595299729395903722576, 12943364738688684124105010294507684505405804888606637567840048275494812345338
15622344549703947373862978880306672538270890341065576598361457073837905211733, 3878878925954459253526040653975057021119624128637592290603402572945819074402
75612151656313928155546707116373567890800544483935939763975285278009455351273, 12025874320131704368088398906718970987510446201247741560466550647081178988523
69733376708824553809416046648524085096393555019565615743572252207124695425857, 41198421041085697865443755786826221674277762491920237126395382104232935056145
63603204375861171938595424310052300345774740828827401859866026308677308985480, 176164938875590120862956275799788517545304585102324918176736060614208732982
47972164378770717940592617679745665162043568332697629724813940265170942089134, 48927207337486370653199793128103955179671431602105863346688032027547387645315
6572284833135066644909535756180897105388182401873347037285387816611934724678, 6833085239493461237810327709874835912225514210274298760502294466617915134764
63895336620926820000129681504291706233997325815327497727609776292729190808956, 18899800682649926770865106572567443436856250184662051522090523922454255630619
73273230789923560534763833776407021712394954561815220552598625771054374752970, 75480741283746311041401725511942100366257292415254010376123177653219602053628
71345698805759159789688148940536812627249996028750235984210042736878321293639, 58472591801852046835752841637062966540127303120298105569204425309254348822754
23835995177453685037181414812595191594089530651921677233960487811732458592355, 56434466811067992774389854004990716878947704049225419590090247177982037047374
12742197692989840828729635189301843377500274510679833122417973484010681491361, 58684168488897274427899646327488272409977339375531909651076538206988868862084
3037786343362657143686664418817344945064332379348990107555897192370327809783, 55754523220407666058991928554778274198374345825705619696140875330899712461829
41263425143693759638761403898257827967265631360328911953094577443197381679711, 41254754655104967051461434172302795798228922173838402479446478069495628299809
