Elliptic Curve: brainpoolP256r1
Field Prime: 76884956397045344220809746629001649093037950200943055203735601445031516197751
Base Point: (63243729749562333355292243550312970334778175571054726587095381623627144114786, 38218615093753523893122277964030810387585405539772602581557831887485717997975)
Polynomial Degree: 7
Polynomial Coefficients: [35, 61, 21, 38, 10, 23, 57, 47]
Public Key: (37949347145601344711166505685173164848623189485392997016813634760795431718770, 59418704114858432785254764110144548630681786959600453533357001043218048655023)
3143074020896101376878103478269975824959918132863282742041863707879126501185, 32506143906961528711328989627822855662849751616539776239750483380680878315402
44903392596796035500682138732395624621693299561865377751958185058884280903823, 66767067096674518728195674730532247570962933594519328033420390376545003439129
40195572428173562304642475312900942335628200544537420324228806688085412737414, 18264570533388720742283960872566279444741220121469952062511840370996356331658
20804133640345613245758875091929424558854865823003765996172127227241656806646, 8483854316752431104055211390365444272381493077327203298865227380745199966961
35176828827801382486245799905786450481720701296226346203830983212948057736253, 8569219174204156062253703481107276961297614437731769738728248148949964273638
64036139068579654278772929197177511796663667335563198953192501973026205406011, 56989429320472067963158125814218651792926380758484081419738365816284861317935
67948889960315967183658706365896315210543468680508222565858304795130402912484, 54386956370822213239045554107752291009230113177145063145484034152072736070844
8544986578541029459988837263822124942667025103676983423371167141680551806511, 22199283149239649816859969236264345205587028899548455216892958834616286483160
49818449300048780659604107378559291121878140770342125529076116854975552305590, 13024986251617327550805237983622570883969708214698916431014839697479822542835
58302379048619140136016557352100068627851743317355312300556227341156541484100, 41443421804235925407855915277689616344883277122535508615921164378464143429291
37770079389241060984143878286691552299340206720401306502145559492518543638295, 33666079038483201719027773970177432822685028874269057028756221619122879555125
8019448919880893405715261866478599764837172638548489921405175820070915887836, 74868320815808911845154264494483483915480010829959794265914936083603160501757
30706607232783178604253962910225302369521073961440125869084377264217020408995, 22953821114839334915637733260374091146635996839007424834339360932425238566649
22701285485220273050155432836904210710995605798543589129388234239994741247411, 72928792383820384522548969840571143185889369169272127394243416371773896861002
66345845567150939476020026602728364479334363051340996287928782035373217000165, 50647028990480793564165352639362566377918624151995562664435303329777595521845
6597319645020459675153656867494668976614355354347900649739694012481384308692, 23033909349549443454599295497250632982261996695926699632661464544615751809061
67356355374521531057432131756367726483767873314480363303156784594132744778526, 37736002266724951633706734420004737704583454765135242722447836510562500873236
46082459407914690279262758864674455894452055767743767044382137289995667772292, 48654540750290994852906012393794489729019851914011541032389858057398704411320
18456373605268592619326286550554178612977097891935688368972222418683524728489, 43416649212466506104672653279680793000278354056745476048911227400193978362782
13778870447761888274759336724064775809796773427884494805155809305779993079784, 24928565270398760593340822676991370679583810161130349290167818078596232829130
67169512162356602128972734545492903110615766811437248543037305634123960529088, 41751183162407501394221611345315632532540936241448386450913455472667236238749
33488589373938185016694254467636644391551740834406731485550958279835648790925, 39606842494261306298260339366217646177069922232221842004367349018058123130656
15499467724646662201905555642124284807783957877647780957396402453819853949568, 3463195861708476008180353671368061149481224143345176497844405942739341582036
28777278713676173988063909988395936738306139234540170188513888998030746630276, 43768055161434871977236568215591965053952063708008033797902339972006850058726
58147579081994314546246450862640027906011051689018574556545476289593673602386, 2091348321191204733129705412024891173844051289582922113171136611999189099825
5144756884564274240665420876597157432119857337059878546347794430074016902843, 26602072826015623842701169199827389469899724669894861628140277806862705081319
1167028951336836544762061713109464013954290083777357464053244259008163029895, 28687279412441557833032322632229443324952546822609502624024417742941121303535
74258633791005335076234740800576052201627743679951356415381656430529341871284, 3029883398095280733658579086419493676227483834861468487948603383721959218350
17009483313002039502282533665187889637431821552930260202718891789583427666198, 2389843109817576678155861283047232900320258539798414139500768798725056520704
32476708575919396790647654227758562233241825784926021265109713895023547174684, 52131032306092271814725333287823419825368256464999115474091392426521839851129
31403263780202641003463371019194161145829356489279059136928661874115706071892, 57580805747931092410996687161442392456413824405491980184625558373159688216769
53423080188883756598193472006956693072768763447282703268607389767506254828162, 1137775393151037532602079283646845686376467730000585595803365749581060951416
17817318019484221991826287623605047939599711776910482905151201246837215910854, 65097426368893165225697317071790994630454041595739535352447099124752462354822
16740658190098009974683802557225246424318079089529052025719803373556533522075, 15723142159920610029608681175444362176468239366279680276984356477745691061472
56341422608602126419462075063252073759853082224357841509857637543630878469885, 44704772463014529419526194362733563497278391731465319066359908724062947755016
74069860118981670093139590087520075022866930467869862752976830611368338653098, 48189505609256493054316525252402933584585288959782074899952612141467031096095
42519683219112724134396976108105374461781875819898538647329604071935212726238, 67626917100879788906045309804644418184973937957716905240440065616202416448004
15156254934994621358180081975467973792529525750952392183642172456247584118703, 8971225427716485541382311905151318038863723184863265170102856142690701601214
49993073607551223339995804817156464349893190055760665760427420764343733080188, 31804720926002205996267286263374670072783812123520217242400718022870361838284
8945207149719123050643993880673851808037578162032025414111674929346707077589, 35347225904852068257398290146028365471865047660891764710606239352499691165974
23401824917336072008615637425972030882536197432297234910156749990009984791419, 69848350979561763558387043555019712545240011495714908248651129558645717267678
2355987967747415411752821011700384658302490764148667723089646016134105750781, 40096710515622701130114499683425973180829003478811700638602288265893637926219
10104766957432747163692337489899877244838158926918845331661471990998891721386, 25630624666023138889046786550444434924784712216067038955837763171319465184677
41658872202522893190268089085655934701354809630152079709206311807448230043402, 75857033256945930768562001428071437747312060894499026632272926096114895517694
42739503883674234915896358233949434073584492661132064593350242741305875590075, 18780487275462304468497808052050971308936705461792849653420438699338824828025
22103438255351398256089679143974667445742142853662227173277599638972064899473, 21068790742311265554990742996962248286129216921608930701152177364284435915741
51168433152077544465548683488163206598717358799051825958413573211674217401913, 54794365138595329228454953238337447102346755124850686124557034146029799159368
15554702605800195110493814138758765879524902430328433066821552267313832480064, 5724807800986616544026529837314560716055292592884175045512843480898241279328
53703976658241237982796230040352339447511798293670230238163928711673814699182, 22557510714200110177460370596764409226023373057056363594401655013710604147787
15452735222825706192065929471564518457278456938248121412390188127913429924418, 1236894922261627582882251103019877391155533167490153821787316887499875634703
72970932496770872326654435802394489076814254754903804036744145322196618642175, 6080552311306881577359865297616016512065319556731567368323177318329977046587
60244884123430025565999207610171875911915843940853800931546434129584057612512, 15110336742636240799062298961605741860805019553836144655810950769153740535735
42835574945288009210832443083051463103093591496201650539553310565433500599443, 60319461486916679545273324513413534307861510425549787070984563051325186160482
21586891206777353844067799111699847373103018485292866907632362218599337799523, 69622474251693524791068624984235877670778088204153612220994724212937392219002
11704099686769162894031180386324050095369437575881800721736871932363753751276, 33859582884029737217896978518902720363827283413492718491455359487910038166886
36382555712454827439828241255761827674205866103316402007231758096788859899220, 37459716334802355514347197646793050646866665071313220561169113834492184039356
75357663584276741264502420734525110705888863721227582101017894822617965304414, 19317273509599814404662726209767754496283184386134898853091185082115849689935
40470915549203765900509887416313417695793644950824245526871824449274748180247, 14070756213324820260414809612911922369773295505737402096696319907121103382997
24871683599679062681810916012980999240833836494112773206242278825011012653656, 68766025817956141662336535351376395806797587935802215134886385365214903563667
7426180833254542008764551707764776986155728214332613928458088585325780906716, 7382640093820449283495268292555464731388895591809629924192062397819503826295
4558104432483617542356523444144121791203080998292691432473934109618836756161, 32651962057012095265055101049279543570671534770970220926186455529636176602229
3581427710663900590239688472617117444497241394645316023332258552742211546358, 23771667182794764998142615703095653317635377068906597891460149896036839420854
6478955241291500388679845727300478806945858033926565563722687974428227683291, 35087024529316858926627600388988571667033006335054414243424959060584151271007
48430172960576505237605563237162015228984390101461369774878794540403590389442, 55645918939875222044818691474417662012561739913768951133038591703528764015410
26838348521675958036616281897919463057013468896702679174807594373906102654872, 46420928950457471582617567660443663499298749183610523088840314338708010379133
68001481131688320911540149866781901483230316875469170916762289211666075147568, 44173936309082806772618800430876150629768079396486579647259130924724730898680
67926340358406465942762856774019881777944537505737906869391618555875498587976, 76440001750053428498778068603336918677836878711215290765107623025689999993870
23582401845882246728001382475284635268294504131091768108448780386854994279775, 42192265772914618283966014884150450030486398887394476741529886190425043024450
28884592094516965807655484595346581228152129884488972786432399637669259603444, 74191571317730771271888736306626884930304018257700920305929976346331116696019
6665826332543975542257102050501752843000407764811142517861789530776580346474, 35153997882314263367887518703251379548449342310945151780098254592263516162610
4964590010492703763633269495935315684716563077535011124163435207940738006113, 44801115191916492663560959828946965573785747790834946217244639701997208417262
62439320892771868865505747092029506563094679716920798354797591188952029839637, 29109390364739854776476196156949694042740750819218980594211571612655209255265
12936314753077695321375880681990227614066538892328450897450518444822486814656, 30942430023142497533916638550767811770803950356746026435423773609393730236194
27939846307436008900556166325770957116932381092336406658426472569876762192515, 59752789445453115155581471303103748748852267982763243105507810677001166457817
67502482621020147658527175397528293038375817939610673171617603827043157732775, 20925828981988736620659313075803944376939636252035109140044850535113282140219
22091658120237929519348926230602525739952902884976658118663780255714334131743, 14064554071375228767893925575847443708760296929452591023653746361339387468610
2134359475127651667665884284803207178768045010393112012558523000011989548735, 19896477277544356477225534405334689301323195315912470782518890974153164696170
49570551125563872584639977343803108714317102563513915445100504038873815363645, 55004772414575011023615053469594273562422586255302618067957471785700386531940
45021483603282131674426325031187537587756347935098004533378399907077528118961, 28411016052872324850802735073839145072162471773969009534911380048205859089134
48044974812038843035826434004235368959922546821185782360676736086646585196444, 26641602655410763280424136680812959528909210402630252309016889851339273935703
12517091298925258212570366370187538669159926282693937977593320801215923247438, 36842529756613437666711949144595116357613312100903050192114162680624827276260
55530499709576329056592884267668377377389152053909590725266371269912300494699, 26808287892299912446478741590824590966010464902776000150064619400112062261782
30829828751418981970611544385486750610228747386233919000180088088632411739707, 55359079683233488334899326197314604031328240226633457243410755559042611032060
7098624025120496654544423800276904352410373809099172892736934004251928321800, 76582485993808364894789710646739111701055798685796667552416335657457235470516
50529572021378811796286518286710957765016100704770674719422513303160426652203, 19929601878537545502745829735547964852914059342384435918291265038833606014707
28297377871807828188907285588098473557363225901944476968677569087865302498349, 35630056685612550275046201849987374205966132523305343507703172359754649126671
14577058886645480572044098417129682605657396512464973787104050626127638366222, 6590426717116769064828969641390372535611899066539364317075253814336891623040
48213826737761382836431635776901704078702797557736965446802048824778885479323, 30083158580799632977306000879007443271236568816208183106147735919430891422753
75255669620472972416149255708992334368935142133113426000169845420144219741902, 3500432307128789806174211487814118119950023487063027923023796188933678678001
48866606372382083350271891912640147780613163510217778079108176335498528380853, 50697824603386256262657688136413767934414818893687794731838379038458040447723
66205213786522209452244285387366760993812255480660424186020735053702281496178, 31030076125384050178595718573573693105601312851951781571256639655059835965085
19741101970763256347594421223500219460784706195321976148542334811828013541877, 3925969055813982888002376745639360780933823955788707368237188144400826008880
59893352224127575914315014877415642477876095793649238990433835901127799918083, 65362152506321564404695710496519630240280755600136051720517899485749480744002
60150438069825214571971873098848192844195969490384935704055651794490955311086, 15509275799594528271282030693306988171664775983864482149969704495630361473305
47632643310754800872210996296186695125584034259513600484847524865685641918879, 33891793152485155859694163812132584181225374146987571839135426363918657885669
8001534071507986793776144225977492379752058537947186555213244074845343202061, 66868425948028792926220215577832050403456836724988508615483050301165175764582
43407277692886181709565725301580012724215222379627304156307393229013916873913, 48049179055516204354840198457199136656518816635640873139529853262599614967080
55856916486910587686876083826647075079734530470179719191383054432128798715005, 21457346705712180665876048859057246894788685842951714390395471345356540855914
44593113136734816757723099591766321500411357483811723891374395785999565565914, 42584444850546256995777395563033340418802719439657876038157778458999489064325
49707204093722250230272119572872576135128835518070333121108625386617187811574, 32091956072173276065135519821073150253916293900733632380067685965797543210557
69996006324275597008797086923570901986483888769618809482855501198236790843413, 33585552520473951812944311914557465689974557437389686902784170387561510866040
5703781765245946319919419127062623148605688820033797296139033474889335891603, 60784082258776068926977477423885722166645941526976199493512553049516461230291
2000373707205465149665229103252066927551551779234554316345681687474696687090, 65064042700139817888699983046556647156188237450148891688883741416870594800349
17430644022578514532150774787524784150924826938070672048715616775459624597274, 49137694867555334448117284400280064175911538438482366381146101782963463034019
75457310623506584456408264617251453980998473367219463542610348948460997344325, 65322140315023563409397264912861797163602069168389377860943913695472070605539
35786314227739616396148265548825684232972775293802563862031741176980476207557, 60060879471424307479407743806629590303654265631437616025641949322846084660425
61970478513744034571884553033731424206028351829262305773152515722882247135038, 70186164255687617450078133657013132260815364260812087090730937557891781336596
8786351839067769307425949141413628224926987760546182381073646107852715652522, 69598021233202749650481671270333612495420729734672676050483613295260959663953
38271018634855949293597991653284301120019065275775863931891375400615949648975, 648284919530649066213901704497773674968255011604462137351598571580217035533
20195769557419886519879040623678989088719920148404210703345398267799014001807, 12723271193566853998159497427626551495752418000079881234394902160577578677414
37339197183373652958250999966859221449285965276419229232680244783013553146561, 70623314977542875017082487053391596080268686264110545526983406160971134341311
57754263851003574592656124515000316111726408064359761798158145493284730796800, 6871240044324195484642379875133857596683275692606802490476735364281390456191
25615932620862344543789363149567501521503550734862993410469268666530081931805, 3103929104041063793479950604290667018693004662813950584710667337472191524732
34892888082102049836663261598173384001124137566570535007717033741571497417452, 10853693280744571966911956903975561568854185283517528810590735134353016967739
21592197954079151337633510717928050384403657103962754916616464280916534992849, 67792208195811997904688974986756965508121018671967618350655710895543571916370
61984673012593229492459677357506311945435480341069731295005321882491220295269, 18473770565476937053149403870515390762783932512913869969063233204358010824779
62143594050756962216228688607091542363677613845656464816051892479252957932649, 35264875742195434222894372186764209409753803636154703777184896029342840769462
1747679872233030867065433518844210470999824618946384376803171838369707385406, 53418169582398273325684353566614337154236808891170503633495483772519151376825
5442949711782361173507043629792595426745511294179036412822100210835061158342, 57745566071450844747071643716603700173963481050755780650198621981143870133550
13284668680867851775950736566382485676759816744320602618514647441167046466467, 20645672012849219961131709374606720991371963403616574850572095969171181354081
58222234896621067280717004984736354819626854263155896961846832549411526157537, 66798517599152001441559550694245234919770729599679014214820150781126318925805
55973101929510392440359119019681362515947255850399868044493802292959332296575, 25762226235607859281262990532708477508668841234079998398709736675858985493825
11708548014017359216670763614593934522199076342576511354195518803417776107541, 15720150253847545351122192529154607649703848236937041916682285283771381437505
55067819345653053540994098257530400233649994960427320755368950229732494483325, 22878193704546509211663560579697792600140016917658768752376811780847867856373
18548075237230921195626999509175296090267746700769290610936712041593383472265, 61174386459951946557657692975965125647174980930147835318992801816945919751370
76171986753994737794803590801759661542316674728038289683601257565805591508069, 17950139238167336673667903224798600933129614074724712860727050678440118491312
68826884488125484074800680585137853784548117189460680287469581581596862032093, 213342151558019947316492670779960314496037987294647250320943779522102713524
10524419736237057503837078421172732834950454488027700170741804442176285823609, 11297941982865433040706380901425101694341055203886125084792544101853903812649
20204541336557513213052993504237537042985045879062256591732421258364873778299, 74372370118068815631824317254084705346736584658850196897235964909654592274195
66265176985094336073857052136530584563672852505829697650413888306275855759270, 46739543855522292056003825017419934710966482513163366021545671185580772192409
51856614465901970751261033868897978115305028994871984878749657343640853429472, 26119682323501176861341235475366170839548403948586685857103467473622191787904
71980745814957377542579607524242841985428269203104198344017970468530027338495, 51887121573627172778698537633579730020878961271319364895030762256652363751960
66206666467471717113626991061637010905799336978420510970261648752458100828996, 9612505767974206443758356774173774629878771827177446225782719861981237560212
21495989721379039402574460203793642595020590091079509249727232967430389419768, 40832452645115303793628637145281114144648211124392265002256400209454732551826
3246636998476638240498909124026940185809444365503364185531136474186916732505, 848713952051226806463059878191702872828770908319462658719023651651168074159
9494711192712155208580450460192145448081207455394180633421729866343889890127, 49641568858166602583916839239526379067281948723182224963164711500474704684976
24012889273482699514985636280911377881288261751141596966612853345598663697957, 26239620401096559530667123687663074936569200638450081534137631559895895947027
62727159006567091199232335707974180411598255183280777143468066766114699251880, 70664641619317157220317485374457040745728483240738402891835340381290841964410
23037909446787178178182152145299391240578284035203284381561697113387346851670, 10681482156436003632969023030577606939355914969590786855140147326765251352676
57211806396923412129389848482284319111665115197706531669777907247980798320209, 13871093247175435239687897126826639660911557851313265960688239004692053174501
56240082787976964632057820230425106273634352440996667307059004442210264346770, 55076189487542476330330814758818868650535170714623837554738977905574361005945
3110167448395660867246741909937211730516252606795340286456404186832842515304, 24266435040891579565861889850150601328227855649369437724615624941810458229902
28863450584953570925632859157886315454130645721308296791295612379399067386975, 34881814150857410588822762078088139506575153104025209860775076609490059507716
58780544337094980091305869835440894859399344768664605964373029542517423625823, 59871514768901965621520406625083044368816162377912858002211922148905456738183
75346931402078399580468451881657071277133466481677597106529549445601031175189, 12963910388094781087317883231490871873955322274766162940855515935218054215496
8024722797111225067764634852289537822471511146248684929317377074756204938574, 62726628741250518336831414305160450960061243917464825073541763656857766619058
18220938305828633206849057748819239274538961481903279834174121122630925865980, 44754833912905479457850365792848606449799495636207811381101085418905682732055
10907454045987542319666789839599823792130263801650383774511673674556441487639, 6366438874956467516289670738475113090636616685650673382840843893138897677176
17330701434292231368316712871114279592708293835960080124992155924588788820590, 69635825228989455991567013866359599999814576365109855067258627337600814940686
46400051816779576263342104998815162454101175155405985071443232613559264616384, 24989658142883396520787628276432514424024592323000866456150251124982756840268
5302628727822725032076536774547065195253921450466676492707674672880262865055, 56276962065538414763042600015265620450416850129535478626204684364227917771996
24854121208708507399970714385539999776981473954384541493713380208520663271007, 21869182730741810299714081914566875818906029500918253981197458445753708131500
26818868391479993077766192316645713068476565616778779416143427360230468445259, 64144467216308456543173462370050066391421689308854193134964491656241420738538
10037307878797376477009867354578479101996954956831315776419886237024910502701, 49035851309832597229300731745806752455651219439174043648219908606407779128204
15310409700172293217593080073577788958501882246697339411292411381502559626985, 9472085239417792189839021294521920471851360454250215178606358067981800551849
67947800823019964398725836161736704421608976710591042155003725403211247431143, 63420166563603132378121756616573528108173187002893158514787331397386741008183
20426764831238164382271125305400967892873031946404472992163563442982232880856, 48094695488813503078985846491358782281791070971287477318867762248067686036576
74533531557006607357854297650410564275975680732907946245676995426730626120356, 26884578481426499801738073562808814718020495469064131019610638567979375456174
41636410418256258062019562570247480783637372631271039300606305979955295706619, 30187799731893367597222409641624548637762574710736611610115663372444329776503
52202815202979009718547952288023990104604203657363828011718671766678369332272, 55004897921676579598431220253498516940474106424030283196757611520578724013048
43862931548791349067530803550554314929370997634093050731908338232405332475936, 7740410471082176995106592660300917288373323952272796840645613724397826086653
571476671980552857451079169020271973140735586297109412151152143092827565536, 75909925419798870071251995887906691764445791447197822086217930471853359787564
36002632143897045051871280079944625587250982096331436956627525381564481168223, 49849922875413087457644840526869441497407710745935308700954794749744344533113
6996717658987619809478709570132452207911021864431938650417021951116249361431, 62686564607883765914088892274005962877486577252100330696643441138509773744524
33444687632338814382669405655724528928500689355013390250012327608035840719614, 52017430671237667425808452468712315075234571305939807236864729186750601404164
1532248976762583754092130434043515848024455444153497224028951426424622979287, 1936177272785887924629493534987730244479505972453458777795085653027292554095
50077131077080994282948144826790791130497259228465813993914240178317034117997, 37739882320732819030590960659773764431909639947607281248708648914764888565364
64913621502546609718058894251935909874675250326155437922778177640342988460000, 61281947694556802415429908914271074695986017827097266821018330962562966347940
62782161279281583030464195832182947199330402404594016944111683492535675742852, 19205989310768499272022872576319252353795669121015024972076810395506516598767
67949183708207611311944983515927475717595091276478872372934625715124414300369, 63744928798838603129999053913888735469347387203776461895926906480990764621200
45954622293231380993577360596316830560001782798024697869441605867136186693340, 44578129568839031019541411948980687865429913681145438809365430327472524414747
48670378375999418035968753882478968673962750895131166600270200684469307106145, 45913597333346387778893247014515625210049831253280927551193941485569388999700
37910919759705055609267677064455725618416352121591308782261649010825143883714, 9732246103089036177056360774322784853512294527334330212469924764663697116656
63928074460384315555776896713371488822605470845060312968989276282034929782459, 169428343703445197027096723793159663919869073915500475033758623367058453269
17208577944580984880910473399962086813669592388860818484589572180242145517513, 3626314224034948915748985759467770628557033200827423529514139140120607174285
14161457529331795577895719317055600367098623016645008956056650336710905812769, 64105626500552763595689401514254603825116582990373489309178356035400562648343
48594587700010739745147609810107145234265101670190619875111584657445791256451, 530064886740387408009922407295615566787607948727047152783758531184063365928
69557763320019892532678453155635826116688985502503939581876306328885415960550, 32364837221590900107322205982618732302472037035066383024320354618464595832481
15924705843703157499725590440695371538834236479845663258492762794489372210984, 276906999690156093404869918214639884102664127237052953259602257266265066346
72782197790094286294592569997426809178931107447350789373808263998444369076303, 71886170258843069224459596211455648464349643517109044432469414575551352677812
15588493659144342212088712123554024100225952620096261158759245199124264508069, 31861117297445805274467889993452299024125954649495153349614260900377912142430
15805783653114443133156834614603954792280977941189008811690097485178556779387, 12551301841958406473146932018747346201229867076485612741813773925644759705483
63863539294323965404273454738236553496658523988420937765713693781088474196763, 75857080752823440841635461606217364805788733455267613980790787300530627733629
17648904574348659533078659077350787073504503465185323128173519344615056549973, 33457592446609465331457118817713625055863292250080205091708347785682894839349
55637601132792048282164580496751568273634336190271793373254861957031365691668, 47727019630512694611832613485947476787698398791101039716407344432755215865966
31685806586165568119012790206486776051063078412514901776002033735690630746697, 46910903582491047123202053336915170795891563438249141763658872912608887873065
73568997100606107982782942650053625376353978541216651873128948552428077764254, 57455752356129078038652760553585213636589382035343556900877382639791093453027
13394889635505848387154974856668584564353432272609012331295634540038674349931, 6215155824333008300596582589538476679326816952567124403326917433885948436788
67376388077371697731230857388913150213727880702119545996436814428437864673988, 57029567286334598473801565674857017686551092536195860716159447704500604706606
51460096289620676341958585712235863619274060467517310884238056322041242772560, 10251139122236594062457898926367829407307642817945607199292807304344513156827
9105252393225491994467087545960012236635173150638426763474896818161485301148, 26062037004002379874534026776594788728015796440892685800336760072297506125761
44287462011789211874558308304658663806208216292187542289595095661555962931088, 34568795954129391369517852775965832435021325675089752115739403739473112408220
44991703700699741455880373687004430137166349060062246290316950830165717875676, 47842636973400388142342539543868944954902206359444671242223252159184558630903
13179478289708387132217410834431033204971414546617630791245463540251111454473, 2012055045776537419798070313542555991022711614825345608837628529367301952055
31602357117942559665069230879337341715279845266164978200221679996444648522883, 50658256869917442691272354434344810424352656334318689036263414723125777042583
35705464795201291275443253932659727780763607089808575423864601873878507428389, 6745086417586398595150588243279510006992607338066014887501624751561199170205
13396937373154222747382664061628607591198945218647924198653642202393242829243, 49398474519443600575982037744084348098457977050521349881497319051664667194464
32879224600019421654667138283265183476123411382754317663290634720701934210741, 19057967685687737234198362590876329955085356999522947150518288802848309538921
18332561951085854205880774324194029417561274087952985863480838771162656341273, 72345824921349653861197127608950078934552029890314605871163297448716778868442
60208360074750755008539006808131580129734106644226970777824218057087935163649, 52094672343674894997615779591375596146142278914243001785048407651700990471123
33964872288874088493100971676185323903300765916083750545604353905683316003391, 29387520992449646722420709032484174938437613776927132219004848317728403044078
52621915341496960436320104532253455375984002521024129564195491823977682521579, 36502717387527034573392297640180130387037054061488920252594110180468274237835
33277386290131814263413654434216264578343184206148371353174468095712861074591, 12289076051828785991478893773975038817024637906840435210703993756301828240858
52350343039375577981302708615962215884340033345136508284298836070107377374998, 65085917128288776387980158367641446194918650832800595994912901318148254956368
75354859259871160847621415429183006725794575201287019137519286104774120279048, 13311384533858364811737776631861367182114786389388526771366843040090124257664
6121408588627623732602285251176697573626755208640155786034128300538453259847, 2406555911211393980127050233323621118978364537599114962011948504504521759200
13910875901068194918553042931048575506350414605166920775903398211264144378380, 65339955859158647328000703520784841067460714512192549954563044498979202087662
3851660674495382029407224846083206472780710645128587690817595488627351525128, 53992396853950981343940512965898304570324206848009946435324906021797262453051
46636345891624393856132970468107121493918219358814536329242523066005417773196, 53119196587965756352941438170635148251072616651068316734685050768965937814192
4904126644636084415916287302944037422864498589652391735766971620561692685461, 72580784957909967223130591383486229681459092450854355488519033901849842337735
18960740256739931572402946318898862554430599168650260574187068131514203346851, 25020927618541849228439937398823901966762619752070391994461151386472358349971
61242312699694027763804173363323629349445932719425952515513822756731610234016, 47919522577328384929104568965248723879319631516749639852432072219971671287946
32700025562674510205196362160892556841402259364334741146234538486485524491217, 45738843416928356739247605173676377127177512450451248726995040136924513095064
2328934181154756299125012084541532738421230861652246147276242364173629557351, 72850866497947070208753090381882398438672581254773257470975949204153536825010
22854649275125046657136508990200596465109723328795378664400907417516677497872, 42356243714537503333768149297976386166131641719736438942802659200678147432708
54338219332441000396694265989597188021375869483275328049016162543014780803437, 38296539236749441900248926056690081105361828834693105589864834636773100988462
35468398899411812237242123081200451916328554414078388307411187124884613683410, 24494303661263991243930996969491479531077563248287055125458334561260913494826
49568186970603562374239988883755386430858661492663958174917458776144592447392, 26608518996311704731762692188827346432462893550908331653750224075097426972031
34083554777190222355156001028256814637939605270847228171764865726550054916651, 66303341627216032868839536670430587119777568288568594178556966954729808082470
8679774209164709695923888313123820914039819980883299267312454379474235206442, 4429534773911718994975782830590153702905462493165538418026861268932247674359
1123086862121163083541676539467952300576252991069963421995369919381663082864, 43671759360131474175647960100399427082015922388295285892278179541677698018580
15640051014546418435260428305433579149711764864993132685517180221316792611724, 13521361883683888954003822630072787283192583391483210954683501753927203089977
12992291750513693745753900800560812959258289309142532816092358957069284452565, 51117014787239139911177218431773379148756274151042308570782121438540039159611
64656272267451371243240557573239385618364912939097662140438286763471469450135, 26420880921216930234998011414393784586412182615928158064100962029834175093436
15132483123405448397480013784722772931148086193491097192693198037234061293838, 13419509756364623193335349636676324388853180214884263448980190878616733766233
26531388864065874899757022966220882786083099718944854825571960287837801235487, 30023448533962643803905503962976742062201752678097591512113737516276831397716
27178774291330766819786983725766768767262002892966475846022767804069914971661, 28810231290806439582346039121849427698444803427225707180733750547694552645085
19154060055225692662137419400749090143465576912833837205321399326354467195435, 50025159017430191972314885916131813940412587515940659478923210634334777278519
49374191519257205237086292671720872633784320089181417377815818073131259397792, 37430350259316375426787471453880000400973771205050325562108282365448597514561
17159067414127889123438963990694092409296256999304149391644274701553243235493, 25033779179377406207727728323977558104810244549914145630666575187561093166226
28800715778170084328883487999247355049325240840517718497090624078910266838903, 10393985993270694271462120504876157519307817027405876981615288699311411320416
72640778746733867481878605264511927008582095109989051264452976821018122988521, 8439642288060810224475266842144586359575274512588568747680473092224883741056
11183049129088919894405255380439196751140983671021689647700753608163732658187, 44625805485351450636804536818874644585253822364383084459742089906473091466307
32379165482280616825002799650506380823016679269120858997610682952211229589362, 31331322089170972908542469771655632846824278955982624062113809703142022466530
52228567813603053472904320947373375272118395752282162186792687698688791506384, 27424958668577169582176793334225232804297876113773586387112281808436640871518
33257694259137577534451597859255994302623055778605292407399385710892733519976, 74246659868871404024433472329724042546619405801150167074939406819680621225862
6384060259815060788433446910504199722107771082795132521783119068548433650087, 9320426167965283671764277078281930849785450283156980642811618612632838761072
50010028427832365025016481469778899333475198711142682716887631506624941785877, 31659421984874177175205357007689158839432007470611269408585911683769331504927
40140923804195845549592496773785867536386451831939256729196011075253158898005, 13563743631003571455548093831202117361737027104735810410115090639417410296174
15153452285705784561926279673691848788440873517863118030076566089186590770892, 70354015932840526344684043507728085905733572618627411411184314439713400763645
45264382438648718671091883278472603126651106683763782840512808862033290850964, 23196225676512097747988867846917914450715034220126639780655449933651357307967
38160390743415005592181467720735167291514120658202071716151563919633900405715, 74506066719540610283716414190424321752715642919381965450048216479189042730305
36349272480051334963445006377549587712540612122046972130196303875961072077905, 25084113625202119486161875386947431330871830625120822152441596201022024606343
7020209152911141355162176007844307556277156250678612294539980837917613679846, 4177826570127460175643093285711787996709004517424970622050669381264265703310
38903235167952589655605347371498705501304442933398973097460656998590008399277, 65989261032897827442390370108869614192070050910950292139946742035458307461177
39982653184567364802506634441980859737393086375928320467027319999957558024467, 65596574450898175563804032398414002873342815388317866669670758724455624645083
74921203441780022199894428152435525981629839094825997114037052789385569247612, 69660927555214590563403208564901370000173835363542194475446896598028015240753
67618004848414623805066929980204417940875546914465650975048531481071351521177, 2455048027547128765583344046139852957670309961777559979206243662983472449316
5602456300617329980262085995261718690921654893437361071234578979169515990044, 45821919754185328980146411979278443085279752431975196185038016953308719853509
74325420382600518343164589406827860698776248132653493669822943262123587815003, 39275773776787946351987179002233338047431304942481513225611041982137563783956
28455852665588825205774588443947022795883799904924392576896532282997634215248, 28320372020386010615903785430849790244809526580133925972018024715734338002416
41093711192463675062690578342109706752933307188744758292176424308346866640464, 58003961992418646988116570509240743858371471350774062785976362430174519629118
70269858503057861100269737301823774379283574833044058134294184785515230006450, 72865271635435681167927975590219517308694344190510924532341176006444011922180
15793266036893171152839895302839400088579077652136890702883179948526605300223, 47680030280227095096081599890258999022316412488132728413471963650408400056333
12486484757076790708788196165574215313351477170702896857414756734108717127119, 14658902306942972296834796257616158625770438373676520637470423084587713313702
2143907253219279561649123177216498452844086159663588976375665379203741795130, 25936894729824810783805932642902000789784693798081080211029684066206626156263
21939691068413818090809066242951118284577946766654962314155511987969236679213, 1264357425413720777149901515475290280991932121989293439491404030804013575610
24263899308122444514508320226105438521446926741174344108579360361921542888847, 59791701856965013087196007950964728976576108932518642684213827145716710169905
64871165257659772656617853293400625034234727503041558673796214756599399735109, 49019751916023960366324260469221805234316366538432695150578734737090307652644
70661761155289426929399547961799782996918072475152338108316265080381846527265, 57320356807507660150140394728796933213670471890798034458997458531908352671249
34093124782653276792217139947901438431968210599861961774118945755533639854736, 67691391963856371088269266807279862690982510457722537251384958782887454468729
55304891742794659910497787665427787940339146992769320716299904768939050498345, 1681076797662192764164946367924673785192234083498834085612533280229064330614
46329148356286313045302654421000826836410316283978231980773094972085638751527, 26150775759082098214582444145673131031764750418326960269575596198400021699119
28022856156871444267316360516717147728526663309800381465389940703442101528700, 33478265057301789653292627508151722260237993221819288113068822172050622563962
19327590395555125024218572200141788450461850332488891109240540908805243213296, 31939130181998890346421039224626215553625079187715672322298603660179671160437
47781563286050368464927285013258681525411870312637522586547764449214123517299, 27627227635085239083780372506767244182809978998016867485254135848737597726398
75784474901024920114769060111607006672279857855785440569647231030397927403907, 60418087622834670475843303663222186958678813943409161741714690764495626325884
1599253353572399903508689456847124342226419875283612960962248688262957243797, 30020921903429836858313210423284765245157387626101980480469701626252632765591
48365225058259527526569779907115100768173756105322790081903647856944108354523, 4434051825768540809452464444259270109913210535991942558144886508211168701297
50331564858710935046445382712907557928693865072220311604377564051786998995167, 71760049385133301996443813404744374113903076699733125659137195360486893684666
