Elliptic Curve: brainpoolP256r1
Field Prime: 76884956397045344220809746629001649093037950200943055203735601445031516197751
Base Point: (63243729749562333355292243550312970334778175571054726587095381623627144114786, 38218615093753523893122277964030810387585405539772602581557831887485717997975)
Polynomial Degree: 8
Polynomial Coefficients: [43, 25, 16, 43, 39, 47, 63, 45, 25]
Public Key: (67064195520453339442972543008495526008639429394810581552903131745506987579236, 70211496640694105832610900549059386983912532354126801784228554779423513107085)
26633585164542030008896996800643090652732442316070679781125582641982175516403, 73254488709622196995578366447948898243504538636342711799557319703914846820635
11925716289005214774100416687691770353233874157872189452774471329806326744956, 43623234520041452678219592009801932189728896776778609305588141722372362199798
37015232939763004783431834926627771092908470675805508660762404010549277930664, 70627729669483213008653964040562770259139459583947497984067731355346403151704
35738843280982660226519851890412901720095358345548329697507470795402746107699, 42864033062420735393215927561352838398893674246740636343317996915359343395991
53983918626965956236041077640941949336358990066063205643598158377146719916711, 76085767895454323140447853191990964292226733435929281268882336463543288099522
29415407870587648792904724885054963043989783064127310640584949383650212223935, 27269726012685313412649365759204357127746975862492914387335837950532276757630
25642631507767815422288347577740463263868978386816620796539913688662890928663, 41862851812318006430842062868905735420449201876004725751491621905418544250457
52065030725475081700127592741990721720396394014467277131637957871679874941653, 40058056218099553868143562789112622945728318492573610085201474045391803252402
75749902117511250200336615485908728507497234671369367429304377096919844016255, 50374933363846912242129886848393427638764700204309672440432096126459877532375
70864120850526201553848647274645520834378895648522527394356138010690218178298, 66863530827697447585800593086844823613893417876735627056758954316295512723212
74745233470637977879426148198291255720853594378459333362710991314724121694816, 33183837777253790093634656556958870634773057724656068864800096949165788617471
40357612509565743995587886128758340828708074675271848405309581183370103623756, 274704096244339750121956383966429969211272870909871631807828436889283495914
16788837545983389574918658754666092058694617434457120836499077215165266816532, 62498055770468147241260875152121030506633323403636068976305532620709236985415
1124478661860187548514117677259602863069636837915136553241570224952139296742, 44269580488978866241499053760241467178723129124475654853463827003560224355314
26220879722810174040141667714627433391242680593238778915241974135896076184357, 67062103452037023530805244738918014232895164720949291586715929020660721258913
11077513030751263152516338753901406077884851268452107225059702771725841846225, 50388571378907170218938000173123781015641646915345464964181756923059828537800
39984136622818809185187653836675823463310752928967014882911144597107918461979, 4676473808270130133979867255026726791435899599500457352286064551589473754492
46693886251907484285764153612319532285040558919010537254531022382264395024184, 22327669087052954467075705762462809316087142129086664150723416357391364147936
32136711289196998815315675396041471559526855532477520080577600536267011280500, 35593627022816096463342085640908477383176538658751186024572359788339360415070
13548221070807972038820442775383538503871099758080734423824025831812686588839, 73444693702078062175030126744836426451332159556118750309609726829885479738975
13778870447761888274759336724064775809796773427884494805155809305779993079784, 62492345853743824907822971176796050982328165065217886326240768151580116075059
70193548918307654097098029277990630990706837563090192377996680960578297250391, 41425951142909019164630569687289553033914127460135510368638746304744130520152
39409624273578926868517522376137303336214193657796835628372368378631893938651, 73030476153819226382622582119956439826389407843046568309750755657881188115785
27554268067820659656160658949867422709315254317592187538491390455174736605462, 22347884915572995464238033035028737929963121819182564132083847103922527696604
3002246906591584820147704241920692634476475993533940639999566964889357998121, 72432417476270553775740878212137079599766797877632615365463032401192900900870
45886726585629907647803359916719013409594590890599823090292041330993810726056, 56079392972938876750082907590512193490066072460570095751087691726255846225683
22422251085571839989156773110813143868391886034029240548981518279556079096258, 68733355134125169870711137187732562259377818188214957317425529391445197278873
28092622048576888412064513000560707684207472506327929783125969619849488189807, 70405896850467006573237559383054876086600837262481844872337603082764919119206
33562985075241494116474617057187145911138539994068035713826158995704875064162, 71087618451877429719417307211224204504175459145943055197342435979033302594077
49827618114993578183794634410962086330679147127601299411197531878385630236837, 10619957505470804293375250825344867003714321293873681695709348451949034610299
42063185017537597019163172631453828385986247066721874089043666844834942926197, 1040147841874182629650050669452785594184527761000945630334865336295954662280
12223877015660022385848915231517326593984024795978462501909603542963074488939, 4918448032333832038465466999015026993740926440054936029197184400505270092782
16827078010502025977447239090221941452941136251389105438992960754707825958536, 27527089586806200010751842297989726137435100664642423194167542297928565556531
62850678837979390412655634897186870100072759968826367461971406925949887503774, 43492932815615504587311689339250088751273889716235206249045119978464817635390
19209432866946160646431638186813357786096271838340137840724370855476468456734, 35741500250643392125587917439143934594732985258908918113576802122120984392419
64173085296814256222389539352595321132188330674962790681947072841057438685171, 15142899518041994060801085750457865882681061280994310920911422088284928305807
19269772331118670803587872326275209778601360828818581103195560420374157745771, 51707616634247216399436590774004268289206629984658173898428463815709468332758
8478056512429796966598744732312110491794867537995519315161455220609835763506, 31218642156215037170975776486328632320162208851013106707819353760827395980117
6602730993528183793599506738012606268512452387777219176576377319115074202174, 20832851149936681370247510137269998943763938606070878898441783160368821333134
60935541825103275842035397367261618928446113307784132890964124258588444886055, 70849647067779336952842112746480996121119673707121184472966380700804029952967
53767466614554527824108067300179158765188840331440083685569085595259613934187, 33310096943147769152754395004073999497967955597835236609207910207536109520522
48144768709832068864790407096297646628731480066055497698423874471739601661498, 28931631676489689211031682731595877253211693740914239688761127977621366822481
60353637215249565969320129445231540492778262913312488237300314635409886377381, 75523655682574964962438737982593573938193016095004307630913809819691500045754
41658872202522893190268089085655934701354809630152079709206311807448230043402, 44449027376782908077610832628097483587892514905777213799123199015464750511869
25608226997474367422478989287123302799002504614244288205885198011855430713902, 67597911354815999508097176943968210077472452495090577766708148778974912390179
69056406865393902406782710689400750660804334831215649039385745831342340484699, 23205660563898056765164229682292861824219481517687116860529595759141419034938
55423165492348681234179268007780886789437238573960521478071873493584697203290, 61064156430246041494459469140038865578176655003436963320788945958788201062339
26062368349801200377819617137063430494794126735844187152011286336389063380892, 17828824904733932773773153535353716034764070939338262184970623326767870638798
8862600552288475531883292964640039789900686432994336618171899161266226612303, 54131161432696910217878128689331694308512290362771933252829530405594122541073
6330648809651074253149028683684815936908468939399750242614017757851485773962, 62093094455875577894063210521369557904705874709339270050224560789314439486554
71368041949215925867802633217540719821662526978171440338975668342011789356431, 68135946874566892916242355131105960294366996099222654830381094430899405427554
69681524101133088894857022000439608514399406924397368968173512427553778175568, 74097729564603580462397929647678029766607682063056843187059480613357287719447
3914093773402656027241736418211499755097080491081868824752728569138364186552, 52065884772436172993260118626059519344984939579009763285742578884723913279970
18964369779828311727734425582030470547705117438026917453431637630725856868618, 50924002014534476002299935138715682463120635180495115772871758895179374188524
31458991358956119981595944793884768051672809346518612882292452117732084309225, 39778860237265562793159852674202398538170226308454500535038644669531799239846
40200260901822435369082409351687404770813672003754709001028693174699380390562, 68570447346340718243506436326746575206509446202938521992264831558484435828138
40959821915855790032325176380079570649317353685025483626023424264987343877045, 794070303442885672272375366429732889625675967294652001670613767496920920062
43366833656779983252177005295019575454410497638622079128562004526220362578946, 26238486484842809839414477225286230533332410413743296907965683868431793715276
22084365361647213893443318336039038351655648550516781323288190733970345360846, 21998536421157353521492275909648610679492339875364908292792613102793512011277
62301133887327086224147137646081375940709247011832217341226107943449791462962, 66315526753208778318261914933819833425988404469748359116402096477784963097610
37036942146451588805334711567222764548279914879668252965505785083554550784794, 46794026697884509778395775145991531104606749222603100306904461307891162456176
6105256825669396090129430417868845509230435822658601555143331807718332237777, 49773652765147639761757580939305427428600037466814907464153292265800866887263
74658568208238059758512612124526237122026785382721269156541865136175303498949, 53265500813305033553623079851794016856559058612692245261864805003837307740922
61252998133195084830818645987676819860244024292886228610610928638085752822588, 61117486637524824332271579240886460808500995897491844839931280355161520173678
29409028555840516574568104155433184049963135496024957417680254963209602090712, 67929348736462098679366674004173789508835651218441156612535037364668279085214
35833032360727399537920435541042847129331223799612213587926156129837302508406, 660398459313809830858274028682371263162907304749590638441335957554598887800
38054596430360276527157722086774922348824621927533991505890781073520598095664, 67181151540076031484424319170895001195991569993566906974584001158737408116198
33349733349801832686370078384886962703351907295001476615342144912243851386047, 56319762455424300642263098201594107546024488895669709332388173073259874227476
69279118610342722674468550842959435933542036295041381164722431141026730208848, 58156769893443824369970671632923698154646799154437450924246371089660154418072
12039672939867678519179963386683973412224323291452990771365671753644945310122, 13812274700762574661784982053079757596449501783126321579183144259192109966506
49141751439723810700187444121680801521757618828068898718907679542545619016031, 27629766925202547878355277968712543914532110317241597614920478386264704533152
43097955463811454753451178359617022567680788830954209719991568393874871320491, 26239665197146630779175424997237564257869722297930939498467896073071866059110
54236781122416286987957280713577483279355521584736621948025951175158162359517, 31735307239438450026210604496067916853068721862678755258815103119865667113440
30385895399298406091375713061889756498133233080841314351946253119634335089886, 10893936183072727062983362612869934530378030113897006379194351099047241506125
74458061770633280581172289921144664766252950626134095963387626461862559432158, 67157602068941633168453030785713445728683901883110311925116555056881843276358
72657734660447666931880730740388226435029084865564544027392799837032180691298, 47023166081673015100148407174672781415650484980445974152253463392277243449609
47550754710476226317950226432077877834203904289102562101299420985489694540971, 39668769235607890659982261849578510958701961358736820720794445296123123627799
18804873454937027906311823717736917909846756662726692352184766518687455313812, 43861478161283708993869061740359907646312825657044657747569314738250322823189
47230860375202631627806727072641596957850148412550238253710958974556667270274, 49664608712822356214477726149906396319904132177732587506652388746012453304692
66053459485021971167117074223692957582189572331473198905691276206880547813908, 48861005878622542477545153770854311434829478049169018353997567783363608073198
23237315241414129818074188691765254075933452944275632877434547712737743150731, 72161120217068463027852420714727227670142160591014571023627947913472210264088
41397252275881997303706779275946978151718822144237281884394592926275620761595, 34759832622226087241178366309377503258201699868180843869870402873614253437750
47467354796308002762234066442863101901010907521144633671336817401134264624929, 23665542628343354390737626432921730016806694601518025207470319573235681192370
53201656111487349857746950637028387713496420613968712914797024772184953166663, 69255639342692091298205916844333641413503500269765160430122725757240642505787
67957131599160745149404321716936983860211502242951255076118514786234932611212, 29421927632061711905578241971830569660832997203028513298075216026097461141632
64532574598415770963742019291637037854290247121191836515077252138201518837602, 53389328140498146160465053489346175906387130159069806503651373876125037244455
72706120416920462230186321816138979400153573709005590014711262844425305624891, 22405594138252159696924003464868988044352849812545212244632678900304098929959
13282640056394097783940309508677399462593523878683373822810805770732576772269, 15617442232665613538279594810657764923346846056206513140689247006366067602928
64474923480495878220324132512194244927618525126433310995090856003395643756414, 7504904496761482394053641912908179072502607051597002029918595754001436373744
25925288397504477316428815040278043964366730400531987040415100692711300189239, 714985712419326423577093957135816908274683422139050709672625152645484072365
19476265060326991111315026981189691954354084622490359051322771965326193274733, 43065945395046740985557851187988534497184221162163378389558289573148481516441
21996087426424747157129020723700551537390048204671081428743444608541685121119, 36679722624938746720272823302416393466894466021236659587588907509438442834606
74567416869415914463976343557418122664584157735987436853838897854992556159237, 15183508060562931452755372285609416003011041506803732973012853355999805522152
45584282515028132479717495814540404285331298382034243038584454371154785516244, 32562295300741909870174887747625879339092040459293088120420182261378249982723
49867900567028712685625482236675710251083033344898566329516960017653435293706, 68222315792442044568852221629012209643885857398086573799666837449312424182390
1987210025948027136839206939720113787805330433560692475628429926856567598735, 59961576036482364554573178267461594155790238604224326736251171864615920766427
27525325888407703834230019763252692686616092369788663317093306180659082904962, 10730586125996227721293435345306025434531633692714525589491753249746777049715
70519537253713819524034892026407809906460937938320580567266204471269676649187, 31950209653646456011863031968611092109239739978840347831985973298364067084620
4833854400167611413038156075194916866462009027671934732973489169748381223395, 25063284983393585053272684184376663864928519983602675949689229656456691020282
47095131861832562497385350522289632481567398638652084107321686472239900196945, 37548128485680283298904377477380444805930322635307892996061188171417976312705
26905462885854039433471383422504278078890135808805115406560303237226955470475, 71284312534223124672124979390401033194383544065229332588003220127759092404259
59703753793995513906175513461468373512550805508162930607310000678702198468820, 73009294188251851622727650850409512705404833450760589525989710638076154358287
41851737450409748218957862918451531506610378994529925581847322294581482263201, 40762294709029188014028537293493274023232833225203095822103891137362435386701
19888802991827570799801118915377149562873680031807317419594844709216081790793, 9082260712628213929070208221336783711109761150044520223923725392952536771150
11918774489656350212875819542809136966445235732634228869843610414931435002772, 18156481272448366052377850605576590174956082103197016175495875023918063374361
14215281519671497225713111255508955052989209917636331668982448731550432097919, 50302069422857472520658851680068412345579218606537555303039905042832660784318
59247825024913788014568490186719259227362325338379214472500092074925502980726, 39634012174415648234833707944882888030120652880564811190834888364054698855751
72464075642293358829450084179140541479822539759390526014147910825582172859422, 1749326461905927960893680020193552115854603112395238933767460721342897809627
65814035209622279875871108842737881841667602222343057031021567574732754602335, 55726991767892744129845824146872655428562414541789696327131791087688143139903
74005336252313122871518115494287361259773790756109478975410020391180099026534, 27563094504121213214940456144737897728566311405815934013998563177087081697429
55910457244877828397679178742811477522734635148606948810554703085987649092680, 43994886236961349124458318781955685339237235266128991192703775631847727642006
62149910572169301839322856592313721350817474715415074457448245344236982015289, 37451491205457159342949734111286219439199521897077186237977185118301281743592
2553074525295206069950734977825883487620314814752388666875976421322303135582, 74314085247324455512155445816568956101229864943693427769362998236834722437941
9420052118730967408506415452677153942240258148858555907247481694097000927384, 64833932513747878622816083617767522514273454004231948813119013473226103554535
46481801450842186162157024375276928902317911803557025211331090300411206971696, 67454239130752414399135530006590706277688935916332197442536027538462181635501
24798789145979229959569019179745491123609777372623671782864828412636670369473, 49179380069392188336411910505922390750204907398380120977562118324015838863549
61004549983138968940862613287508151249703908233004087390549195672039540249296, 30265952304883512127094762540169501605550271989305160986373634869590639804024
63933244498690816934081638050457504424550016469207570752731849078127710483500, 32354080419187015427130561715228220532802193396589226988446507248549895929951
23749028738501106344256284025470036116509634174301027255231959962752651915002, 15651093986280528203380676598845454209283458395482069349831280727032928877685
1219013546458140658173779868087107424784652336286337312444521240139620664784, 34109889420745314222611546674559978134118472194912023768215702873567237670783
22125286215231773336637783476708562627242828223602018878145618255942163613891, 56878107444288701794820965140967619062635118876807416337859166060521713746225
58537685751852325140158628026018059245732065480541158825279834384722240857666, 23952095595792353262339309421142495981083830405964314102594066390396977079496
63353061250478942911068794186754128218220162461928121087760953443788832939933, 64564935926223017114127712363291195421396684738983935757620839283575535431542
35326260804664075827669178760492439607518519640686436369144527279358430781711, 33578803177160285859728102171519893530887059227159595445839794252671586182889
45099343263043915711049376211517910525361153547551404031462533660326109559885, 39501378564278033657651395413401698255306254360500430151699283253762926339223
1921256887470889303810970002214475721483879908842956744800910362405427664868, 54384937381192961162356529730122655942909182437476963164229971238844592964622
40183156889365417775034363021978827189519187067680241988432361558662056660235, 43063380485360128780724614313224241966851304608008169300061006751725632113522
29656956335274349259672966743223360061986624062704444155791410323135196226023, 23328128945455032459694575793182242610086091692598580974009885528028100038517
12276386392171381942871609593305201487958281101017981770041341310951115569424, 59273991065226918686693430396515260189161996643021100244091552809725908027697
40137714879428628070397218194785689262511726247081659994707514039131608957526, 69378237305554048139359831663590108660231776361668750140402272168575783233096
38538840487794969182652740752277269622923361011300108802459107830734053445310, 42594204445487916805471182906708997843753448438074775720777234935382639351087
3885433990157209521094545551344254598398384160155922995136561156881040831203, 54781912911851086337722203465267214484123431632386033702086528129941746998874
24850659827514351961605291556007540335116078811463214665264269412548782456979, 839749411289151976444845140264591937207464786459616554288012703623902448069
68691976609548617052332488282930503855700226118555999236063237993620320848338, 69773512039897550346858416862943873978702393147667447675224949417079521521463
12018628024703314622257528409936987643652107648072242228867849780008307643404, 66736245950668022774502051544150518578020897523486834178577007447649892035337
26661843106477546303498003280198195082328815607220591551351497136347252950330, 10017120133464376566905048525850195297530520939050134824670941030090423048565
61187469618159944141131949326416226379850133125896465604995612252717676223397, 76880008346410743026747239052304412964268187680476606488381904689136647347068
26226021595828770304962680394255802003036504064929798764820015400248866705793, 54559404471120303477247756924197938560515073001915189711811865969391609339009
59118334366559920290234061892062098495509466914020344915501417929875799308863, 67280022937688923587827834860305667630769383569663438283274077975779001473708
29620166788462534541319537878603814712813616815184685065927335763367845755662, 14772413221483199172374459684206216877689263764584265011673795471657300085846
53249273466959974187051549286811764828161608877788610232854649036584986470270, 70078038539995874604074138592970713120179153968633977599345580234157417467607
47995245570664265023090561535441633257735252215925955609523393532458095007283, 4517604325633355273751974144986199482482222684506941914912402286120504781030
50242016137954418689729359884913777974120762397819578968563698897254033188292, 57035346411378784002500647892655931343330959308358328023168804625352230244521
36311809576616934009627950552623867396051995830774572957327345544756104303014, 22072888766145266405682841278659924875489256683927675059243100588024424010567
25329567319159955544912079637306150470309515835456438222410624175462580615466, 20525805643380780150130607138915508912209341334796547031342025326530975662749
62564080778296585152276940216211997088462715308367671333294088311790689515555, 64312974587015898093873401725228414745350979818802530950357285056542622985440
50285002723871395653408344453622341107294296147216379197742752173620980615962, 64040020628708265044460935758718640211523318066830205600033023558204175127349
5707325564230602868036580290625581280184686241057699400302098308730988291910, 20377890008552118228390492552029566439979975134806389043815625921074570366746
59905868798589207660175730721666645904418996466545317329576052957260432238198, 2942277812444340508718923294100074287703365016962963045493826217492737108274
61250500446887985476140950358443178038965331359933853852356163885669677438589, 52127509123018774576702612258952340268946274802101566506608313180147947150071
2322417748938835445258452661881140406744339684613607299210354098894247810847, 10439622228067660856652342716915927537820044318795093267602299962607925395712
70461264493923278350413563999865412819645321200026567724330208899194268788823, 71772314045161392759281425687758366562916625427469601515288227154356242498383
66678606362469031723961401860776129854507724384419785524079258243126480751596, 33530708697578354761812763680980395495700258801319127015314128539550722564509
35198282997833508806524576122972538636937583997033728464771380374183076538234, 57270646432296800129052749893247309468456606339555614589919453232433293466133
62125505932991110456755362875708358395011546616927889569602934198291373848183, 64297263317623272307620142168547879950977641328693485781112437883599625133228
72723828345202822594877784526343186899153000463663026850258350560024879064323, 35783151322128729329272412659939080507130053880340742714135910204302351542756
44109244527359366369363297256639357120530134416549314003039523105597053766187, 12573685489917677559518094775143178870671356696492697562782182552793278950784
4458307478888386508800692481773284855598334850831159463978029932705667096228, 63538935733047988473774778346784389362195323876273138458244317766527345426884
7148039327029365744799863626389527691452051740763333599504786982399274567958, 54794627316054224039976840615411379022309684482125345088129798156225269699064
66526422917300102903559269962054207558974512722211892318731546524245832795426, 1436316801584188039275831848512443852472882881903823763182306202986533696257
10189964328854574521044443732603495465498981739778720676312886476954198406324, 33399742299724701023547949759287303957824549361451202405284813926313710460307
46755211930975380800316595327010977277288717202159482703309854996867308625677, 14401770452694145949034402906594577836179104474393732640211651735293585257828
26825317466466790714904212620362826924403479842518941933123953485540103511110, 45993088262835796736976190996098413919338343292128516942354553467325834853810
22606021268329014662403006543938880905833316729789544998377833137723775984907, 49000392553728429313252490757309358307466124619469547371845684762778483771835
15908621337676568351664120458689269804848435273832315242669435202731472810655, 30903791236144020338518939654258884454686837551886105775083232871609276246477
15990755086428915025416538980549708226641544960550836756187883363830427073867, 21743542921076816015443219743552880246716905960165542753494825307243686074113
49600817178789398731231893364716907099249956845519946582555998645313638582911, 52339811706617230691258893875666971137990342083088503083692048753226567848743
62133293980404109196575661216644415324012947265326176310472021945106983877952, 30234807027018552266567605738006873911516764248507124265001536748953208819306
32390236446577699537056239479879623483349099205805610868771007177627108612909, 73667334158825707431258740285166697036111544058738120793482476988217371294487
49981568883031914675650383099890871110755828983964939792330307828656519306802, 41717764127733262851716444811616362179712325732940946211772276818106916021636
74041325500862751608430106824301026073826370286195231075557720275533882171579, 74062301214853190220553565739736098602076075256271791799995517671089261336130
13793968240787173826453267202204944133818270891154298539893589153776097902426, 10708326003997940040119510997261097439546186832699424703076085719015344979771
59836445054843105151721003190899352355591892683341938088151416070731157511960, 66693997146170954365776722434313948014511160888546316914810304542722710027441
12898938197606662047974593387876887792144127233941113255877328707008037856906, 69254824670298943708028071434770111519178770710277830246730156765323693584536
5173945641345463430194686223443981114331484992767471655017080353607283471504, 65835411356285132268332103641328413304054290373648447987842104919083679557502
64680700574996936009425049080676422635449390139811866686049994838078179056628, 25053421252029778342038642546742762793613377035278734753753741151813861447307
9492428893410325927536112348336749693052191995232438239043116063203540738532, 25850038281302260285635688282520929287515786330331305062201108178170683762088
18943101612347162287928637133759236783275619194386187008674253765078213509825, 16344868124291096101284412913475985620155078261377633792018556478863180241
19829183939457284606415533580093803850405571935947633534493463509702020700469, 76557743016424647087974721987742751908319606261543402869174064006517253584976
15015152231416991962332424146264686970537860263526775344220784384129545814123, 69427464265779515124315155086991130734385588888412027175507814713857645525762
43153053739514839435483458331198360949865795921498774693448280379883540640753, 25166367933096922027221520918502637132150059918332896090736362984169925238232
66183556444041542126864596862126129628943281679627765616626988771494823605249, 42251830933426241664573743633267706778919295276321296581276395505229727875361
19617684270383910085390221842666748827160592364795801984563576968000995721954, 26014722488150443152477412915569430471559105897769525496082372378087500087391
26510415209164098637718371447510967379629981115319094176209325553612381889579, 24665895133653811519347436938121661281556444911197344748365528686949050971049
44701042781148165510336622217885562571276408694651347470626305272874550675206, 33821904536616668461954578532402805576739366664610984407654697383663128036699
70794954425185299078236873385775132888754128422898134834533867428054829556880, 59766429948821355126888708662261512839986571207821439224399207305711169002104
38743310825522284721864173470902707668469841491772867390890700420967040322913, 29798122537627516042410374664354006445472178900746804214166166259298226831117
8341487357691528470503357681927611332837774323320959353910681511259500792124, 43052233565307101766763471512309168084047217103982660412454253262054207295902
53345527066664149844026050424327689951044201408154304918290556674872768634250, 13975362872717538625608924518761602541353350570898276310125022831798330626377
12364124318646839846144452723330993394279902702161707959973437819093787049113, 47737337819063396105356404935123264870602547805315670908977284182801080762161
35049628421452815143228311713052236483871805688906982311191900774888470945322, 31474611369461968794082111827778778294511514192042599758806520863752686824503
40638563168333544497187401148539911305628402123602308511625461369964637010207, 24498983866739637840665523226879555915632817660078747887497028827830288398422
45323960535665671455184542195253936214079600246221094490577649347587723727814, 62567548530701449915931984406520574304268440804473312900685812458719198406760
71874797140682204570063974316182377244153109661459703988583700340221549698098, 22021542741660700734588134836576133574774634100178712672234609036295193977273
9666134924578913507570871202511895623001021778766015081242417410892367148188, 25847183191279497063474329364331021427894335880378058001879681769334259204946
49610573305912737401338964683395796844403520122014002205075154181864223264063, 57814061890764724614683600800547720083772153716080008049606133653497232301214
10527143660993810246182066234678151011110306299000052863270377350916000529052, 42148364488770831801347131957649471095508676847420765223252505996990995426592
4915875331307437896877661812055328565441770815557510539338540046312683136747, 19967991040593346030710295503317154973671951932882734663364890943094787576065
70947526360272431250612412824658817345480054987175869372134428074705948022253, 51979449806431029309722293498060180006313332209087614507564098972897543281537
22804816740127531614561623354549185087191809271349394065510435775979426782720, 27409677916850194799573222323018228639046562709820340230350202778959636800099
49620895638805434386042959066144549978487581240390317765081696589144230253400, 43141516941794985951074748299750473629567284959604321984160718987175103298289
39981999936406212400270796086184413764646494958274120362160166041994388928026, 43637364411798938980001777820180175418954128872592545357476850696971435030441
14871310057595603841555674652508939725502049765803874691034209696319733189130, 24492150898631052530273438984726040451689801725283471734956967649485493785597
30996228491805475155851592947657244804505265507894567957630563358588748999529, 13554523347496803405933726049955625728506301743487665847421527051347462659793
52665093065594352265492509297185037209576682737662082481564750924792584158857, 41927371247545843525179996459259168245437198678847290961823348726292174667239
8981766136808875818124891849613774127590426245586243484118934349491740901183, 23887337505769135276935655385822655013979090674699876507540402888126851235378
44810548971174283186981812125064541623772334903965824526070259263345534141003, 63130089796429687046967537142847194475043309044705439405450551147559587901524
51990838408069728048275748631336150525194375320078355617033069620608545796020, 51252962650173995732668971202087686018638345837027024139843009977664024515458
6250359985865146882998070046941830507202316977391762273537806212631332720489, 40379918430063443109548263375164815453287220561320260357159477637996238575466
29828219101386691967286868440538327311166444876169507532997260827191781341211, 51462425137137292702705211790559995721367303906757559833657664181676253505741
48510524850860099536152292647725979093166280906910332494784101739308969956063, 2860729487937759918186733739443892385952137888993720166071105765911653273001
5620783754035644858264566505354906340065923068466982487033572620378915779646, 14462246913806384493835774397509061921936648536267997138952861471971900945512
38456481949643157773757065131949193870162991053147993141669189159603189236980, 22024221862804307135375287578049948120915845314293760555778624919531775078289
15731819870123106698686799162631666992724709603078346322910064383367604365770, 20654503435743754846339963348182046896016056557194811781651333332747716493284
38380150070798352249203530417938481471328381155340195594322622925363137724219, 29464898289634212136332994783103986256361969502936961288309270073834571969463
48174182626566888469816292571143784608565127251993423944810767604045587558508, 23077072608248136151797117434158611616757062299407552702536626894446881919941
41667032368561052378663593441124323227541665473826536228386091301283014550930, 5611176928860213568868796091099402917219501957154996453627630971443599186055
58083901133773082247649587780653348744440849783995347009131045436479269523838, 1499924796548894176093352223886675765613581409848579382948335350375389685753
22643155744764212710015241668688050527931712877268155746357110994970428604921, 47497107025902409777711022579188557137288457943815398254335810650219125908515
65427818322472073326763659276146951655664270567555888062954428501887165358442, 24654592600282831286877789216957050325677566965955102278811145134995243687948
48231751681893358447555285741075609337509923379413636305053298262976542183030, 74277351440794518466502936479835972958040064956545127965519890534603536690771
27698226129827297718310378239712712253819069423755590145429719107408208948963, 20829087909376838213919679573975939472173205037838171992406468695471638977798
17263003264563693081522184010675198118065820090939760209884121217073191811746, 42158783419824691210144613953498034221309426114721842451943982203774773565443
72891523533079819853777039962968875623709592618689178973952093807643147678832, 39102556493748449394932586928243452769526543025873389080620420522297201571404
26335797577083143516141421518930852665407589967179865951930486014069871022001, 60329071285668194478729513168251973592883938972389564514963755164656500684077
74744554821581692369545364916017554778847622825493339299031728896676149665026, 28939434129351744506692803791440766652176183620223956850724053787631824324047
56564474171592964370452699456144961391701128294410487392947023182974518345731, 29213862612312527481040029136480491369781672003851518863207482821560769849917
1139583246802259427210107473936995943394420860468805694749353612700494705346, 26724620922204534991130046955817786043181700829709776445490651428902403650360
65241236311173698154259881307490592348016276611163551378874658713018452139085, 34688844157486363000559034257429212938880577440832909240474330536295958596650
61332313623212500858018038982454473343309620477103925538655577057822295744286, 18897657965554979267552022350267534668506353492530385183675915067039451659249
12866126294543847858357566294691439615956581311289703952997358450399807237321, 70739934037153271393842132790701849532455381581881929626863617318920970050235
15355042206291265826922686143698400480231046814509068111279173434420505637689, 14097651912761451053008561344054319129194426123972580640886714014145302038634
43972413846071567286914493223045322227684399526678882850454415435855320187378, 36116313100767080328606012143888214658272273127743228001479651645521404667743
27929271991647174629669908830657962894348659398299120132416300180313510955648, 64454585514294745323702061284827018979618430087370085737312481546050521838660
20803358942773041631772127167146285633768463293695193686742127369651905080185, 12640898208663393596611376513655335475219049252735847998513132432616918595271
1741040178020000521941010047701675529650097601091441765010912181072564247091, 67069863009299062218654815140307377800300425801039867684210863869995806577927
42689818477377354620979403351988463859451311500183100143909578135236901176429, 1304507061852171378683743416507853988953882619740285836004487849272768553864
60458226603020480514611384152113351895088635428023172258454287851649939537989, 72876638980570471058985176542118736507105116940003478571921738825394951390942
8630921164969148495350650058178480966756068630418009883046277188614767468463, 11823570367912048852010918668021090903127810149078441989337919808022530492452
44599451753374295088514103875535961961355951431340909984176100944528431195111, 45972727670733991592291168265914712536331855961350035603234457627194974000286
68963154108655739815507417219700911501475877266667631114114534219366354883282, 51546376557770120898735566891758422552213163546697120502569462525531881507144
25098530259318275640571215649379553033582401153384705032504822447341556666036, 62903410453836308531153978377890782941507495165373736470380641869942348616369
73663812013310214593261392603223462439451741452917097505023560791608708047146, 61184489446887565142370510248535121943108885847098161536041920066202276867096
56098551446309350804448083630961678911111033852973785667207206632828170717840, 25036520217129965867018294540332688007905437600054581720757599574722901598129
16731749567653031182542355615320979520653962526586856288269262265460013669165, 22872500079704603289964775125486201669903918851806319847102802449760678969983
4053574275251326806897737016380780463753294453455073016916356852208005529887, 73959444478554368175606226593654340652994867971488213056762245051718635322286
30362139109470024195497442567265623687495220409013182763801023998048738800212, 3595853940233879025704222413565326158338405114794939048380008725030941467133
14710591508124498913378695717538638163722514417996119854081613834625687422128, 25302990576355568552035601822785057376939070747828227811215263344584253645335
42819019759332916092610953975221908560707408946937308551812115102456751124158, 75537968442257308663718420021625994242623143815742407773685445733695638558562
14733640483934400369858385546074772779559372954976115536672731855122385927935, 66710346200635062340730180503294126385081569323052085524057837765999462187562
69829285895331155671534300460883468816456975410285649944291034685250808663820, 66550869325475651137474371378519755595001450604582881433566996463635255951647
16556820093465460075068123390017240034788464099552405172685176153241807467485, 4774996135366674939108591518468901180932908797046089024706453218171086428229
41657086566730642977444714589188570015177817904302015830458757314166041707680, 48913644614168070710868848465310046851513113040980707316983095520475726473762
16985549511306959399157352711394345960438803445916900807928334539631321507428, 58289256222546260616645936249200406498094013198602633089935114872968943446183
18744113404569231110320682913904033840379088623977122695409486629137307127522, 7054910096619672057551087129856137919834241441897296724496038877336911310905
32750630932955477572896806099322961162685175823415625685649813902813261638494, 33853575415522583207680647449530674434395152617597266202104905433204825411962
25252566421597092471098763199363143791257631763190817746711264773741337813982, 50950049434678637675701738094731158680133451270964346911012806905179772965252
47694670336119482512847713922884341486111455310977746328388817525171954174226, 74969708000796713694750645707593184908991162517901206854450871333966792352559
66415553527777684706540573400213743652748853358001183841833422521707100366611, 45888868921105168296189186128589282571473363265462739571378935186417021090112
13373353742020587816881280684855649887518246396754164912666784672039662745837, 12747267787560155046279248633783574398117373101742193094586084205698313431053
67063268658085060128680113742830374683712066939905669575082638168858206523285, 65227068092514158756693537329775892364685796663482107424638678526049559771501
66619130910412195260231693295971019677792211307463929503119086497148328646116, 42619534886216841542407558198401680765847318194709994200440560967436645193214
11268232996706157355190873634710062148948444636686681703902770564839613456076, 26026816430335652976377553112783969229516548446942272343941423587537988202809
73530992728077153420766681700977768764701701612890742977457436693931000949362, 60487046702657620146019347111426243119324072739979683983273447978191234447986
74751539941895469753333852689971384853835287024251330924810415102820586282230, 17127740325276918167878229784603927273806896826593681943255907049245692947779
37703261582928560773151073479231153072915106690098685327996239513224105881915, 12616675094335295921159345263399919665359903140188364635584128860590463062799
71569852382765484024891131508057402520002314783597632195285328122146091679817, 53958018353196466992693494698368034098467339972860409040985541438630217657444
66644037184628523344551662905317626920359192181560444378472153621012194743986, 41519358443747894853533544809923779525153433145726492053708291888306599024353
47141072574254089661939694113344748633627528703653173856800996900886936495668, 39337087400351017947591117105721005548354638168538058787870637510343693776299
9020452000204808034136264637570157037301797652479820300974780165083219029356, 75391895587929128457047265495804741414708701381958927043390282694925190852070
47103130662919644242449375668835426844826864636376835863009795568799889401371, 12853084814853438785193855570752293738480375818016126879028760751047560496773
32292892226130144073935293730625525776020747279780128858073093397612225376366, 61362968354638658502413616807704163172312330533287856367116034214406100228964
68308074385955582978871516340047526934710846732966478982701323484023399488934, 37647798559329363717120306302517873981590896392035638131675498172642712879452
36520040526954402065468418802699242324152344590787867063653161105151281106393, 53428096926871700129669575958154239814126468140333833758535107714181031961528
43312118752351763603549240612377353791821732921778607154748338149694338385142, 28608327130898333568688132003515939588996599397412375754198479052570961436172
73333416537381530351662429925285660019074217299354133586923205121963599604087, 40868506844891154290021305326350991613796291836216971197858793579025299641498
75771118352359758587643275562450429885054451584269009458406274561173675950206, 33624461198517051815346120681620003150864259306710805667593970649190620807856
4385580314306695610738841679351533843835242214330672805823057556124379606155, 902307462928595176677986571035354940756447306743905328591943607447602786672
31512996480066852944809386450222194368032458656229609441247491602453951622662, 7746989730701111220084973112363452430372702873908255191518432669727549759508
72398157616233256464378140851671923765072325281329785032184019568582411646764, 4182472178735350982356402507976622393128187585659790437547599306282157584252
4405468058660336188909238974532301216288550204173207575274643898389591242750, 2053159962644494596490938951675091016562097659299864541289984116085521800850
76013955521543932481748274347203473856357284970912744333010109229175649460649, 53950337304783006486192734541433800679215393763021884016137856366607289477408
61602746218571876504990055582478176040369670669084905722772969813498778370567, 52020787411604792640673466873020215996372593791655910445086345927797821661533
13901261893141056520272934108620828994164499883800684595169961171420854682625, 21155111143710049427899589027629886056476508227268593684776136621902272697029
17430896595706304125559424043972131057601376171575017746309680138513778902042, 60771474006029422294158889188808734053954709637484385024694619582238427245659
20662101038569924886280369285676798659345171111547765556527826894613519271971, 72118156769271873235496676317863434090415826755214101271013156573971343903004
45978475240488300704194881150543427253327470448619517970040642130460273941690, 46728618631345280048666877187340402300579634215031229636886100704786670931006
57431292857920169087184631498909785708509414342531652424542808016411095652123, 66103654813003860893386580047873189963826476306802734393830317222573317773625
28825330762726496845840375436426965232332584182064705923590638877991217827132, 3570473520711005514684622153230860120187321359861064232609210877658910614789
29290964554948633285937655167351068389042675267893130214780931649894712310670, 41919382585925986239886816985704990860158842788731513801976437798129621886547
50390890909855882557361516137576618888071015934631303968557389426723338118107, 65202034586510306063129111660609655560013570443148868320764392269355813783163
42438050312134086089841240641031971910364845469745361672656140179201865071105, 69631026512429841187100531515979239617237864477503784741316793948576369928898
26638447088264183344159430299866386411751564505083928856164631654889666156558, 64574232614653866223034539911469866044850816201692167427283781294487406131142
39008987873619360969879176469569526487233215423036101486021045612358318424263, 23273784356401731200969886848532943373167858205970674886303643698112038060818
76377632617083162103858921594798174677912854456798333628359941036205194696252, 66794449349336819679409115640792396945483681842512722876183998813556595739088
1800813200685054922459947228921107646791224670331728696200749721693048911092, 47052387249599968552765640313009600473516222147619620550933959030353592074671
74844708586435954632562435955904759847487773317505979867785893854498681879018, 4918972433821676022915706266813146923407699605807021153292335671639619127046
35250420564541856262317741315091209762293743130517851008743867056325398648742, 28278247679304096715344694524235709020177468490010391181637021715121295888545
72048121537628930749978690210376120827330876492593136871636057858545080371034, 50068946629256348860614213441358454249310576647269813774442749009773260163427
17895512499386848155261527878585079932746867573250052101947106033270807552618, 48783998924071454399561146190560209723591175513606749792701753465771166857479
