Elliptic Curve: brainpoolP256r1
Field Prime: 76884956397045344220809746629001649093037950200943055203735601445031516197751
Base Point: (63243729749562333355292243550312970334778175571054726587095381623627144114786, 38218615093753523893122277964030810387585405539772602581557831887485717997975)
Polynomial Degree: 7
Polynomial Coefficients: [62, 19, 25, 25, 26, 62, 45, 37]
Public Key: (67565338770894422995638216725323468880428041937266373340696851513346959899024, 10144369444858246505626487140857685251870194286411768727210477996139362580344)
66715919414633413970429805579190834634278640276826118470198727640955819198707, 18251585067741757100801024488014158185128458210862788379148798200501824604198
39102421990464917901835551936451341110777093337331621623009245353240670195718, 17625462861850174292127397319444984759237483081484640634317541466251494148846
29158079339599192589098139605930882966877869586542083966601885865021053317898, 40456958681633017288342481071443483415552281537655273626487326246844632801468
3870284087606907750031134793021315650808064966551943400541971846438858548971, 2616147259114055716799832104919104049964024734868489394356671629604358675913
57762774099403605146959926863771110553754216116827740718134078422955003607212, 32315479495541124950560694739333362991713143074967526473750219991445541168522
13177391576157509529640274954782579425818415991593533827439351397596775899150, 35050436233353273006467037646200944706105560086952152147191179292283838605204
13887878759189899994406492725505607981587516383952598146025042332868163886202, 60981651332216899499906408422683294344648496295205941651005231163955956210015
8019448919880893405715261866478599764837172638548489921405175820070915887836, 43923700461101487539786711986383902080549181467919615664647382003462291037127
10760154299662657939997814166075398403972334828533370311768241106272714453860, 50412201664560787715633205490422396723611343367518907094588333000271819240011
31509297713373113405768961799637995545626259948496730364756146008467151378110, 21631756287279618336717258627973347025597379640102720943892463499283698470720
68232399042020692429438368979799990570596115312189791971406329249589638432401, 34624346997593679072638480254511622411579695781156516850119844998375448500011
25605181492310025092623010470834995177457275493683885982065017476523042037753, 9731262891245285204855456236743967111928179230232528256150620617380122811485
52710482337395832219399145254845965926295151682279921556433302747029696968216, 5680265048352185185680802555802938186560160945292147137520234170844577940814
46489474160728180676230910643132776692316758648434936519728609026294652480277, 30706369985992201450687882894115518994002839915994070682535985819941160694860
23290146005392332995178270194975526750537502821958774025000519629071321538352, 65104015966474509290510841496504441613879637637735925288365741199739395120780
52625626287833303988882123160046199159140990238191486009042299401232164476219, 73126857345398941537206902321226772155337886405020969652389404876929650284190
65692382645735997469994517469771034525156212590167381697576212127940476152618, 72969336238418100634337541535825020009192158560655959750866153532294692811710
38575090671019614508053300226920727286282450535123094996497597571205092603772, 22029348273540390084734172538747610964250869782644334898163786201769499819934
24201458782397756098688772898588429512583818245875583167792313275372140955698, 24809588376389867856393159743926249194348340755504384496178719783753791737908
44910425834903219639292513852329948433606992326526473125104697524791086277930, 16101682228861998191361299186962265334617870640362409151235747565569260855901
62041018349698225097832191386840619293733414765603809285253220603269470100811, 31753548965316792952327291286685863780410436645863443249794750958009758536388
65183604642039339740715089080300562821918427001192930668944396049683122787193, 10470381274315518587224821956557649191626319905918712367026397479733047571901
14150810963460310913721382830010114933779792817364805228510857742727650421729, 30227356925841347564852601808375433324759461559193079539294761311535974125287
62783566580018031578357643786851616987083535015946514759040689077547456276707, 14734484833944197059056352920368420882266397367894612765108463579569324309744
64067491022341882974737544101285982342451986696392269213197803494164920399570, 36484471915730989984071533760980052688911099186225592814129563140017516618485
67169512162356602128972734545492903110615766811437248543037305634123960529088, 45898758444944839801687636244225126365297394886237784289516340922878437911603
63524737985217133117995649395498344266704971996028225800642401936931642285735, 54464605606385945583171186937506825326197049043163452421308143099328160335441
2820975772808718713731688043980518827019633963946036808870921866627136453131, 5944449447473828519737380008540978265152493745397040263037116094484627351532
27334467914605012376995242016227072611684726073207733255455667802426018710954, 76802762104017436938391985364111963317887098281280024773855971352927611409769
49553558295259512442059917662729155332852638407561032490816480689568273202553, 29626435722422605918294911431655186351543838905961098393505314467213439606544
14174738840302317218327202862157142751915581414151147491661832571317686417764, 5108455867118107687246500969485804067634625378903945001438976472913467470991
59941356046478186347487512010934497831682254950564945773124481394113290787300, 67484071142467987037777378666373830299174419580092946163321096154136834030744
33125260898235399621856007639430252709503552949721667216101912988274842842520, 47257181581034369431010238831037753071089465144017720865221454752931448759770
75982024362344379004198259551984774779176554178614005749570495126033323315110, 22909244901004984350032160641879970964646125724625443872918497872954789108023
21731472669170574817061704405551311231889282295969553330056301620206025684412, 5032224578457188960102104024278276213096049091699268275047320153820938346045
6155081604040663415046783973108551864240973264079618010939493094671933814759, 56982127017214334175065596223839496958079532599798989746146059403541026069515
24076895300614537517596373606283150704101859474130841725736653909139060493683, 59445574963656963204429461018540288700748735723461896860114355352269272079624
65501115221838432912800722660961825779856491170120908916824179678532848884748, 38880827988713783631784364979590683121318786880827680444919959908999684553209
43287704519382242828005929291196481786119017166470101783113606343674834628387, 70292105722878357416790538263617837702210146578168311706670758323440474029196
35205202275198329332808433983391922830123815918137100720066927808373956321282, 66084627924973186697647573883259710743770554142218908710702861480007392618254
55172743247061981667702907246201501529177614463284484305103499108861531952942, 2043915455401398868533769774928741212507244790053219503035647986838189443193
17405645993210370480843850641570961262942416581936962720270188175691973842660, 796381097745148759831071413171717904449904094761174513707668738525307256826
25522110080213267809549732626920128600694502451036119703193514751558965084671, 29237747318555677525118059084954012728388681147227817131967812046003349417329
2538743478375486034990424083000684021849755791726514096413371110667347606511, 25600440984729378388497066252116386225560679717402429793598415589590673076425
43967973506660332516171383806959491824792098121856352745816537011256081035766, 75555067954414759768220180383073140887706043893397465265646614425562116622293
33390067572025825687205841445391808309819284913619309690189912356174285800188, 67614622745704999536418582911717444908027931781056557208396187812886065352922
15459327554803183437710131074034439070819937033694095601825391351122784624110, 961910375547359172356846892423701222451798555796358069216373573949119233309
75669831947360962836708716818828024551340941050010606009929262658795411203629, 49028301938671375112099345267623077035419251974407677267669388652353879863895
71900277012577070763619855022806725398799821310066129980604396404038869715319, 5160145241907373427159924302694894173043328375821487387381299524558676672060
15417536655103923482431669326488954078897586522051986687525107283866830469178, 20031606016001828480943298144293354195443723711530485685629227774157184078023
45488639982474576437679498528140313560337146867160080261161967030110092077942, 29029717104134945410992337960641774480349960848696668631130800284701813110705
52568428547980539617990819714430645661254328294932451028522635032187444407052, 46242500471271279834397267998081970486333146520667141340606950433667687778344
54315944588773868650891897326989370698324148885409056258842718365775312532585, 45124171433112790318037803884559958623111044839126094292693511358809821440072
67754896273930521309352161519734522097149652872330917902758167439820410161794, 34003337965831503226469513925300881299722130271189765870691137957707942322443
32706632385823432839055299542253360270945767502552213502230322475796164228889, 51429876217081252435599552939328373535088818551857545083451441523873299432900
37807638140951053660993225103491476644257413526624019653281310370699513095431, 13822793321934265489133689770263658268818400777515123643368236333709102085643
10738821620613491668340991100250645215015394706540402969689370576103417054982, 8972738737016819072170640078758828554911307755590215347062322075323099606281
6738090058140553379330836299792468882743414685938746598818287446382543654396, 58559676520366973672701760867722090754879256173129805860697691069334693464553
74726567162114645391427376340444616129797351222526209204566442808102890326816, 60002711056120573227718896874230714807373405973219563788178882511774410245969
72329349941186889662374826421685940237755436351162922094008281170418227971182, 8269859683618529802498891951499712988686220144360287295466751983884253027455
2480634543196229478262961455139499005558059809247631831153201760864894042881, 40665760901031218018834565589520780920670870535587454291398517328566436719794
25608226997474367422478989287123302799002504614244288205885198011855430713902, 10340532835479846888140833916174094090688013771967590094696327368009913353322
65055031336124808535900284810253255728026949463148068076768963811321571435966, 40986532822531816181255118802902826601989986528247555572779618510935541106195
74210235898747926194365206753967363633540169532757672708931213698076509964948, 14103682773285211499637923516192773987031155810761597750658838681058105478384
32207766535642693116641289260802223828661986733086811828691808888003989559385, 17298164272565874352875938618733033740155626520234283441246310198882797630537
5743887809342044849401026124367417048872728041562600577128996076770687679591, 42413750688735496439340819982994581113699456270009650099298483664294574647901
43228243740488935917702829130714937797579106816271959721503395810448818373381, 66124151595205174041195023042145691539155911270326654805755046469428617445467
8055072589316690853797586460885080470176307291839879058081723387070250130784, 65418705099091300776135518120820064395724587905838536815766016022353716008320
66916991790039353230374803424315039301554322962106455108356984560913045908364, 43782179202556775654025931836783682982423040363146713162405355296828627708460
4904655973264087337065560672398323101700531136718118673853229320634323313806, 60313132752769479969669049589828180042697722515199156650595107519651994489895
18939059263018568257822917817731706083091034234682548817917969888391468111398, 64113957870562258042759154632101586705902883350162544586523671394538770637953
26718454858139213188666349923829548056344658240784399070418772482176031108590, 55255045106893988843315794374031044814254583867052989775773733392866242482658
2712627334518375485684194689797565162481229452342481995564551831833374235994, 55679984407388191607679538924135211973963503327063833360049431275410839502133
65287027321612950509202703807867490560216532247617818435185371839708138037533, 32606227949741296621674065047612481872979289011625159640972215438046689285652
11132670872711621986793437067593096296073746431251399319662478408002551210697, 46075367257844955442975781906108203470773728995039687333149487192231935791289
54865232921728171629939667172414937237276869400773503318992168479926489673461, 61139785255852835330414942829372024902309996882288203496434375204360943054673
72798772813664709414343620047279074049121340487643456728768595852944524101865, 41614693578075522408463719800497086893882966703641406872264469001441546822431
37527674606235007533800111239378883661575755688371495478053719496806588185906, 24724032398001090197205844091341546011385579960507309422166561756176341866568
24677309334530458891237630062021779809043546745388373643204750169112664924724, 17917315143145839197798539354616882442166586638445526026529293191414052638286
14997985286364336998146329462696268021241466506287835563945110040855525473266, 62387579486593164107532640078797464701227865754041839477357857439642049359761
62882030353938773864563483794867641181963568999564758221874224822541668326975, 72264160284210005498952611778005147549631557473144252555846585981279970390805
76738035469529868586378614945696482461875949220675755588547087107290831534439, 64216065379619739708977251497749667191337365422673810545416633358959914271451
64678705095078567223357277971592280885367934564760861596831182800663224846964, 76779486026260956656313043516553890872530844365967849882476255300589994721218
27892647648547604815528462601862387697636670423119036469311038658663115282938, 48066989191515089182780574379696207426176491461694580308254003611025314283399
48381038158082381106691102868251183709123787098785120629764755255268418058643, 40188224979309538533751257260788596704172723460120358325766237548792451322002
35584456521118502462539414478884567008629732919937026691003590114877926026537, 40620260153503758405394721275367289635309314780215990099008650667186520172218
74221468826366032091977224153829833835265659591750725480236872148282694478088, 43811756274158852640871020274685483032227154261551874699425283167568411243698
61482761336111693265714531748200207039624170635445908405029351881433924246419, 68168310512710860106468135214290258448059061392838467762100643721937786171290
65530540104148555673119477835197103021448187244222401283613148877810910941016, 37958354721429810434306647043255372818704768679636149655323235828456040974742
45005123417173700886168251475148382189184193456887695697742022980718803002479, 34850670552813195682634188416857963916826768059809581402512993731638669932650
65768856075830275656459969242859295165175395341392862160353173366101279532323, 20295607045757980055772304905903015725827905268144052546625444122366575641348
40750470665518775644246627997453888501049521957703133501632958884967211565463, 58701467547303061195689385644798752876709484485762262130194468045498872560348
24390289721655051367129272200953752695428720941287984334713112587664943198224, 1641422881962812242539087698220956741264786999500317685969425939746906360348
70325634577816184089944760962420843588785479051727739574983833053989663822844, 52069376006714926002078348088399333067235905646027107217084616566501162719493
56149134851240758557388716094602755428353236471831065859568741001789493563947, 48287871288443247816758517027147321503280839955549421086500542471483376925026
22946171774694408854491233063632115397741248213908054222340257560486820952591, 61946471485372816127264540495427793894109757998623443379835036715567878993647
2963230211270121092988475031127557978304229645181526518927795128997120122491, 55714459795370688547797540241920473159299825539176135592671791497980458661193
43703216560268941307357519738304687673576538250241901015687984809266335482182, 71455872344152102397393479920668829063404307472094611989144193306921358867842
32808202867171377576910121799502723936713660978980508689551329574261889901937, 35782816221109031389410244971251323208747892629076974336578331080758169095889
54826597897295307324610325748440163491908297133895033231913972564040356371932, 12140597062696055484838801787013216604842975707832645986632503673593492622877
17968646161912485230260782941784822245311341782918010785725903552516790399772, 7866425948071781753411775074510014644178347785218085070874758205186078890441
34611934633462718771722651685641314935157022917111152214832867434571657865696, 66170698771261121201791406140564933006805980740581450908721661810775129472273
39573659949832748866590697970147149180428253465880132109927766953237730329929, 43859379293218893991734942939065848846614074684443114015931678433667753416075
15428860289490180579318333924888551949823338754279236622748251282562261563518, 72174893305507749363515729045326319309380212692112457075415039726972927633781
24199431581194416728805782879744896017044607459554895732683734695725092389797, 56849820048942204668443575123439875116937039907196439700891551370952633855941
28208164396329226499567669774043497268716752085947051955771303110913820023155, 16138121569097663602978474921268980486767302123207346328580910368838022858238
4856658389040783975139678011864570690672831898769007547263537912459617041329, 57653591576909882728787832897618576928412105699030555533408530142400940329592
52778355639738037805436454335163795101459160122465553305296308855585472674857, 37130020139328179567020346101856507689231749278493297076039939133665833292219
45826411975618348327495552502386385688312866991532815226972445907087221567118, 5789183509682326347524142017399728013277599708272224417511977273169251997680
43833088199764661307311135672231889847960915378575500205937142305202046623626, 38820085283024937065169471183442334498565729802733761136000626960556677493847
61467842566980153791164952777799193133224071341180553790899932385695075438084, 30035258616723590741070735980993522575062348449654923439246042480230249783342
14857106253934324196887023250334474405583618042424816820480755194740547516594, 12867889320694143027420991869935326446212744806270497760742590548388862992857
10561042323293377800030264128694967093836599343448040899821151442331630470046, 32430936825248631426748306416381638039086299243315380235064007841883735392977
34946253293755062010996350915076474488121975614891807057611253848522598858612, 53881716491718785185526639593230988132956554219239047129442213482647726341686
40335681830517097647626765110835217394869735531421984087849441991223671653321, 14110632324860279588090988508181314782656666449966146710497199769517165335773
1143743217589259949367321334466140963251148511179142890494127406335022387323, 26370996588478439292316293078027616546897598174242905956157107296484566848344
37700189747685939938428743834866976274092752924453451112264965670262830519843, 34667170523771698677467791522714398678235108910018802898111550056824000896991
37995198141873038324538995730630733072971418643284263949692326411236691713568, 7618496628798167200447095182937121285762768276576944734906709430486501940665
74591276436309206884995903779530206290626254491808645917992703263362820164484, 50294530563165200549629610093672757758427387529548549974708900365524700851769
23303448160311484183434687141476347066434285360413107177869591433093616377346, 14466793267431853412337125936313455664660257120714638305895725466823389866859
23993062391330268254404185422564082024417679986645048118643496977001775852429, 60893422877330838195899090567112934485584197038063293806585179905209979750064
61214707698570227661583064713662456060319197189950394952715715128439064814442, 73743419752931205269981739651137993760147411706391596649244902658229209066498
38768564819587448135781274667131983530334093758524698673797449004939443389562, 71435688622028115702528565684274802833319344354673836162884138427504384307622
46669321440142413193832361238220676564813667997595002446542528586993811320951, 33674116611066659028589711918326800129995931732970986429302769766987258330154
33972033215082292718693499999980489158039861177672180742941138052295936072173, 510483167089657450559152417266344987679923581894224590272629530857046248593
30507546654182690220131144918506011560769888683358361616153174673173641837019, 39779450884438348797267791966484757985987169290373093934267691958103333217992
35757397308675513818890434657026799249232580925025659404494042041622548606084, 69398477899386833131219827261753685769272409542135283697684946980666745580885
66073597006998055104022296408764699369185693037690545215830367349966442340182, 39572372217276651514702205074090275206612836751814909246757476297220823439527
29065204046598119451887569416073891226723723268148267506326979361795033219300, 35794352503677889708467268162158843276395716667470462823269727283847337506327
68479262682925289940353549324795665081279726085111138893834083440679885335114, 45413450797993975058587327722722044380751259414984328547270632514882984888811
38944835286752140728960830630259782697987263841300522695974482625334837106983, 27700750709732941019524329099924663502117105041515701462926818880622760651536
64467747150654262848280772010319824175092224850415672818768469059451589701418, 58405392852884120391219660356014210931767452612458456454738322442489828476250
12869859980683697218765669984823033335249990609936208025408419244845775602427, 16312018678206344574529144576910494173797666865638054795494363653179903910052
24130518291450228302148968662456727554876422038700215175889027469859161013245, 37203366260810267722296780168003256521154437866016816274001414616018656608589
73333756673659981408013972562995750160312520760874337145355778955612274923795, 8883187529045662998651895377103617135128601635549717575132719364952146897504
45567571049867581374834335041749519097544929678173017524641212105280881824346, 74036733641517301710503898554198886521294670078816848007902850536040165127821
48062621462350172315443214999689366799898925144259935314290024075691143978700, 39037432714644213105802608095520520137361380410397427195665383411573941041579
49513288451758905883438244474877987828677698863103669837835989812345110387553, 9858840427234128425463805242861059447118060554381682456026054700845074691872
34124346328811293789408237767043399831429117605631759408638261950124547219503, 69485624890545467714927972221885461721246424236166587525032514398748763833354
40603133595412987164437609930627518295666185780809102220616656833845542615860, 16367257011277615172551785249748067836484172595581172642923105427213865305429
43791848161012871007316854128238710440830992832950382740590073547776009126011, 31355223803427128176653130373247029711456784740152282886781759162633737495555
53223753028608527386800854738012336365982375610636032803126869669721581188067, 42448959071822279827526645867985747129574563944912842274240280210299271561426
12793974597372504602035464885855368589643646480207889838218721495195073968604, 57063208404383258234427060240451370326945167692486305842696317586294463158563
21191765574057701155594380995058971454542635103174887609226411470460199107813, 75581001436219226863179591319671888231929857235946571427217994081952699164458
54469523770531830695424953127603169688221883063489349022761391812856579567753, 36472153540662082789255779269636358448091108830571852030512545699136035172226
11083404598477120744401060786758993048661498151463245447040649774665621701365, 75082920211322941788321790049947966593554523028474745361170480539964669037715
48821618660533755914617498821720323049534344615658985606079355379018150494906, 71566511302814289542118819215291161486581102524547415987686720170570680072815
73979836636054707628789305493259915219071083836044787715370831552972376856435, 26857619218874043779138571008034844532412852869660316965624439906676422459246
51462489892006657342918709162479581370133565801696948448197797631579541514419, 72376760003491802209985353247696440190781689652467205302639646266463886749710
11800755977095136574663893353069310470349089459116243382649962120152632329100, 18265015941654061449642428637001353571969256540499679630461195869387733765873
36407001413122062486038016433035246107799372353918762446858098586438187207710, 15737396917210715156639037251777183671319714422519816796864577041906497294509
11619781056101361649891491408070502973126896003848340921514512101531657319170, 45432859922982891454090139188574109032257535920905600658561401122543429757422
53196595206573853834802079732300249746621953625870171596928047473032931544748, 34920581436299520744362727928916080401099607291479173254133100777472995001962
50804183111276215618211288525345051420748294411523669361952322067991465780314, 42438987843419654657580225192640146814133362556532184248631247568645393860398
13374130625002319135749624763069034204241367033088815535624391372596033389911, 66445508335571224625329279484782428088006948826173546670672634824174061353495
35236524479616556084353650745162934089329530419389265560822949638237588241762, 22809087296202463509892751148933427073122412044015598670450882643189415137975
47908825758171702051372813763447507234910853444982614133462806648374365098193, 35429158117471899299282851655280523265124966827247752453068430512245300515231
46720103712693976501880250308887006214837639419103268889272767873101428076997, 58954734726914439420753814835471297182556556739070327375645736813443103223736
20130153495148278712560490195485002848457939834492343842239676591715518090537, 54093492761506438006009145346848688616877024216582676924167545891300653728888
50014006876882410672773797878698535060444213508904595949501664706755068133508, 24945033387902906535305321424163273273705878873957111765657132397032980825709
22225526143968335436806736213074138579851221739921070928690785045931158846928, 9860643098470239539261316765999089252823913663743541815318145338250643033650
9524223314956384172790575401606591884655005089056255416550090564449093355292, 22211585933261180402631653982907814533916804417086965332447891683461204118884
3229331612827595684249391311131786154437178263183254535510410823674231510895, 28689552358092860323931421499522538749619290297488835863967908176288342906435
58937735149707845403138129877958176346263223881665583419342410389252551266087, 60176772022296970821566651809595485604483876218573284642438568607810287040254
59173099669732881667436408986046110634323220292743446419799558246511271327727, 57659618875023410604118265887818718223703540798290806102297729751728556498708
28560933928081578495092652503908489500717846520561536163983125813777752937321, 40218175419562915182708284139388572870207186829273513740007872815914184862660
69828021000238431200059565085290690355348398913151137661834652416982318467220, 65583378041482931944820655618805713605549870228773932066874242487987955712761
73899527329429417192031548770017326956973005349098844471470544234237860221725, 70230729445575919021706774892349821596836714683550769932046411413251746602025
54589738552402774139593899697910190717980663876501116079941821484054672152200, 49776969382813768443591375230374730661050703669710127658675933422677600684612
34408437780970096833867389324503297503830977042422533240873269538917776518753, 5552223261256706343961337116420581110315732639670440245323066798198661136871
15815101563832997817711041550568116556924911014038625778211474850611452568166, 36602269004149038685388663989057268305622276019434146279397038462436874107289
34085570641299747163644872205825659713655777045694808251288097044356698091357, 17793249186440385637873654509261331079806251780412622442394272313549231855527
60581347657881176331402098737919921397278820028210127049313151611157336616960, 4051616780351477637512234827009804059001780509566833252252974986485953364960
57719517001571773019648275635986070888535852125376366958049574703853956917860, 57029965450324320383538587914525365336012029666511309011144003300145917373717
54486861474069365701033711933507435856825978390343497161282102771329419671436, 58477838006482601643540828422802502131969241006215117578887212125987773613814
18844827853212973124290406482368339234651958651029477811263655668569166871781, 27803303821079806757603959814912568240038062808606099419524386335579154844469
22569303040645869503819523218796906526529223144245435304282176647454397639152, 72696953243899379178545676223858113008631907320946513626958853646230891812135
45833451060863549086455739799266059700968990297804463852733762518725539147767, 52439418740250072383485083601438064511186178049386494560606788581072022975562
11091195809473632160225751413854056981577982778078712895668468282641422239741, 49639507113232937420341496862523483662939219819715444045791904800901935072473
76295029306915393409956289566572325780985741463886386578005262941344656045092, 26459380823480488664876686957109207123056789657237083491972165550705493748542
4243651892588367742319627994638471733986051679072771304864965510286630876513, 54156959316297137090342077974823058945964651797243544451899413954216749516017
65932568901262880259557863614621611147973968536115290611509118682937569438385, 27031314499077257598054596022872728920727205571070548673388934556394255314731
19386870772710637270234029730609992442720522606638055382259118216997932524567, 42260117639478544462331248548567823482261835503180857355624194857987477323078
14668065844533557001215472760780135336023734023572510589473375777143427983725, 34312081940541749443093990111764033538420789977075090877938715529161196575714
61911742417415117900068494949385684225979101357628870711137526358675836937022, 21794566814239247271367103401259976533771122616481668123545893064509785228726
20687871946776568173389926701439043132360071776806001469341514004875027684063, 71360308963637981321018550666148083846904692751615822881997519478615222582677
71121084344226492893217656154657191642795034225603737561397476900843016029344, 31727568031690756841649098609669462073105160193540035838181742266596307676896
71578854511789321775440918827993865490799801397365753016196248974114586508923, 59685634456768085610066409269800389102218559231515005127527043281230260205206
31855071254667755684648712859473395734842603012600604470570686160637210235661, 26653825949723945787391996971745293112651609183070138957922551533142444374022
9084382579066055261955743962035994706369482384368168834220653865680905557388, 2968161364534033872130500636906640104465970213866886526194413195672179271098
16130663005458048722948880570918887897130808610761024650900966227224628012230, 54675548771123382564234778767962288007363317174840210224716722831515057253015
43227938402734056376664935161817804619341219634783518202453072350333466230694, 71173181598229649490724293218896532889934249704332784382462043277030141604355
13851370043730533119583930254674274191990219255506444265195097216368140076982, 2922688355174652916932300199276327634042293996909186227157163787198677899501
40467580522373567885924486254265286512380486594980126263903282590915163168868, 75189195439991672321498194334576193487588946716900922145059945904603233323860
6560141386184445741498323162596772533125470083749275661842527278966900661129, 66604941931493382290331580303899325113463985162423855678615264891988838540511
33082704830052369465743547744242168088626641478124179407823373065815600585365, 30436327256637299795270681698231781702201118806428432132275064887592850224316
64614449586708882926076234981176742672505922088286386755599482799244764909692, 38009739087004856683094287322784897654348629199705042994529050918445147787612
21712849456082631108934796484990706459101616774220333605453099876944064293458, 10914168344993299520560337259754051737236423804994908632638420320765551069561
43232238848608185255814889706364892804529392523114757354890303734857302111071, 43512516404732701907178666291734124502977224209525841951351397273568770112102
34231272073516873560719879835935155699414169594439443899188302117233898649712, 67667981337197176549604017001101879882087597932066566496595013898771671238422
1528754485997761029453414978595709716643393785292493126102806936834449828047, 9128333924276591088610781284872979803364809913086878749084829700796189749425
41382959326160675941629578215389394669440148845826108233659650496979017734412, 59451970524734624515099742612258325808318700001211617322677894247615970531748
4535000173837515755331112349430094541251460088589347061081993807373260454458, 32425009271430577741465648590315700514251221783175086613691181483454300486482
60815676580216272292337785675627550526441584480172630386782013464101201564601, 5206695146172429783713588210578909568797916424542967976702188020688165303455
58459015206820034639826756599670188100144836105440127585233216987173866131373, 28664693413492950728737875927462594438283174104851457594462999854587841763524
1088117660934695586450747457745984599828130837957862516624949218544750226786, 60434055791424175135784136546499355218480690893652152167827502632484265333903
61104201526640796765274986079561210918467987570460573218920767078472192018762, 35830479599760561591207411825186464552424702469846090645395597051174239576656
12696667015652369477080653214870385244780069791864522860143918003821004709766, 4240037261389727025202457319015921642402406336647624197047019291680851529272
50366274515818730349294593463547477517605516077638861808767433514136570585155, 47774801807437422916882255428105782762511852015987687881380769208544344496954
48184881116722768690687093027189651716577988340603407614462157329391838539253, 9482910780679765641657174174692674550606366416798130989108763592529675778175
61367683271940001404426661625178522437000840522061416957475362903409698796530, 22071037939852714833757779225061590036819214066285304705611203798012089862369
49222990676752192661841937015479074112581148889087282279977469695332727898943, 27985751914686625617708014285410083572749105132359274535634037268068167582284
75606451449345325672695993798252125154340151551164186690077053263657606522149, 3433469586308913523047483075482462207216163584895711248365585979099847425466
19926152571846138596318050152322355094237741191167997468424307614856606730429, 43381419727873842295928737559725207302878882005011837353531643403259878144813
4932282120642290168924621428261302922626283595884031791352601239160710262053, 48827954368678737885373565086827345009920858987720095835035842453257160711322
23351612700030031876815834200169799681280079649071711699601091422017302880687, 71702028186547898578570402996726927578162067425815300458838311603118839496103
67855825122832359107443653826297729720165750255611443613286695081166666741269, 23815546894166895485560423422078325931882737534655130830850227138621052100786
7612154019318752451450859261331576393430839913587515100832791918453194779596, 11642229659577393840081389186125445376436709052803824354615447559128677807010
59803096996908562539292415195125179653944850620069244626711823575715256907757, 63666561640143466832576371288099242668043674753621053700166121924380767398862
30997503524459587428374632402698522032799078090516417857968860458748040435641, 43759082349072556395599845133347514937744403759318290333754579068053623563072
12553285351583849223308178220480253083277535477058777009186450579715984109703, 18790906816598379095560750492398934455322806202781152028268050356631432435960
67349167675813875368639968161580842196818030670919930892538665241085649608670, 26336902116338641545934325541871105649102728028390414958692833187022880664771
36493298558884208338844911896847506930010283181814239645260142313235282989599, 70828477715014041555535221809074225653417242377521705569141326427423808058654
15357236266098042193698353656324102963536372638180218004872491994779913270056, 6139540672715018429525735306451734899942389373005092832989105545653234059785
50802172965987611357851029333176564979321800066658132555879698355136997802988, 16091756620916602868681021721869692905435581669701649319262684083764206878219
65130764359830394213092373077624577672171453394500128395898100338675769201417, 11502956310813114654921393577022621378023433073234532482248277567001458312194
3893052994894212320320351112479245541559798209196207013733885597387960907358, 31430197632121285556851858616526125276474901043185015661304830582170534360037
31569231514861777674530746112976175290046581505234467982809063276705353942242, 15834880043019313021512161681681578729918668535599339803208115440433352799071
28296131526837220400191390330892379864896179077178503118944070820292234257373, 70740088031429292815431420000673494301962581003103453185669856317949823805536
61122892458102624695785701141221140427503082133435737797912895958539827816789, 22349262406671206802599255892734183599317867986249825271113166642274451626483
32841371791411494625713623824989853038515498688544187930055381358057613654510, 10457719579669961957070109983458827502913313712123183051054456416606604531332
9866806704007460613695312107083197989417033498460018454606017639965959825555, 65564767297452700496212444050527738476086326732782562555509409943063279305838
36345676972178003137873234306898602702830876236824635502379171151589270682627, 54539150433649289663401086803263225301188166357446798253667316287050073560188
56120160034946496149405877042100830319318965212897729794589223648516198555129, 1861634018122873815382016842534376819038834515053122656431444504348292061925
66166619574960924678502780532270948935877475141771302284726490868181204802188, 72229554211203728086264358910653512264141308930864514535633766650775430669331
8479749388122412370353610796424818084021299463468867674288718233231659435539, 75698413794257736632995673567330146895878781360466432226831274696045280867790
46439386289889097445776675271509715155658666911348103770101109941409665971694, 57301730751580666595845085261644041354161794940815636105680271797726244949027
59006248757326456271375871529957570410227690700715240197865188571813103659712, 57784937039308592012260055188622241268751780436439468191899555920228364157771
30766063332023102757860560400202634995335548006146835967014150807768878907305, 71000767301404087669127505686817601208449802911109994546749466461835037728652
37373453425310469101730173673841519214623938505543332701435059290201323772131, 57131715196017358913018618035496082205912087124086462445228855291748912874259
31257196168068798344002051242407359652924924450375254817268691519906562512361, 50329152970427953040865698977908104993793718917899316661796570536709416015098
76061232819786425602783538644771959993320758184287304267441852636602667708361, 17861521384452396759499107345226652991738157399423599981992796243901827252392
63774194809504699171795105758186054830401351525140675276492832978884259375952, 29637584513192951379680274205490283822642412453118064292720744027082765507290
44698775221167623633237310040174955560476714864738730829967038019723971687440, 43851122798953115196253727531204296681504163909062429144725938060419597801273
37312778316333520279144387908080013498741073275978728493484459172920491600751, 12089232994439680070950040180416267590928122631104621078603195403641751539359
10592839610249155139695066392670241696478816159687164328611092289176016370942, 22867899469751067027281497737844755586538981698885215330571322821089516183035
19598646972871331489923408497894112276694713943996197197002843695261164467027, 12107995552452110082050316410265220049251876764989193561880343115005190843400
36545704267345571043347281354832879248750883722729161928975231111594104424466, 53113504915736160283970783165431253487142264037006525349818887283777060902963
44286049089442552543139435016598639382167507346902511949180339891923335785450, 70833104579805603384582808711741349502140140315714353515739532133773773922075
53827398266106970548700597837743162187917820273996306321608517934631808577930, 66618551983941280377699829956876723860724340897923541098281057391718901332569
71950564571266190074297816753746052378042005145106360336654947081414196067098, 53280243142157346366488897148961341754106943082729726572137046161906855869743
68129539575248217829302286901364488941921955008972247042121957702487385120944, 30160603084714775575738975070747081671833764783684894137999235974790907483533
37468161687266659320959717269651509942558990689259638066651142689550649358381, 6061650062993879174479527833252104412183732781720736665188991779836205641806
1231842473592002943779553992805980195064341116704894543447463881160422986786, 51876831972212524608798661604757621431561598532649602477012586447645337734864
24571185697811870249542275247936459173104162335735475859674732350806527264234, 46932267995036362885199138182313987616096031442798560127771891883521989883406
34991347279593287687848055292251863439504792898560857129412735395941300969824, 69777324654820741842138669600987382448251041531388580738152974551473316445037
1689981091724820713629963714396893231644188736382148099341330172275207274329, 43965038034349099974602210146734593941139040406933463655953030612701717592383
3354105992959344678635200522216387219005591484289694574098463682924442257735, 33060609268233275119814970203743694175388989125829123056541658319558063333523
75913777198887759905785536448015322139244440115962680868921709611499387678515, 67717893196006261662260760927175153255150851126927814162197308420881138086471
3028963392119209540924310671108443310060325130738462338831424232289067974698, 23847584153387388945135268815032732826530345697993384183290441390503508608702
25224720460863855987856721859708512607783210592158608141562661602800562556844, 1876081787339113037712158354089943933886326582972957022088698903705074387139
35797174652535107582137526950257726620551835199008159059265860806243458840853, 69553174047911285162121980466460602633809438481364238427787125360037838466126
75043397074074005408283707622900213991291465285462425260753187223367836279289, 51425507532241095278947218200844199237205138140281948677801542205019686108352
46272386322008222814639383788499799647113411321880505970566063392657346212244, 75585985577696250896321457442509751244748135854590879477076310394352806478203
30254835764684225732942199531022874604596662901534138325939957343024566690067, 28200357737107260710548673835599541565824480996460803384121350771841062991046
22286760881177919037974569006179404449897749749045667569474011800713925330027, 24971153747895881541679256615327544685785906409564894864495073326415350476533
20341877205870400537005726108202943455507623887986527593036865015806094416783, 43058772798047588330890420012545621969288833785022063966802170027196036917057
13534890992652308416605580466447763002057850741530382814059173603995838084068, 11452716156435970167811852043910177170265538959502789002310694129220299647031
63326560362347800188003109201213979038925228550224629258140859821569681674327, 75369206847439882813447666538362370587612782111067288383138256564576751843274
34349717637602127281659482182100212542860206384212068272925942234599803502223, 25771764060670529849941847796123367431086758295852787201287993753827949681697
62167986921375294619443772327318235452936485108878772962843778641850448553361, 13492683534157750115265937167931415477821274344309171629340597376705498505893
71806003269393497833312694565074944953177762412323860615645364101396431488021, 76600416300037517178232458137998322194512844433921774060108694613290165789151
41848678506592305294421361831194256116407964837622324209868638238293376762240, 42591132258048059452906226265992562998535922956454190777296375025347116621074
24585020747199901831316503725249940277699671240081642183304603005150738185653, 12229163748699558637225412353919934887792302720562953712006722344955199706156
4590129651475380334794237244494138352477785013307742386029017962437204071282, 68785045664030103032578608495459967378884557346423093035668295744240358875625
73108410175658228937206531247893605704713027786152439237804178893129067640466, 38251775556876344704608712022826357458931173935344991646742607265465217704509
52534067931056839913681945904035357548860194210358457961875301234008982240267, 30638599971751837488697247128898673704360196628281692863619354149380301300744
47766755092651819969476386369975390337502266462660512123140388791706401730382, 75584999803763933841617635144074624792866905308938004194889371939225841135226
72015592063482917368724395913821023053730941049546376301724454313372735456558, 660648134636070920756740832820552443991551242294420189544652104181159953530
68191283693400854483882294649065337455631228983336431742474866902724865459254, 20824950129651238680671374086324283181354176833354308614476056475735075433562
35364009354549185193505166995862828722213955996708847176345904114703655866502, 1066653848484870235880948385323934695528784039857105510304138602806157645930
18125966366004487958062457849787060366443967746652949729665584784248490403635, 28216001392401266751196515305498196106114642992096555982990658029026604387963
21321315358319979975690765214602140134817641449043003187820095957532585796359, 32626416937604973909037118270906008447480881173271333533493894576072593305306
30686874661526421442274232762665840807560839619623988277414777089573768062, 44551037113029339097469488082165360090692363615371464256273362557014162722529
22969822480908686396588854184364280612247899740732844173857093097023001360189, 73152664061495620480912041141315339475487924486178480177775229041540698721422
50524094321156454117977565928202867532864146436646445224007572852138745328381, 34283094614326598747443183475735882254377221914736316917723328398019009711975
29058813633534327402032044479905630174608348233191055021409020018253055920038, 72841308029646131623981169593592286885697202479371963682299484194034667621873
41845930014794269256613211867646135693056960202935095435120147728794681211108, 70853867883850216104363394498287029800801802452971094720112687846656893637721
35363596889455576528684671726020527878612121732338864124552756326563531716320, 29794788834909698975094975827224011605774746724788461730839940277890606276862
61388325780215860714058342881343222295238852476906137035698421428753481835099, 48006494626280211153413059233592394689986951301091927154574399854460705855028
33040562556889813621779122943524576698484275437372125175714551883148218944715, 40793646760861000637282769867925539847389774093749270161419223546387263081080
60535753453736677703021567398501185933475029606732710994601185158138120732793, 61471410495236108728350238351517830715380572407103005021227024236334843625973
69595308671529797385981742557240807845421899661145975543840159809802789544940, 17971747366785470416239895838025801049070618220673381829985301968489878127960
59364740312358566520162621965823717550816884891323451499023654111874005787790, 47598243542359473436330784864014307778086246987696900403944749085922586077901
1066382818112170728763079013032529816121717017368239704107615581433029379788, 58031491362821995038854629936627176010422586311413511905989739011939704248693
61514037739680598163676678105173270702864612944138576422275590653134746780475, 4915629284795436600553726785952343369965917986727050964998939006590830303999
61504289554820877093193343454468153863418934714867853130115329106861820673748, 45245379123571728634702065037847539470751439521136318083337001440626634399563
49673515049389853828482986209789557085168939547985670495320642823818530015982, 36352727646658958857735001529940505145184999900818082910246835266125058919670
9744365784287770924369281897465690824288248727821404644143724657512774418523, 26483082614444611816501264112862075293844674410275648692386747804217691892546
15306219618492562583279198069236372392342737935535222463047082403597151058177, 67060956595510479369401263953257175168666875997946842901561157986072117406652
67281462659299727297552054381321676396852706096564438994504006516979580748205, 46878288717666935209232098828631383777898223416897724911197042017580596545056
23266082754967482937950506061410926243483963287395325834523220771095688686072, 45013869908100979203364909289186024933866967977752854688140567728286825671563
69370839007422646085363268643439727520270656678763337632205463912478351371404, 50414078838949817617445732462120796257376686521955196528649484439360205909754
18053066104372144146930044641860984713623280677884461302401521597181632022520, 53919535862152782883805840217142122356553643792373345858001580649243461953804
25438672914886189499386135404357442809553715220265128186329088343066968154057, 53764906429400786638072203506903607072972109127889485204678691015804871239876
8937267748606286070703139792237111048715053963698873904321404913556020623761, 68509557713847738734014782457164512059271254340641383849383421604564092009401
17318744152889053970127843551036144517857881766148728440433242795939773549370, 18222477667192692682700186657694569364876610803997432195319417983074846768206
30969893765080390424065364484006032218139914149024158793668166365659089699840, 41498301829771199268262536076905333938971336041744909727506955615892865984683
23446964104641907469746334080969400517788339500814706354831483121387774598445, 62839905690075534732640558512230904410415668970939347657602604536408605541868
29531584583549322595997609953748447411122606490576569951088521563340854070600, 33606615863970668537801180824043537273506029391270899410670959509149967935671
44502896665074137044210580995688604480772139664228138438805495722061889679164, 70180626543750006777501897216147894140837054817060360196019628778134323721369
44915899095750750528503233449300907435993582489898600117322945680286912372522, 58304825153107702878302962960781087306161555717693020923753717676300601619746
45346189388548511181324773204367583140500285624991621943373405215692956508907, 33531533423524239362196402889506507762832975919507643007249854778104518434872
10658070270735768381251338343776404466889027461365703356010425619941537678456, 30549370480220724121646199780086665429626051986320866918396191243146676921158
30250715512910852775105322815328338679542022041513501565365591546841728205348, 74294629781187401083626393660454276773262964304307977173831364782429585382679
57092746342550636943866321505349713840110616417960676293573928758424258240672, 54164324491573127856087165406324388649596478957708023126086063577634146268643
6866741589700900459797781211436538868234349305628980947184529683820233110252, 65712263029243480716686757022889643205760301277303356469873011784664780518552
69364808041670293248522403714004012954008823773308573304021104082906540801506, 26693338353481588705591423171063459444009250440542944978110191968640246759169
3400798955243188571072189913733053481424750877478878145159769658741228139541, 54496661949303942894971715443606822180117713825261974689428738833442012856071
45968635871320858458123572180688558742595539530052242239007829350593020082940, 58923131246381053817545639804599696062802255244419567580228404352555447995113
46896228172044357587654608349688605495692132304322923696960216880193785621431, 40316938412225077771082051998311526007072367133134391654505050388426809300384
32492538598079801202948511104749727159843916972568793483378630836189298637290, 51276650898638788734892933346838880825601854373648025667770216844500402499454
68913451102076929286081949681865157909309812967395408078736048731126593605048, 24667355001949252951251271378798872032065093555602441964334518058642355591320
65123745036785358784010151118822641502716807985133886682344025991125492194609, 52840468309464767197911691874657081048676776015432883727641673902897813620325
28087073222494702079861640506380641413386679051954464921253800916978814352710, 31336774174276458542250954958713675874434371970029629177684749890271501814642
55106661719042975147292838418119378791443530848710593256194474812516939277394, 72263804541525149317435734615293696586748862435511248191923603343216215393038
68893815922235701666768719648528560708003300072229262245778438033852505320726, 58215177841211181621576745312390668612744296669560767822803403933669175566810
54740667888778072405445317658509110375911887686342518785578857048103824018746, 69400790730270874947434825956617496720470915326043940447367454509163358954357
7850565999687201469057418282440182792079715650100347330536916964189631837433, 1839212763675242289319786309150580807272597692986513194314178718290725035115
954620512138751852914827974881991921276700482978791793979285889941329686933, 33880979400561778849982951881352515673481504560380672178760893030730533314205
69992813250955478743270532893238716267926448928592896279943305184175778493933, 43979599142296663217555442326507100999043807875768706329100012381521218744569
19202420345745027568873975991175112009723287223982132396057823481405186903710, 69214743096402993115492701694373493422962480065935117537146524833060235794342
14568708916898437224461472236252558013784577098143271803934839952287029037058, 3965025301358725171227347961605019139726385376688433791441598502859816918289
15289198106800009005845432466455408578713421748294816239918373523775311504731, 43701280902878158488983403939360952816236920031168564593688916514545132305771
2777904096560848001543325682309248899976715392627217906198087773790955180949, 7744311106459379014534969968690979396993083494729071867370732812748731584129
42639809064447602041379186171733089316855453961280240182922050177298789774519, 2149110086436302421961077120211596662126952120493151347948078640745934307980
23397067427517364610707966446856252679981575101907140923621942817761159871037, 45427228781226847278790288938231235707942411193133104045221624853529668947123
16315443813779886747386759388111910261005666762300820319525350173660698871888, 21959935578117060364671862562171391603171806819127051587053035089593863512469
57293640140336178711295878214475748423524183003780127269244401876564563719308, 51017098188477008729152648365798377672723621233839406220335044681885915815539
62604063488898510453694401511655717515601425360610166527995831393999937369040, 69431848487384154320756489119751686191141258254326869054296161709240539046401
2495179543894684093170352894852687393842362545467598737922481858189652837945, 42952845481942893952986177216634047530410456373185880027282631507840216890346
29791281785173110368664155460723713008912584376179814872048865211949678507812, 52655307040160840473297960230097463849139152316893128418913947590502170911672
50850135544924682967829441400674270618254542651657266031973101865551570667638, 56824979944635501873161422866201848371954854154392501449086861170265687451201
39335386111868075582200148847471974949715274395404793099389339909140438694135, 41019600617336622921154971986017748082625390162593277183516048842308192892543
40656512405903820007928165730740231655483456653709179658476948204889984328931, 63800680038230770354930725820651308726962429293884631475928716069656734459475
1978115320933466145541758924455249484170721675743560792744263712482883300174, 50167159791885709620153947306318939670052305518446321562736257673084593149593
57768372575326791738432390991642354876606344753093642039997816078654383454398, 52123656743799048641312407640948808224883941658427664114488876688994034703601
20701984283871968948972720247078843196616296092159226242723940446309345461572, 61386345689599674471468014749543220810872033727455117969410956156972333333892
10213491734681953261650036510311874037408945173169748801892115371056123237886, 59730999925029891731152388356407599255156072011196219731544473948705545513428
15260975627568205619025567573432364858303783362085518385566053268798589221671, 68461914770514856876611958565450778201964691539944361250795900172464522315874
73414199934286559982223240924657649328394595498662648082934923248571287309209, 50029541557383262768351167951295900154214013967617677304440284646098571827972
19175138969308903689823027064795538466033952941064479093014141497602596348367, 7596794679980989644683511102849572529298349966568946558505268056629089674505
52098959987973462091371623640076630137927577418572306105868926952197904698844, 56787251464824952649660217600817231403927973906782953832366228209473686152607
62141068773239213306730198482749180870797848478893664963566303132137304623462, 18237181462487873305729866144801469129263099624737513074456423560504917592357
57449346503677917972196228174538531556616568352286200191961199176719766843637, 6310939942420921404079325166007589365922970307221358906345316311124867119180
39599260313804485017642823501154431918101991618533520129180254092645196939351, 74334402500353926794938894632037267462015934564832847900745139081407319437483
34678392178404287053056925425120856825688869233676734120321982198566640452399, 43887663472306837106268586551591925297439694835410154390760145584960407902971
25847686071226535191048058042664655985146454762797921280206736285041297079578, 11914593027613400198392618844660915223393731969727308282555457759824579855449
51273942838969923798183283742041043181338266036863145153083867887050598300631, 19970682272695313941541323923287010432890647551009423690403148339838229961978
51412488527632889813812024621641480849759343815895577377611994577820575714264, 17822124603493232661910401653607660535548246584065151588434319981811672779800
24576445581204200372851468175240847100134965952748971835715211214197711338621, 35162906939465358319779931748115652895704032064598290820188918503251996577720
29851582513867149651266756899387341091798732070030274691139784883336849142185, 70616681544327238849672982159887544600763541314678453498938858514249194069381
54350340036787514253838271078358651459180208099233467541672501785092783526341, 76478706914440744144413333918273510817309308513797976598195809185164097563674
21009547151700726236281163159488197528935813028310041350211560072228427850388, 41859573289228957156953278751991109465691160551138590012516996270351989987914
40485604861439026484302724265650531782660247145258342770723572598176553959327, 28610453983624585702394057654998106007177180548880492980870306343657477458703
16402138149079840521632719431080464529497807404859633639111859875877455523279, 54882482201448902334277768261446969565295531682227631478257246998535477752596
57081594154018551888716807479778079867277889724924300961444699274428084115019, 39672403529734943463444997204860214673326880650858361150625082511305196971709
215934714714248673518564944476323698990159197558107797448085183475136308927, 30398515272450202465260230899884867609405886734021170843695030229901701196416
49523282153902897760356000196596393568297059913633865049928628903143429331941, 72701927525858774980749087452155632375346749400807513769456541404221257674176
29308008293204197500827798598332105747501819722024839701392971218697147650356, 9708793470570661469791190859394784363396232548062826030678073336967675957571
65040750502821903301953321851271399660332623433825098836522234571623032347472, 18562799212239110529507439642403381783459370105786538231125199851712426513664
15725539088440374810428093413261889331116094649054846184619551921111492046519, 984709966330312966643357213487680481561237219855360839207951612704838183258
68189622446305654927108324534250380101729016927409478462004766370376858450159, 73814479798571876080420780969850283112682569386214303711575932946985271135740
7866556734274501227128640393063699709061402097004769909268537634508055383747, 64349666635426948633864580060674498022784009225688940690622311318832332671409
61828031215882312934991855791155356252054938198718464251820371721285454966365, 24912984549855690036493504174095698755454431706962831880974596709782624315430
5475809273618000645707174473282224354223488608999704531175777031847275327014, 41348673962285442373054330842904752635891663735268792315175271439161746009083
16953181389910438973308314908931102223538456314390417901504379470827039234851, 17313961169518466753730918240464380823616918094548975531375434568263504947261
12238855722588137129462136158611798459526521468413146498903340203272578279597, 55418863940354274723588098203451397622819483336736464030753546294521644470777
