Elliptic Curve: brainpoolP256r1
Field Prime: 76884956397045344220809746629001649093037950200943055203735601445031516197751
Base Point: (63243729749562333355292243550312970334778175571054726587095381623627144114786, 38218615093753523893122277964030810387585405539772602581557831887485717997975)
Polynomial Degree: 5
Polynomial Coefficients: [45, 32, 26, 32, 35, 48]
Public Key: (66120027330313300478139731008489858229802984832784848667807864809735410911716, 38443662698159167032858475815316251404180006160859439949023894480246801150844)
65224064833458611705945745194243194957723813748112086123644170354884683421680, 41129928954948170966705375930121998022201885780234947089612421573603414827935
24766698145641680144386434469771645872251205889261778835063482479848260055021, 16674582665062609084279375863872652668346250040346131246027527362647252453525
63970604218116549618884128616636305902737717859937918277944373804117195402741, 169412565448217046165734108832841124728126800988443575804683399092357286264
55966338196158766667734312437532846243035264320766264462726688495763821110835, 55643301955146042100003561501019331460811234191857181782093677527729426922388
40271875623943828127548647451231433666513099731041446163170422913145889469098, 2607637654799724445607605912684113208456292838205521941993452243720744023913
37655080300796587827368308896772717474210559460168454544373493601918085029951, 60064462406138406308892030024597859377379485178447767080002754473989953633804
1201637679960979397609606995471764497625729289287369414858793540421261770075, 35177714850244850670904503727504880236691324505514131556052819559793632776291
2501114042576951837128739125913604667493356625618370862620122341083710612147, 40477470405382535439827157416636233327030505088167508469588555426725985722394
21215218952698858092799232593824752181076036273172646133835400622813279038889, 68879698215219267066763089196930933239078765714293213266508874470613542327142
48560542263150209896708496658932922566646424479287556619487510371307355969510, 58529022400428367431339448634551565359170168093979307147136659074177321963833
52808035650196452114842865625490794813771041514681563455313175597061796213088, 11217933130810422768326095621634375241081907965830608710334169626750475986521
38605419562396557018212817856626448964753325683479093821188697032124932704741, 44726975005787475546033918906555444372766989243520828856683285240465765210552
13966414999394818199530993693976930942618396914903552466223822639134485235327, 4681329448587706560850642843221626018004654197418304473138001040977665923071
62895932701841887925121032891008858815745504001373136234184287759435098723517, 48048389349771094349901443635406722432555254380261463094700535233412661648522
17410200011221385430446572236196150668354601117847913499435258289506449060396, 57978370965183583866719285149374363380585397334687884738432748291440231729190
70294643028342784875694466552742681080992859161518979460956085198249155372937, 42062458085932891892091897492049950553978672313333130628529058840742180375778
30434580362271606192433858705184000455972108507686033097982106778996459364395, 53090829057789413973421198755714298185032877030788459235396298878872822356404
51392486112337784919376389817662093735555310022914167414514683738007976485948, 22635404609359278611485787905058200947234715294365129552358109027718055753573
75202197159415868470835100097414481857265349048924964181822134048987619021198, 69785704347764763217250865792223142028927974701618108613848511057383655206424
44119054175610295829422161910793323124814074715168128873236916816785494934484, 49643630012605214792583245279450197786161143677932735211259364044606969005897
32203707548632379528791918385606292895151894676115564965837430362839071803336, 1728560668739751639339109353766815687144982317690177376391479402652613655397
33267904361353616203986400689171745108046922511335203032921542610569187732055, 19499038594637888010075723505920497945232394412370969106682024396499779680612
64613080999481187553219001308815103899495212315318288796101468285563952906240, 56009312617896937687842219026477123800762400404622283137459035460549529135803
54209504246015616569899026160156418493043906545098962738394258227302430759228, 56696075702129104445896513740546322414278824473689535754330890882544070322013
51838483965811213196510642263762483357089308500168210446654707765938079836884, 46067596328287933877652587012954756418448610253850930552596878685404900960912
53658306265950061591543470866304799429349560793125101694838730633607269316215, 9784952623434770350234603947803849804365185723126243530036478018582787079005
58780899353698471975913186580041900341424514227527496842073556958348390849716, 24016229825933316406801852169211025794161575822974940928549708791294292445183
36956203968927402408341295749861867635003323245956003702115795288671014113579, 74444471620727269278911583949761906948526615212227598319908308603590636783777
40833799732387539641811825951440499846138026374617246107145414825007702490183, 16527484075953481003696723499917994519400290357687079742404636998180003242925
59146279857002669271396200826308662447873713718908423993504284950212319531696, 42878581971703647240697675060227884450116656260185692660851014062060281629252
15675907912723442613903462162903497489088808169573827425281775927451295717569, 67195506560931758332130444098579538086659950030726983479328156683078914336165
19092592101569306280384581876056210004047860986675396792991013380180215083935, 16477981453289100113147963561383359980692995013924572457038496934857144417623
61660365309450241262096291850396560237417901945464969207896315956543362071743, 76408251343056444685629045465863815062153130610152002270759391844024471307158
469163694738432045831211833695494829635415057361988096426100941832178075868, 20812700112968858277803730246555655323000616592493939402807078864821406513267
45792522073307245751894366391481886733668353444211853033741328442202516212090, 22338215722339604742021517999471287629482222019961370289829650269187078704091
18343328981972022359404701315458007163778597750670960682569466291844643791637, 45465453274942101875565442942152115564757792938531686694583139719898817480693
22432271779494742292302422341923260226403032819434520977324104317946805571637, 58296567768250475507912222936330367139343272780481381406056641292833344631267
23802099279322198814735396204957026285210407777441752633300224286592665686421, 6573608501549704667924002947790116444235241825054614533447942486693654257182
25145668496767646703781309168225696347756403776913350234012956121991380624955, 28312196014033433007145197101522316036237999368891824260925497987987574982769
28446371129342236912738973977510360585378873218805757323065174261750104858792, 9273086126739966249479505778716148977272013662798263482346372540255550272135
47335480307647623456628724100480660177301796118138990552612152361052678185249, 60147490051962565352707399590629051064861596219244884857823304213285877090330
26441514721344871514049947681638155391302704138292818811549308325516360597588, 65641602656262026862949368516183937628197959875445757624184971495664102199548
27509415170156401738626833744542376098297834682578052804780979930201460763659, 52219647773832426848463823490547550898965337116608522290789164502244320606184
28711130514856086558118252608322853670687110105922453189039142230798726677193, 69788755776310362497248154737514084479387079150148783630725495953687547453507
71564184155489118301598178846742211928973389493175303600920664160344808742152, 38585024906068734513332182697284872641872940085365803439396380205277268611281
67852472208859845702556083175286862445969732978234068880249892863295647240761, 76833316454860001799906610348251517435555836440978893265005067089477150289497
45446640695217801037095285741484450166402797541197976551155422631744278917690, 48059185388809927566338588881902269683931732553967483136009452330832742626843
4007499003168099596058612414935477880191733770681417683781958510696627126291, 67465835394319557450316928210388163308284203511119284459543413351224702130417
48432931213784442369516204914304203778808245247741917511210129197699806473055, 68580188092127574816403425995779753803429812501628270282928712462757516049388
63440638891222063088434914597575423482260214388021847414551443925807393408753, 60909996020099818588478600558086761667596978198300450730198091295042970433022
42546518101010842783467286018279760424704282925015684948601011207275300808236, 57840038831401579251344978312619299041156251351345118915869439984060994446179
33998389472879824065033491496516713448547617699148664920654915924201044420153, 47895290869418867669546647058354765913734089168635573518744914971798324191677
19535152744347929000543761196735198575504544054763069849703769766944590139636, 76782730230293663232127899958989278955603219072074117617792515306694108272343
37049668245106281867393040552084820023701378996591087337172142226340316426259, 30828233452581988491670415067795709295476608184436292422225046841029441796731
54315944588773868650891897326989370698324148885409056258842718365775312532585, 3377545379452110776450613110200183573250521556756302911164033121962923324586
56561635935705154444842725043838656187384595484418824632484738391915538589152, 12418519719026701724521253315440826981323969530669394420527482917025851520585
9718575711266493738175570384801105760669202170483726512656801294774377536986, 65512879199235166291173080741641334052182117103734383094812974772254087141228
8222992201718659147453464960017546149021102789120110021166584174247601795879, 42154390036418137815009934182395176427517895116065566792754722822004412310875
30334047611639894375921288694484009950567280950940278518827470973294141867832, 73345663759595803775351425755844739244374463099089823974460308281310650349639
66774091105944282921408785727484189254623410878807341259389577137431095233197, 301297742259367177237080542952880800805293477581237693034906240950144030873
65456593002837562050017114262551737893749179220441793175419844335834126788644, 73765418031504474899563505635432146152602948410118485479331754405813455973768
62118892978945756166868379621595746688330272970249042102115757172602388825327, 37802505432338875281720115228058399812051209542764647497041228557434616063225
72027109452013822438619146375304357650684312826355102403624207379166591808711, 65211302791878663036361993497134876991419358714968788507241455458224822424220
55286768916243645883694492143762419276950673516493551359947286168972836584184, 59198158142391702213835993720086869116956947672492020852696921422179324840999
50510229062824600414780990174825456569186074593750237833435369545354062490898, 65267469097203925340514593098445548070363426112523801248627300401055256785569
74143968828775521609657257197655897691536753623242537621604850728500342972498, 12710275136343129169771708845022211099688985421020063519011583100073464686465
32062429949428266009372376949876611626809592032051172826595795912194728509604, 43333390630649090536495953238547466161982971135428559367202388024531343717460
16228837443070549326183084929466363963291085037690517058048836029457979047140, 2953863156623377139748629746488934022527756257694526339037598871645936594229
9671174523933435579550945780239016473867947040672562167252590012628764747532, 9184021566603541561553412248701781093164061557913563966696910072017750657960
41048507820609258857640354238892134675142822140713886181319707469459562636311, 45498656438615198551587300229297084839574856594256772998280100675232133664238
55597271953215140906422285459228399704243027305435233952545226669434196775458, 12776604495428347274680152925238990738398689082367745288857198293956889866741
53753788781330610417504709396633204965933891938722995389656774819734279064291, 20131518721124515574737430603774050322919596283539299037254742135549701652671
29402220394328402603115948590919075566519807852348703169026523697787387528288, 1442786201306786815833458063196199128434662884139100131550618670919899937522
76010731145655791640290002343939236742764170523219336154488823583470849597026, 39906863114449147592213736982830981427993036370849995122636253040574248287785
34862407541595932101402642933686717833113072717389058829885217450637575771829, 12196165817254159558788644162107019257300993387900009861117306597589147600421
63628672444576256524017848679211533793616382496586831898013472135064217822391, 9863417311152860584503030094414787943202828663295772456767689555826814939727
46009909088920440756089845278789812365313350297167003078990106353139318538564, 20018817073687137322901788295018223162922513185131582666257306037068499277251
29135653413330062069073619859025765326534961375226198534008054736205169863287, 5152261447927402900905637226446619753443647732519218837756238413311603703039
66926942343981544191591590038452275680736635308430497577407050664261940292118, 11441600557735489715853435019363905933736183751514132665065199755777871919115
442627601830974269974022586253346586265954378132947334467421678873637945270, 46080555542240881990972058807567521047695363619915054948729282299811717293247
49528907734070677297056246128900663366189885946203092038725132416668312241411, 39696010633988295730817111500317574488519387310983441127915197545181142819236
1662819836145296270328685539957798564430551163458361608420714526758496382546, 5949124450227144644524830000593406702559388154471929016673146016123050557523
53139001198323643203464177412965336220369734079373024752139569419907336327681, 34643331001827727338385814574162010182452499612315717790546399720594772520069
59218112092402588504303588202812008304033799260821885386036092885087172621465, 75813732090948168078392339260174957474074553650616667196469567229745808198432
3588219747600426456978856467291154803170964196796800975619355510837543729728, 34391597525428922732624999250492376491167009606135300139683170113110656973361
17825049533848484266645804633711151439316362670395683298874903543826585704969, 23910486985533979099752636547437005585731631575926717345140610351227662756213
30458685428795116211713130204728279985790156106865367835830248894724936994973, 9977318350227787603432083744878366995436590481520433176186629486918961200540
6148803573970379436299667427396579444573133934845350038985418175932127937535, 24511174364525928136725382874922732524502072947295574075394017470913764273256
42164523401597137671772358130284062879387437797040509870088988891074604189323, 1872425980257485272220505349717639122595405085036317700326989496746463595695
5603356592150142948017543707412838546014623283904455411694568495375424381132, 24477315306733621080633677609318728592858574644005232787693357535944359537651
5393676198637024728956961931996917401110574588901290607744288354205239305131, 2923830953845649536131541472325951856456519389965081775631384485481344768918
15464689443495391845417494400037417517427936104641641396097202262870510757895, 53993776323616566477045741431986501271772330713481444252633415654976863068287
24267476796243078491852468632874166744992585986650753203895785411728456652767, 29073546607650516242095112720423508186336457987139564893161891938390719936433
75512158882780778483341971173187100830345506034482279217388979659316332043794, 56185788871190323431310941215232359030697592032500060182053926862382957907117
10837180832948539662012626379538770257599236983490583418379552645338175377730, 10152357396047932815417995281597789166870480980931293155582590569433672858544
56403268022716884471624061457652521000636802421469353601004170417768798566025, 38993298589530141724608978587705627960042763740312161207550913452947369132525
38498373752109272467686769865490719380552725997400972346577865769789178543515, 54302198725787713306021208432822265223811214837383276180257157816110199802160
49290459394291481285422709101246565056203598165767350336081272381290734466585, 67440377214208512968821548208593057007641567036242469927336199935810878787544
22911545314902471347022291440010335420404261883261288511327253851390109666334, 30227337147206910499095824068418122245845367360835733195887212983534050395209
63229517587023022990006085425689219198151004271018724936215810489421277809494, 20383563121537651762549304592551419898372611716885373793004717812451096833403
34679505679555115489348359729967375076152587891657351374993570311292020040221, 51284630511777400673851058282925290274116581947961594367509807205637316322499
59169773072044529503176891466988399271438810980507119977084131374508823543389, 73573699281270320643657076449275923900474322814238686001193953064476945697256
66745842031790693945572262392477367070521871167787642255949752231482735134475, 25018824804395904819159999731601068126989674665544292389610742033723798145192
14758314360897362460308364184976689176716090248316761848172381474664337079607, 29156128160876794883741075718446901897910629813827982069603790065379107994552
58301037436180856488685017183356258361099807801053951329406056507048147088567, 22284820067675815642709343886287053733489498031888537388895458227519170981835
24028269269244290040190782207420166966463954086425136142885988243781657084686, 10534354984522785341395479308956803076474383956559979858157763265995737908589
65606683445187825426233505542638925628283012554972211099808947303914568550857, 47775650832646805299703899931123962989385575556120464076222326875105910293353
32495723977361732469250316713004639054132096913040455209501339317791324161487, 11725219676614104588530206119301296502199412009598974348823465125060960615241
35240621810762372636600794710492225978375322277184153298071941099427942843844, 65330760335510876058206775937917004872279986467446855839017059946599240887720
23112451480740331462964015539998080875749906159143916804305673711387462616815, 38589555620525969073352196822774151756712566949427122130087424293743596523810
60931337069095765705067508886445167527307277694389852782254644961189821094660, 24615357191908054720276565960821327737214202108335838444913964791177149393712
64110967250538554826351092429519144606408072399486592236499856398531652169491, 58534341091001686550579713807889594461977380512491701403664785894358595541253
16732176954342984322634769932860858540115447924988938635662905940760302635080, 25499030395365205124791792607021012407536175081884245660441011531215500065235
3804196832429888696811097223039385712715594757946645578702437813406771086506, 64630789997447424522779583064211474835446822015971570345050220050202412058060
73261023995739486491507343841641956191760936911389235915549286431808949204008, 25548341100171707301072833486736449667000808612080101952861963012391891423043
13822666439782405282442603469932369854768642916724594978358194339995633784731, 46286733917763009741953110237958629092064758131233965338067702792532567953529
60179571351572010693789126084526435764347786300607193198468156739450968843130, 38824122959266811010013368162572278112013022087949270531099702701729121181314
74027217959787845400021314649208603078939370833018443887001336667400113366111, 72433246478248318519543952570802152509660318834939251554690604593715765125353
60706832525002816228777231639256518793755210388712458483273197276914174987429, 71860646439251757000093562145445764499981555006651698213019546871153032484993
76454116983726206502161334975237246178758420593723352130573322560735222210627, 55920188135569586431500941317617072312393571392493552745141147391245008526347
12393913924240600193308600735548350215001246151921441992549316314113371771987, 8863636537961038169596071707232434276878852262138834557109915432667363371959
8675984771979040602692516553783021932191345739096128687972190645942177014109, 52612965865431889707048598645951100302873100273156556928612013869391695610950
3114344279146302886973383818736043296817961492028261056804148192013298546544, 53047682068184017654721354253614772712558697250279950747843392092137273790909
14076135248433237236088325012600265056610813478731408801379681420695613160577, 18567086324365027636451400162339870024858126200682753104247196194172239032752
65016974861443750875387781116704404592461285369471012392443365852425206962611, 76456750064475936683119006439639343678254516199024371723831108816746295486064
42111372602889951087132556831120913848104818900250630066027176537509297435436, 25547610846626045459013212433654061277318907551002082171530443243069399424318
54395418426990423803022796451402808805436450385141543184891878473003644816937, 30058393729361060899690588007537530803788819414241102510282503266504330376469
49884711108273754597682714293096091173805736777090333904641702466249546782931, 60986521486795202214372780392060744012696035514205079639463719841386103618113
24743953688347254285893721457453601785067164301743338094488103922945312463803, 14588063515689171650476851119486269760673189826074504561778656917786802583717
16173459098903276979193238690200193035546617613486330420137231847231275849845, 50498780757417396751287728003591153587402494437238183556704769761492914876147
75763382883236621133264199919479283054975731706385928681747365758540595935892, 61457601309770760816937209035670046196825258711258416416228489588990889378473
42678773938894191017645935753109081578446271869055958687711415415004251406695, 6876164750837326067831959133551384845952858184379139282438403674876589361444
46214177066507044587406212000277190405672960025643245174323132446590670522122, 72061454979961597975395436514786368073540730398904587446936172720719851925223
71233492407255581434004353870905545300778036389271187473524690311803098020780, 27039997138428429613543193924151401860937029971894248385644002563508922923784
57839088670748945279962722358724789645518905312548061130358996694117235954742, 20874496309783672449628757104830981282735711718385075234778965049314920926325
36783086177254627268744282208946655601163788978865835395281733292794441334616, 43854363358890767073808550841821364979123627191790866442486858229086356809213
35650411488852065756955523513611352751684998106090838212264470609022088059508, 75786929286231046814199196742846997129629264523484456412129771570812932024568
49271348139034857869458022204091097008818044136243030107560335868286481602732, 72445202717048480202191474175804350622989551303595842019110641843678852527862
49655944970771323084416567084919153211462465174726703253299105888089484036792, 21701275816002208330091698108563735844888497668095501024788857173012626903004
47134032009618675910155708556565682535795501049606344445468703244251897255918, 42837635122457129521064602843317173440215569018536634743848847875412749153571
76033330433830080692004918168399056629883057826716618040884312421746463311948, 67988024065009320785104892786223992735435782968967980274648855771354597590781
35947745378378412263157865190017240924849094077760665764495583309934428070589, 28928118774957140668869520571471435101314709932164349253482399828526093505120
36361252448123328564494596147761150692345030811628083630319363263366583232138, 47373461448774945971099325590122557986068074874155078178993925603521477586112
15857006804550446679039068853069085854973769024284251780377212657223210439860, 59924597801167697238680876142778568552344277378953114049594347749076098569622
10257975518391927745394386963913934337305564659751140246165976537386723855538, 263476975068449474724595688588028541213129379446564831812437508249401331363
50378916930342669045229030277940002598211119329969186254068419197224659751890, 61299699780234268701862722748671088889191444676717036247332659736396888268893
48437833065759110651113727962577051141969768964678798938151470452642982819815, 75501623368533889039374668373264657705526017526983144672139570239134046181245
57746190404420056590427536112128199797523008205270444889441095161261108092949, 33968108220110499488373047562810402117057567546865359735917608220467774858269
2575365762253515769940697877198048565129291388668253104087184991443792651324, 44406800220297400809865964840611225263405175389379084766461726479020815833078
13085103644811917016849494273824946038740187469321852772842547955066659520578, 46604297295005965235303850511959441260590384386476478794002641089184772553691
39119780909328789746826081073462837977552152816464772559275696712729010702398, 66682470138726078679720620135801989558989480052341050048377083782422029744214
69971926204293426052044826700961075501614760006221271574184728263168024078752, 10819418770097526870000136979025053214284396345785851129452531426727791143173
35104790167893182864180979616147334892572554914186154895346653735051266841262, 37552306655805320496568605911119388249376763075177702185256784421127509811824
13557954239562289287758877335129456086745104913350506470940781246805634798773, 67218256161013393669615138316120929563340926957585311207512793731965461861310
41461704781941125693240054642738409872897419180858082694408379809263265981515, 24648431829273592190940725376524991100147811691281875143714122407228216970964
5059560721212106443199693146436918810242238443481111199125680904047411349635, 4636657994583005546279795983500624897248424399331362580633429614050984346423
14197074017832580584390646747735267417972529440998570523209138026985028303138, 41004892460441176111665330546482947732200699475163306621595608256071974040265
67261194906360987147166221102119204980238810885862031105415343988700610914, 19561550679896131722826873224570520858539689546637452650498768339469572826639
3207011857243884215981443500760681385230624158358045015526487464346968357660, 12372041106644934099750986091437291636461102792241499671848477418840096825433
60404953180900305231813788868437073953858456658528023330429599405396466316023, 65623055094897070265193750773623186879588218000954234792663711329369920047477
48631039760982637832570466281386575910041450200098039384425304343247848484783, 8388182273040638224130386550938063363245957695741434328379488151247046400624
23401940837285295099397113925583051646086066229132284254227631570119300980042, 8668074071336022379378126702434142328418004246511510928889692172905975382850
14877173150810037534459613247082098648942181850436762133813054432585016645675, 13562870544908410290223378689286049690210091882977698427921464762746519583522
71224461593399469851087068624139736960568704483370388676567687908822681350267, 47717629783804122618126475061961163886308794150647533830624142359515571045844
68834759738646384845873331245504188481650457928105516495312844911744962644527, 49611637160214134178873445214379232987627860505189353152352342167897714797645
8988694646356144654250074304351229488914715583105639889824206244887138178280, 1996082643373125821571292219733718646714993902057649641187365208080376713101
29271144136336974021963972112729568142901944843022467942572950058888077966362, 52824049060716462351506415410429992254644597063193976913642133360311704894608
71770570708238137519567935074017098325805865362202903109665402554043531527241, 3312828015428254025112523729859213679245460531465458063504534717991378559552
40041119141982107381266621402448718670117369205947918375742196350871307715580, 30107384008568726522934988729514282099217077813551166445087824818484775294441
40687644985790987364749086686729690719475006439011247116982444723546060811611, 21704946415332661994170928652284016768999132836558194191340476627205662972412
67409836412597348175082222751637405177833113410940782585527182744598272816222, 25044810362569500934167967800463781662882757828770675847643101108701379761181
59294723446149264321359105226622568171516559633576212513261961136676261839793, 456953797230753277443853415425931782924911901814817129102721368104558965678
43337359866044870568491818416746963603221797686861392679158660729577489424312, 55019654647593467529543290180905507161866624895181758631607580875667663011204
28226763467031222091695568010706503490355437052117450471802308570087871559724, 45092944839009463011640039880834711659615924011767476228899852560687375882153
26828257436049372267884979417678312555779497934774455145264050011571218340234, 37977802628070856525121633414219449189580852852627201487141194772993115536984
35666544460005869504524801771401411322987623113581795289364445942709895572385, 31095302979327496949055603776908253509081820059523737216906210344480712902619
25694209153605228983145818879863958852615898577676010005645002215027440770499, 53553927688733367519187800932812339566539488236168257667347713346736704235720
30516791034967558731053021308462994920668228350439878200777872899281044920586, 53287977924372902583939034040396433557974926796677197726038369884619497499314
25316829820037246038229951254700999205558355383946868301975960609686199841535, 17013513645644447184921341861118978747148142592079746561709354174990792420757
7625328358427568063343217514317658604243584737822059310424013835615179707230, 31842778500152276909104686041355095269469609550679052774597635631649005567645
2196359859086351645215463263474567003427156729496379142359465276573562611025, 59064490577928998272217737697403014235361144072568062257314466624009231938475
74872549495374071664531642330746424221063020774365077250158297398400037986088, 68339365310644177204210426544334694123306808104688119448685319393822324306338
24013971807019345209280099365756953669449981696859791684614628228988053157242, 74607494926572796038799074636706370721442943980087870492335338067733090733084
59316464292267527484714355588930814448155771000162429649162137136366932085680, 55007668790208625131308526857901733796061519673134610291862932801722607891933
14813329791710815925767222874852577766584635669798763264102846926557316579397, 55102199068202313712069558676831858771555487766153219331737345398573546937742
28757493615889395970817471875510826940032400061086946403371037158284824636107, 44290924909231680027719916509584235292882129235292132501019162914066930208339
39838923484550993967859562777575993276159110442205742129787141774673626045718, 66100624436227641269057328560945749694066255541416064203044185580196428493913
40234380044211438823347035733602510640610264174676805082855325874366597170046, 25843988660319944442069091639986473763538391804312441237387242766968132632271
15207001782601700042617327053561519669900774081694394496776805853834981855433, 432398828716656078060745510373046972833983284235000787860835991586539727434
11541340004443010083610790861744648097472507806571939816211647063620198411631, 9442105207159463495345324251528467619107000350830266148467174234466342054845
33910081370606528839350319581948980633499704593596866340820682930781872664995, 33083309356035671909825321916647386425199825520088506631235811751942157203573
54182535374692450282672514834752255945917856425783447871720008606725224039898, 23718663030097394215897636566746454164129601350751806426016970077013999316702
28209654693218349675606494444495044588194988947716051308750300337759845231064, 57390382738990698178306283643673124490367975831102363410037600359602374876336
19985166909095389686200610135828974556824885464245152590112486820133241881110, 11753008226970872444877318243592001288631775438713295284668540861908048758513
35055307296820106489909053014301382186273475282872363067219546029408016957273, 18071582850656038504578787468736146019274667478091832540506629682907023619274
1384313379190098354371988861631518427323387867156534951778009954287309942127, 12678158758994469402070006920905859244040434038307959770956434809115383162516
53249889662426641305153533834049816505642457171306510473384752148758626098048, 36179597722538870204872434735962733580777131056448218017432926665598559054049
18834469528704282348016793612184308292579383590087572986586127902627364221077, 10673561768427442443634574559717406968482995605432093837724125446632808231032
236003835007435681526630892011483289563398730756385656059867884218684172971, 17825974369114069394461369958778375575921112357192127249535250521876008511615
4356639340896074999920016349327145223952124960337122450922056268231659920984, 68607063743998347968818866948974776602237825022059259959393139756351220671374
67943382438563574494580486288967801116277789184163713929494002739760741836371, 54737505779222238255936478495491215257376063761029248947891814746557257135470
14959832499111117741608925736359351372133802460980311409653284874594153652583, 24738833198609380820995136198838044526027684523378390269051514042672892406408
76477369073691855030561464561850059463569293636726476617029942470712739601113, 63891328095725198830062435049015698883072576073885962899385030474733894334147
67731071832175302623864411785203987966876046647653235376178482380278532094230, 11471480179861437865339021969898266904890808913572937891033094820384470971660
8099732768009024326353765488843317457404807604468567021328109211185629501920, 18005223124553739950978075600942248680048496259390508841523694462649402541035
21815607999000375958150355923001292137433898811595655241976433638354918653429, 76310949211022311454676883147676363784274246637435442584000005223948600392544
28139930213549019986455556351928024280463130849276416924186032109830614699804, 32929445873041854694539175713325852525919719759119539079827447134404958968730
20319216704521090603293045634835575813708018111041781136773045090321299391254, 54699633034349522242754321853975740032744731402830882262103272513719277494246
48238601872001054009139285933534996721966357026714159108278137111870288721195, 72389603766078694009347586616608337144528388683878745383583408564625079152049
69865713411791619730594182034929720633775438148633933253918571197302308669478, 39283122518945828744801210171976866918854778065548534591759478832712064948479
27480313031167862056702086507288816515755600824839721318961977770202076311704, 27418461704351839047728067599532733481159374408781985253187956376484012939753
68756370492202703433134135753682142016634858280818274587017852115425932948965, 44125347833671237275017406497576330466719677661754553604954451270051204597499
12715971246260941090817871438702548149662254354392081384420477338273046575751, 63664604592267395274437183076486729188618574317965166332027197684258407925611
67159639615177763211004944164770318497558711426904544319879847801960690625279, 68494385155759779982996583200574909551314457943480031048013623445238556855071
13700807667345811349554106864212678700235192958324214854383521225787770659667, 65428296564035364178110552710259152051115017487567638365479717530937310109189
76604730811894403479546931660871490996605117769839486745012729692296087843316, 54832597544880830049207175118847925512181980946271485399109745567714140071943
37617839837478510521043025044701444931654188761183810753494216910175005150069, 26095969838981116294284488462783834196746226727397564959738672350243849413810
34985967885586891806308273781307223123823459055872685820331241115512373563460, 57792081357687705325131803811638818107742005356127913498018755432207914478573
17039915364333729493632179773870733886329881291269506981742455483394279475531, 4558261681851450989454474596073176696132170027935766032395281306128058802149
43173318125238013033201351781922203580928729917620871953650645755610604651961, 22994199267108964620416769660726004987564791548350452866705228851844853585166
20364974805242702709197890626584115352868315654183627785096646682383044684530, 33403824386038025286096230837762751113190915895509875713599181172361896610969
28031978274366124422047072458811937437083145822414583211189385259236590991237, 76277931521681833833587071526709300120677636281185368186569787840921612273276
27119262919525659283506483184119298529377378775535010562752590137045711196357, 5746040218970835419259290226735592874931686984215408483816193842712518494335
33613493214435912082410359806118398962552961261794978763064389031567348763346, 71241977214027698102729818940635554897150712276669663013487729795384785482214
11494103008990564424900109985493585292612573784568453512017320283238278055111, 62803184151764628552602174872656811518511986433384023069332430721067170359167
15750427706858877270527906794200851840749883809644301996280467885885363984024, 74815129262299254232774799398505259711327392738723006717890949268541453427561
6923393826687102923001048077006202087569369443914442367402245730393085348238, 54991029432258097794117200919942276689586051776246022900931494240928249992161
24711679827044801651996266396468821082018202400147072888731847874779386513551, 16637138189883213093802147393902882149110573518210017238115754673021765491148
52717546934789957104407960202230279718648466922442301157374267193747115226396, 59491467995524798076800531823987939229028429865064939287098489802224751726265
27776371994136029861101077311987363616470224530440896920028487887977414385777, 6174670394331113504439190378870804592310031717115958961486494109249746988401
67480608382388854425469110856855994816143425226013582085118916423862341609352, 72383836602939377440673096042577142383619476319668920089926054495142246082521
13951576724024693024821008210638695140207304533889643048471254279544666759775, 23078269861130879829858604037611966116562017209741116766672947250710431343042
75273233336776270047667128926108706254991711663322215878036956034397041947589, 58573689418649500942990033607271852607431182183104592542500685489140587601075
72306864462920158284108198395624107111640721495550756029303176811081313649372, 28190836634072831539282317073886046750308521999157654746598158221376008793310
75290216875556894441057092529277352597406264951589492797861444224900764579903, 38853299508214829295113899426454552026864927196760908536067969623116387577266
30756602071932161870887305070756375730338554538328507018663585458570181280627, 4678945174865755647514671046628743564605989962305312497682250723406131457523
11919683743206810030168305613002337307396613368929520834139851744320283721888, 58588795581464955349127508294161457813427422550362798987682150484057415390936
60534460918955115247932540309635278655988634420087639275404170902594786344830, 60042481236598981778949316711989302032770692949489355668049667898784296152108
11156676275226536487885369949598132264308540759882174014180304562726969191455, 44466530999899008014968690168712110143289721146333779172701051310902872975677
34959860927334016229993796290878349435946028485289617295076054083881110657716, 33695750214648541182814040723581343926599575919314820696933454436255582332242
51684539389754020442535413219717084984566416767812448985173905342584120145287, 12870693536451027435002742992507928735325250147192358946595770343829258037223
40760630884093268598872862793985302578612442512070997221576117687615714859256, 60060361147973075660911360313722091584405348995477635601982186117640612437305
60455578493411189652765623951720877719857248711389234542450421144334070494372, 8501389081744985798338190062580499825088368961569616774383747337591303869934
33000254426290545569136670580039440548188949051931870268161213300811702087577, 38435739748687484145060838592617935917102966440695186603328319256378947849636
46516040694708632252685186453627652314732125240328116016923579684083624526133, 3985692362354947049367257089481549165555596676096569427145366455039611195435
45454457004613706327465263652716758873877686611260203200731557227886787304456, 55632971753203787594104440758790670155685331678624359790534460545863008783747
54002097261739478267153299156345885792858574743711317579961460137784538345951, 41025857867910075812833759329815266713847052993268656333217982662124786106260
66500852293301537630199973095006720009637247921070012643173167107767594415771, 7060095182691097071044321785836646261710134954019939746748353994533520815582
20054491121026456890427617512672775977872672180011434070678993649888477922501, 50212079632277883963236605918539387494333026162722087258412423294313008779513
55048518086093300520245851155148266719018746360704200262114065693770604670853, 28946479856984934130583847934401677973632256635595885967206061751129108576931
25492882994345458640978294186381070038469333175808769792915787347871084593934, 19848834673879660841597014750789068727337346175946237521972139207000152503829
68321362099665005581607665253118616242968205011021635333970987538763693680062, 34057336633600387636216421081530121570725445540103067946705369969010697122925
7467229846153101000375896713477551024427815234171617911235631173190549715935, 63931671690635379789959788633721912244602834984927106157987336589182874782285
37793249119738681825952243604317546066328149751632977610100230267656567567598, 54168595676751627854037880453060092653291499143006519916720802438481400014077
10093342671900913856304347858018617345656426704691138751407642376859885882983, 68821056248496942878713426603018347055198809082461934165583126792059609821522
65587545761824647525708507858331242558555316514509904289473340689998167954797, 49565362648677617446660303659822841043602660180017969126574845435018858723947
53273881767843459834785103271131335939739720988269372020298285423653287702421, 16032756093950132671085538697050792885386930198367005036888660868771482978000
54428842921107818294438748502731665971686098213893372268444804840267750115410, 71661394429604201769506696219323237232043704069592147331187379512813000237756
8077413035048908324713032181313305838830747051373844040322415708017188845366, 32383618604159697299667171929095624019153070822032267291231887134551584619314
50000849757040157586628585692510459703636818901665711076360561827901392858340, 11541128146723908735593789358909669089383170944937415698240039212397617429297
23479205312447108692601208601282303236550388603134085671785449556170707018886, 60072353965754583237134336061565923541253215194979918463946503308132755377561
23012239521929346853344554150658128804410123124067431158476769943394041167639, 61946986413839501482853581735547492493351802799440552339850784629524415843292
23922688524197408930825061972061205305065929539692501799499344436495422751493, 26312396391184110866162026322817847437809288194920898399802326600675119287361
39391419421961750430537215478868055341532036492100141317157121209778909072157, 65977770754373016303617013758115948372000414089355386484691682265577476442218
28414269465949515171058730729734229842802385762529728288480008315766080596905, 44274281881854968357954133794839438201097426193776261535327831136979931338483
50586801921502489225934847287074698242153748910232553434583750577536664897651, 60554288921795785619991633672733706127235294942987796096395994138387047957620
15638764575759860283321260853561779345024865553064422202452701998296440993644, 16229818323927740569257612133413946460317880784963355875806755693574376694438
41189537565950119768848008170508751263873479596512684607085514881301527113062, 43273084169880820983054383823861674682350383876054165955188767397604711537415
65363947416808131508847642261985059340498479955681375703557184069243798487112, 28726058033205564794375556668140764497056855865116688743846259100889430840528
8525853511062828646341437092170229290531906676337454962843676870983570281998, 54347585835038894806544724814614891503997514207285197369657951441230166076973
60714303991926809967860594295541463596741985214552662046377529402109169518071, 71030583387970153174499641270929314751282187232912985863165887501110346075232
55293115028403437662771123783401175219969931401294031490481670278477328973351, 76384789183658960026840878900553865677053482871595467321416776853317805693241
56944113804690581373943987044360228720489696868594558914516191187883700564509, 54090143986940274877063027538071006792293479309803070156883819268892869704779
16876621535351825160860508671810899475866874322310629301548188065001066248466, 30693226224998722678355085902011688069850563547742462512926436485447861666406
50753063055547745637204327392294879553528632902367519419793496336988385710986, 2933029022393858455261211441171786510544580312307496073043516238922049010896
20505185148477194791013909272782832226173748645267361259100757935700964611309, 63561709082987690495345556604876242849405408736287368007673044611075019341415
64275824972854984457038186553062702374900793621251242431675990609453539501840, 55383370135232884888580454248715834542049371452410728510847133652175573448541
67744109743570249551685777530277551434335744763174314641859487936484972548467, 465916979238362367587897834664693518639570789499588307192964397430510707565
19620471567937877080851909679540763732567449357928715119902813248165354319121, 24991251303660721065175530445410192028361754272504619653182942859066320897192
73141724760311034501660759966751816215294628780125313003911677980820176679615, 73656747336985780948850277889739308018500165117705404515419391275033069899482
14000394312387416300530437434830944560066115088810398769780804828013002514608, 19789405165534418846880315599109906405296248462561578454106439022690228764451
31189743208345449710619994988231236105331155707613187171697510600794787304408, 40243868113643436649121863049643450898745740173701960892314870919353933220292
31181366962715979717100311864823920682250388754822258153108557156888149909671, 2340071133174863167323723196894009172755475760402131162186545719612103394743
35658968791141454659183757870347127426414993561724545146024630035879682840012, 5183318832054315412001288553764694836029805597034907850456439918375372755516
56442229186508059289863204553942260275464862102880992060119247569575745181064, 49416947677556110428919786416651678803473954220982896425237475858526452788257
56852094619476608241008949155802353113159105761498412243769008391650062439720, 52878754512311431527390509088507073753549370613966662725222460329029204702661
38680720203970053475043524774942619334294061621943728501343920491088959119138, 73241846366949548420761899916207974743052179345931155529734308029057222192625
26290350150986647191424563832052838675601117791547164121289300503574118146567, 33456318706924586545369875430438398068964593765919824513957242336852510257643
1662060938757896275509329125262320885604071717771865141207244272609765009885, 15208894127963372383607028020586819879151133249245737227872045592847496672430
2431965299885442223361288443325461808433683855237777425381700303606294747066, 54436855768332236590940541519149866310281415872223782356260996518511234062627
39524888168966033562908969280067645427046525430564008902633734872720424527135, 54247981157654196192351484670498786654027493390737466764509518881097504183350
26589730406900631700204350447085451685685305662997741259132222073942146480689, 40069719502179703629498743229097819703245373849303789263092908932031812592671
48669841444786316189069149439411870687622029531189749150517860247824624799824, 53243775921299822451871315801944262165467525667003508875700482579932396643971
42028964055316369998589701486055756980348841421283216125800460780592357262905, 11739852598291775590679874184239140336365397792615189909092314982884442372867
64954395340178303641665806664231817917574633494671975685181314471148693330840, 29866942474563388399928383174415920759711810057554747603384557430940810206264
2061336452324604509338208639319360662822366047497671637746856217112668982927, 49966870222706301039248978321412814248280260856537464158674435362871765152658
30777676942358665207903093607108171724592707621682338100505058118520218776380, 72643320925590678216236225328740819014717509612101856302247092292841184233667
16446140633915779664314960792570310644847202787252486776609804793852595476564, 74255041517174117195878291620010389624631669189021361106907554220899299224859
66535022485902964573653492595062285346549715723094747886158525023042504824590, 40186761156154708232150129312472057312369412144613644339096426963784658840271
14295115101400538848385546481423634464874878032133822519066466437701528927033, 69443990959765664026994401153175898491480590918821615697848316601928169011302
4346249832416831037388796363479168152410091090718894306040420931759145324287, 34538814798548931768113254781980114981365295487846611804651314212912955265439
53521886843370484880497231323850914342442759607114501485646722268853706698869, 4731939483597669372510439215238324180264112783167015647442390776011198605553
8959825399017850662418718511067491355745829170723078491060366637969789766177, 30513512494018834811003088654566393384849792358082306978419653677189060931740
63461297294996829738458991814792220464401579719735530348856710103288208048749, 70480246676927014537177880342026978566425767423770722579661758322493492726317
67558325582456175497739016841913911982522236321765250363937365666444506299271, 32197494556602576692531664310864467550297981584391475511789276397844649168279
21896828501453492316742384396815937257711294642600992120286154120109142820337, 76651739663571746865727228644475190661691808665978948710981754410950603577196
5068668132897779045459696429569380375827440864348928687636810992174899493628, 31075569105001613167058627087698566298324133243611782761081244149042486190227
18925828197148530534269053654098919941619357808045035740432129683394877063349, 12633446164371526881284164923673571110066859749926345897957409377937423999094
54922748904116851408583811827216933155561632333210468589632374373883889270648, 68864159128260432135553553605225263176573322607264755166680078062878856024690
20564194755816077420046214088369760168529482883452694214399646499905739856961, 45305288134490022841522119049799743600600298714981500834760480270253910375362
13758157577587107124808868779848107863663298450917485912398914923467549707227, 41221201701914991403234689896818211133139945460095296743128991342706124233189
7661569592978622232585484101395474902975207392221860449293302169724853132414, 33051201922471716725857684875241831902245183434562535790833312050385914862314
14383269911020261722958777054836097120952247751033865629797511927572983610535, 70891908893936070573166831468153364758922948094862379114874925377876690244920
20264819259899546468454037429951450032518580984621241209266430368634362170795, 68590786808821116186314063128358060724827740384407078096684580128822673680588
46965933042472942174845401657593978560766273247481393614523079984278768962140, 27562226819093546203632314893129245137355727451329746812436275596989652317651
17437983115059341213711566460183737162680233924293561413509010844893289505807, 2240538724502977855392903292872420743182665896684731642629079658070406241977
60516030122902202931236264601819952924791369403980985855457916556466838334313, 44549780667992611486018915255881328396618199041994139488532047179220540132169
68781335457100318048427823884231893804373725210248603308263289860328718706050, 41301570504142565751522830480037517530472694140401443643760185768980971230921
16260271802407699428996895292889679133516755425225984378493356848068725444461, 8690083064651259897971862150735558489744578372257524133016897248824690609279
74892001018507073776430419896088452078488517961216046679878924701315216139743, 71639353788348782304056378950384879909847391825159688683242370826037389125470
57134532844839008799087382135925181628787507648502854874849555242378984640084, 75237716576417176025620453275383656907086212419602186071209958919162945495265
22172201952053289202037436005351557352909067766981247243204860339534764814157, 58084191758854900948319105773079286709528611873806402848173468628101153422644
58565530982517450295041147623321872895950958256491646887317849181745578349405, 70746271745430436936081275909817657037280516549806384378081050617104346737807
48912980348386230709530639802595906425291640379149021955719860767047975449413, 31866755457256776012144116546603477274172290469624295156315289331984651608430
5747985968989322586087343125769797974387187445240976855396462471389389274587, 46596894636328604602854059343635269523633644171071468060913289255593395337982
36805777211548614715340641257149723480352362136042466791774284577080802191318, 48712955002243629718487864149985696442730125836826328541328362819316696318692
9898926242223984119248375303487328148616055698052091438078522156386081028693, 75420610545790888863197440175483029394560071648526812090850541158253552872794
26654564670752986797485973332890678751425178118182883998971814849107697695534, 8986093907046449035839502609809717760189764365694202621847159190099337957599
55987671968791091232037074230363214727871836138649647721747382683918766905707, 75771637997825161021783282759846583913107547050905595571416572297884828074349
48817936025631511842556221084679682346996748570301696541246283903616390491144, 71356415969861380969517718873125993991506937131841040760594977173753273570859
558268276792084942737407617979551472070109285886798130699439732713980962285, 72823496764726437773533476588925314992031073232010575313046388619370379448272
73920643342224994541804278828815260698205225913560557946902367517532937581284, 20995747215075221459755668589182179357478439425553856640231598288844154378222
29834794215875432860587949267437906615797016932047763167357684712743345731768, 14099602495155062873486366446331824827732568384934161587655548611659414698979
27108435705762689832608951979786286423402640388908621028494208055030605707885, 68985451777115224595643680870979864331405159308901193494023821918366631408019
35717505860929673619790154696846601565816368096323823994216815509969812493289, 7108939547192335003578545117933007931995689644234806586276327961632857368034
54766093828747818384348359708294794729510202830924181808767136141424705748234, 76564028658026663743657883160774424878692376421390622624177215181383830283979
127948142081681215160684930008650112649974433499233340050206561558073835038, 41864086655724569971502184907701667884442590547518308221892639829073426027610
58261355995209871159800239318697859123919669098663629294870642593095359400661, 5663989720448030742203440676692856151119465462839822534648127248745083670147
24708878106769705982138424903307481260369029139889687010419905056260213126741, 35866529257455474141325854156797362478780595166735639244563252235367445813908
44613170124919389939650342638178057681107339178575072378787989655983404266029, 58231535495797687299119944718501212899011934488391990673823741250073208497517
26229497048382084085337068373015772060728583802066110169643775562806755617454, 73274817561193467306621714936723233310026053543000236448880762441322165151128
17430467604495471677280843265079714162153831031581300648119336262440807961855, 45008551328319760027999514314377128685157920519960311377967699265090395140197
19591641104893209007875690284014687315484682350323594501671241830436740987339, 49651316519724048507517124025455097407521718370423992819869853054558284152505
35587921071849834493153266129233061971259543631847775049209083743212399603239, 33344456106994942429678561061543521027609232655192384080882029375402839449687
4117325793218853064218714406585183972750393661644657127782155610574865532353, 35843886895769128003521282460038819976709161620309934538767860284952751742053
48971174286118632177177324300355783625686800463150922266288743182066684044375, 43106064601723550867800273686240680591463682593588462473513022722422232990812
163773217155704396025749132282082929678122968748038736457435701037699222543, 5080742978608524260436090563896553783310350869554413801145152566437790126712
47716064387002896368104829311737540524788927006133894383102521680492243114285, 39521897348857804704650908253065785139120582409717884725997364992633482857719
48517673353412946001484084084624239701942130065810928601379587787852483730840, 12971177930344021550153888112603641044194582869640048212444045875337230051350
46905176832146283145598121460391987019171999309356579628908082032804890497448, 3465573448819689914279851325900156966349028274745283885171625162174774706545
69373922925090222576679031103837035691619023605415979686209487089421628726682, 40338747115703813725479029460064979009131673977486196605111110855761268847591
44984679008639938790544595953996301169961250265488118984201152982439780729339, 29748636634280007759442030293705978631505341025570428328069566321511411832864
74419344919131675144069438421628660192530055385518684061433788960827546273329, 26331253566320670706683846607596059382589662157947771449932717617493749932313
49839600834740825286125953766749684480369244899114462041459403994147589334937, 40711927130715588595883517933420958709450832774285432474892796300549760751372
76187865490148874267741380714582993337775282872666974830945654104173217099867, 50721829685727183639723191773217216952910209884386256658743920639358230627076
31569905830045978670811034738733815059929876107488258365958124284743545846252, 44012046253929823811190666531840796101700208832751061394341538794191381183514
50429592890639603855720756866054585748852456391618703980207914550232598550965, 57172144402161898552104247435027057115292959147865255172203635030354641047186
73043946163086801109988526554374268477076720641161883421521529464894907284438, 23283966351582177711993520212441764877397917516459077802169227844247944255780
30825454778065927863024186875598088347733706182776596049729437576179416048600, 76384347984781341542931463986556123873705716818588618471369931633568780993711
713235236931653648651204247130315088996802539049714860380029081531415464358, 67908143451816424473364752777316243186109885429129035438859654455940969231010
