Elliptic Curve: brainpoolP256r1
Field Prime: 76884956397045344220809746629001649093037950200943055203735601445031516197751
Base Point: (63243729749562333355292243550312970334778175571054726587095381623627144114786, 38218615093753523893122277964030810387585405539772602581557831887485717997975)
Polynomial Degree: 5
Polynomial Coefficients: [27, 48, 35, 49, 44, 45]
Public Key: (16954994394904064611181634678993563214259132127918321602694783579623971469763, 61149176271737485906736268442107867232750260269379285415999775430518857002852)
156181358421514744077999266001791467420263958568876052792482182504883269227, 54695236333157600442839637638877551248407537592838341970729188341820187906619
26252685196414874473073479239357046531868078710605576720568748094484405302750, 42065117181322518811527098289332721135534573565969820274246801497292215960614
68953633412873020740446945531458240469314846761237382214076865279356356512777, 55456642938132749767568143508577466038669334799055310283954673940454342768418
12743433259054255818213275088523919181394289185660447018321448948529182431660, 45666018675632049358426297314921953658829311066001618434355667939082305164868
18427086792444508406956256803329490679838439839296888650141888915221876134428, 70176839682798033322001105264752663909631310609654408592004326673416000670599
61287102186287244648150735427479254818791987724497864893597276770356326037907, 10576205460370640595272636275718365863119248169060307906258869977140190286045
41482308607227425404900485519028194936324878762348161192985603919812574258131, 6142187600897280332407455475698596384201926313241423411860586827723788252543
34192656481776198337893507528996519016871821238364709914791268621340625268511, 76737875753117289630494487604395755034849802656332802409159866020298162849719
72497381864622832767461920864796840276926096515333142688759943967479956104254, 5845286609719555671002998846524503318038954446546622030687829284192044007946
73912539301845490495654125662090513525531300492087072708004210360911131266595, 4364652096637424198264733610534805471869701157652538366150633872117646329045
34620541168727294913097524865103484098579658914109785827604042636853431911883, 45381764456530372436397771347709598529645365419863803541304981501235563923434
46934786786034479227690328519593336162789347087433863033210544335783163713887, 11889547979590035700805174586628096414036586958040676001167160076133505838746
55160855612672690185015933485480368448858900957106239567158394669276441164602, 6510608284024091368979895786242268328740465368077383909507230924844863788589
60110433639763585690517192723350547002714250928429678361404313999563887209424, 4915736208360532807748951028156422981741241979651349947919240072782852226433
60518722795639551016851271855019917310703417981205340093761235405705763054861, 30500524183025468046858231945713777648458387624935411499020116860077119456403
35409093886533111585089477514310512443889700152582751704297421336451925385602, 72684046458518771487872972090978142385720623671091378660969941724704249497985
9990696416124202580186520635189574525569190203345945727731816491266221583985, 54027635961671396575257315035635450389242903427732281929060535876953814756926
74974436622623296807402090037909805407326735306995385512892190466237817104845, 58274117586436384499438248840972186114203479727546591924456091999565965807668
27659438868910336353710112849386633878391013663346058740389252196805500982587, 56035496459256326617823129086982086582926860183734515832485768757535659842724
2520415753531072012025345865378080192869002363720012184765527686909178830353, 45446197546209841143218548027833173738321301045788511151276812517548011331345
30592624398522686621765213362799645617674862338541426543142046093792364743649, 5294447764686727482124606833446831273719687299434815718826616220354486812282
60295627160783655680730069249551384623978735005200025837606401783819222118514, 30292147689448864748795489405264128668461316929635654602518915915510355986924
20027347262506431437975968784425590946303639418599139816458161936678134549289, 3002801611379389599271071008728287910881885506134502095138084477958099047482
14636899392999350020013343204688595447255353134268661688323290177925732124038, 19883977040953787773017221186903161757305170886750146383020866643679394971866
42934678125730460084252173822478049845700283235793482332989964501306026555059, 25142526553594031465801182544285904810883031575202475017837466385658813367074
61402292301482125979407638201738625820680628588187677719293602318391679959849, 36575987713903082720373929953844843387235796852907498668668366264547269145336
29946380907430548867694505060936797811661715100991070346861296945855754418459, 16383312917790202060704151563031720723466075969125833473069149735369509126493
32211559569894981109523341133779023285186166027966202661529109207784383827309, 43560275070385197115314392004983098132012269483170334145222287187028446177834
20394300929590011211296854251368402992325582009618611686252824865115122129688, 65010951828965313795656100533822447586642877415234357219306445034103097383412
7167356358376671685282791873341153861104237670294139829687112423702989415998, 21538156702929873897888322221656525513989488880678502319613588410558943694443
35123363397892348707481099678543687946972362459123756567162424332384595570450, 12922301273650867940794892156647672288062321714219710769550609158396048574305
67956619707432367859755471745504890051014209829462803483434416257769226325957, 9061765519610832969700280855854836313396863765721192780826925641788249618678
54091359147422435689519324386706008619433742133631785192069254385663331353274, 32161219547437231830374804701120715067243475138796907475581940688332987633611
64173085296814256222389539352595321132188330674962790681947072841057438685171, 76070795236675195857153466449331860810773026059933564440161945775276146530815
47835083284084298578942657283093249195496397458132871751363943251031173530553, 55506840325534495070471492717604455156725852523806671324181798699217531417914
34554323520417466766862653673152668051739922998881137490188568871748979208129, 66220073413948187449619579393890776998769833609686240222756811212468136688170
76011974267271211524791200386102539852544202873286890738711019891161332361962, 64692160710369458629019273981510300501922282695091526088305361748660123336351
66718432385714645859450634120755861992203151196435930151236347905029386859295, 42870520777461950591928760890849796660144674706018557182302443849993744213449
74473995032554617841606773237931532198606479238788912248266877572402999280973, 2656399385441545529994774449676475601726509420629539969086554492280041138757
47752222790830129387512082751165326812623494212753562703756056140047586708086, 49959615167763595427326159929687420711228873009604759682919127651833360986977
63445679744370398468274762632463624239286736493132044402028562168444849430394, 10829558849185028911900304173816350928039568911143860878202212428381602745903
16716800199390948946361993520247111459272818748592087246361798195121141289429, 50106883044946265999209126909724520363770771851516943286259393102101646506264
2257568900611057268070879532883200869885876628591799331893666378707509596134, 739580084450568575462750555313056695254432860124290509591040827393341069451
72219216322846402443120924569226471758304068321706121817028377933686094392187, 65997741711742149568791691027798849302304125479134606754610311817866134039186
40253887786579117545625296971225590667844161098640795090278593091890085060713, 56979612831388678934258024002723979583343744275505236309676627909301252533798
72003157318191206708926559602797955048255166467323271413691139877671477333583, 44969737938643935962523157068702385836064639059752983041859025402419537354516
53587511530192234770713840084204754531641023830333317822272307023310073355065, 61579547085904276530066426390123838883788331171030185382579326391305954595815
641518123312874968319463556222493831928300055426123342213134176768878966444, 57716980902181437438122899852017455473287956065611977461941591446486902346867
50442779520222224226721626654316334371523385891576346724639771183250968591723, 8735863522877756533150290838140046730795381302473442439495082332703143970760
24346137947727785932320068568936010325868281584776965149943877803336238062438, 30594768645911341515177819119456117550326730715560442710589636355639317828337
19556854729367578215710574543185320150043250084661366242080587336206229342585, 19752902376369269597279506437043644723474018096510364701695949974772235581793
69465398797038317684587481309783359056847651917853898985224763598878309728950, 53785245295986661423004550671553326121205576916380278159812838086929960232439
20287283367048292770324872487320239947951924036399770437527550093087101608529, 47061847827046338531845480018028331284491209011613418675343964466166291549002
48510934066906546639993606996822262874510043092401803533396872678744961204471, 72048582007099958727890201277336934480109970446352890142498261391598588272439
72018330107654889885455046656054681162611337138158100518295964612256736343336, 20707448070020469275926063523793648615843654214746635674959981520574366970665
35936104815498204220187071202891872682890118789743889105497400136818021061986, 24349442988135779097579057022024377348786571290226894869506402142738265713236
71107337760331634685150424688306272580567990551630061554845031998988336490468, 60539350103969479284137492373357298413818113818566734130616529142903804116970
20807104601512695131682747753632433788445097208771829848204004772486564264181, 33323959842537705323936976225173361530538136054826448402840423719947968027612
8282033617936163883037108135496522930583537352376132635534437022997284674682, 40676490663220119831381900084899981001959558004160641515386816254873888397458
27815169240104970012880974442978450068955256386309014375470670803816329575, 543016156719851229302648123562559107453359759509492067842048324844226884005
19663416611110717630103906645808499295627816516073774146146724523477383266645, 8011873086336442058818327848297036701089029788599206189747872548144515456463
6417463991428287992011161035022080267953895131629804027580656500985989606481, 7570826303386937474023165847054046478990002202658664514399054055664919199209
15043816526415608026640442470481885647243214094653934373687136587176503306111, 47216390270913310221380454996718508811858233797165232533260885893023608607298
30685551666933120518115532034022792785633819838004081596274626069533192937669, 23210002125353176443046879228833171095475338393201874225063658200390841804637
25536026205877742285106124821468594815107108475483886462412865783028667934737, 36767086706823372109461810870562930684514683993411229367516183670754629688989
57345673275464084283483526641185044519038506186921272146687571806415682072218, 63154631002893790787950360053267424649535655648599594421387171759453875679097
32968575922951457376643693441929054517690123839758244754877246456638113510523, 54507793206812981425252109111900469139242561820748390081365717355288082387372
22033384422086594433685208017427605923456537253626541238921240404393328013250, 10174871315616923258334348464956650368160636284375260505875248102723453451620
29754490704619940992867784687207090304242440864579747595152063468660127071921, 30754620315010009757770248460758260215627754986461037219763020149451177516367
16722999960933626568045311847151262843459035837716669298711815161155379509999, 23835596838952369714833446160769460809476204271184304366276509319944368299195
40391294587234444515857118119619198400192481146190700811546218859851849055340, 31469510360867790674011920299216007947234914955367403228498273762636337589280
15403533728261327740085105409597001131124631290183454546180501181651271588492, 7031461933893164640454947134848352315515266753075601433278920669897710079951
1444667175261013137213805933669948661213632080582037371027220776923209041087, 14972960729454533626466982621985635251497225702210439446811002525037441287306
2163137367177681846187841691914349843856386241672310146391818467488455994622, 49771377606456990827532722523465498717782296104247018653134769664695162610401
76816342346307636073621629280936551015919401528337245723749575586257600233955, 62782663494622555673187946341316496014604762951695572797302713522080506358938
38227295621175675993892929825552062298969303058466542318844801778916052102404, 70420408694025557713001824879059035974543623944001001179104541368111512011263
20990847126233115066450062538123391604247961674877311437438362581855394155797, 22422017895987235377722063509684156167745357932390731225569327918560871449260
10982704462101969794619652430539261665559984319259605076033277632387647825932, 11839021941988965233900578889255532944553710629837641608509584991672323088931
25948532813940431591915163965182234459208503873988839384294147831364749826724, 18384531782104398037978629541551529841350717197511581753515945554649048571408
47644924437110193884887594941283673076851989281960830213330108001853077627696, 2743589556018706018987007884753476923023921772722364699274233111749176933832
62226601746033840416404326415678966462209319216944544593227210627030978886548, 45801846410051582728677903228237370212443489315294427316330136923198328006617
66778446182326428056197657104062422893076693262108965181348928920859755101082, 29250391007037887289567013896710635569358009305629117848737171042290764639810
39619906175540536240909406037261557834698327553617584636585020940938084675432, 64892135979798637851562145615049385223708944065469812850933350835387182628196
62784831124518140281466383500448821303080379741778090979486800792290735847210, 63837239032389779294933367416378398143785451032081012644364567040691438112077
41127535361456046852490600499452252547528010185104561587064992234157570289059, 42149173129665134670415508157992927803209656370614417089360097945733397840400
2308631691299475737639545294493522124594129885348541298458361370396557846258, 17620357503118265330636247318078498090019722348925738621424556090157156181823
76095384445069660629983326885791600127628831239841139885508470605853495723109, 20357857789078613494703518029566683798727279333172718036679960593296386130360
22784076946258368822025363229586039447038514958480564482293609749855463852359, 61741696173117676872615232527155039520265426817695735933971759414369634303980
28928567891806210176289080458036828828618886832625657167284838992079632842931, 25430850660897033328005205052649138664028312367034494184846119346492326531992
67484517483874844230276927774625310777712219422162411449679609341208316912223, 68789840037085748679470732562208620794455383729741644938647892861162766768883
31011691602379819916206120854515167848356449581174851284029966587807655729548, 62026435798669223089484883252376035212027819928669876813385962514078025852681
15371916071183669865956682795863984056373210870430078636156950450837136087889, 55864573158381713992452549651004072762972617779905138257033639564292541557108
46826498260825043849489773676149525980709116551359988045750969761686000194235, 30177643881085379680295594155627152802442493922579054437479560844406978003774
12520259203444477842714561706580703923500681928234935866752405369562504177742, 55804201545421993197532111750783697842137578495734073071170537733496182319078
34270332087618194642835445506405150838265330555576453597116470041918722831019, 10284313532872113459332731965483633269256615762661008722119262838787762434855
16956548635150568058676045913585212855357293911387037065039505711541679588073, 43125427482899936238353613581648699972330474749894943018622697058821539991007
48648332000664740674060370679364964285894779389663944823681841024539895015047, 45176750963171752551867539055115372982807459945093055020304920462339132393903
56573662741515785483429247090701653820957881861444243578710850434826035630903, 48705216228073696767769654731404726151622347879713246504329443583223823093998
35109505472842861349961432236043086790248567643333867911866733595037378760620, 7621710287094425713475094582795209038832993429919541964992560524110978386994
44059290239960554941010781095944275434134951155571792627405936156238052291510, 71678081973408742524127200822694158375523240981325941548297712606111129015762
52516291775101467802177374122548789465672882403122715625032755183269519894231, 34390902155171596976464263841368396794799641358790028623800091735425471110438
61333188001684814011212191581961012284041492384912296158249166732999774491147, 65559561826306906356828982927444988098957381776473501865666280364413545190166
63508804722876017684792436878398665393424574415542534019471971403455770055510, 24015877168675165365680791749078818450701867454274190592631506359122819970975
63051767780913970005094439496451342590824330611834961633227114844171882339911, 63711537786065328203123608795802673848657610584629125920853697233952919370711
16471614162128823845769301561935439229839982526072453851651585184163834081272, 23211954757607917214502160551434324276204064392953023884972258827636403415158
20590326268187803400363219127418174386836668596377358794836417327824211565369, 51711594415272582647871169137884151466603128834364410322735354904810449058219
39256569935727572149630926985470292798436636009460690215535101544910755396509, 7124965873344616537176123351536761435241757524175808686042648108835491699432
14680284571466012489895757181318578259128193613379768025391534136733750598970, 69451676159167399991775297401783675483100316555223386024878054733157564803798
2748723274189594333293614983539424983338028993174372184926430766099793533264, 52929578304596030024250923307258226472105070938969108680266382294504622290322
71507838614484682426887893379304319073521307721207603687120137500640845350464, 8575009853546225413666727435676593596792743620608848599303343978002308760143
67494482238871071056142528115917611987434088500497720535690802517665843590224, 57675525701335300878727307635207382757363086271923566967930041075908221608991
55374183566886803929286776013754541478971440260945295115685393607741156415009, 63945468241247944579301887283233260955860470029176998335676985884932084419650
61922229345182209505447378924834062323112654256959509175535142516621841313291, 43590179396259327053206690335422314874818959390063436009148744025866608025663
54540822459877391803822745216011030019178379963563771246193601511977811610961, 30141553045188639518860059925184025011272739604356729386110478771881218350027
14257806229556298794277325034712665485731453491396177558540916105662402579689, 7578521156608586265634097614227067639462679595899846788613864058367483460404
75721304885293986099410362087130075284164644590859117237388540791382967392114, 38567153573982790702809168351894776583837984499471550844064067852663924667468
47652783770308239050644614434351428132129356291855894556300696430219268146348, 35577009078875047373747414885861611200845141097608090461146289058873273306340
12678762944764795667812389921268926215868358702899125990090383712940111685851, 58053150523160497229648502870413449534400457287376798318959464568889917558212
60857705066997191258533607749151468861728505010072807573266752643396222391568, 37145173306307867488726520296516275889036000250143875154506683738436746761791
19598144844509386202424207587542503728650588713304755547880819198415222892372, 31858556138575331720259035094041429523059818631663203496459751803046573311408
70566465691451186334326660410692387981326870380755299619315312297562694551834, 3401977289821064817792159659830170387231485486889014299163006350189639854782
69655271591435142962569503726389998849927907870322434070741249959058579642804, 65881848341696253639779503893358356757591781607901930014771512468134365054786
14547001817214144785732993033974243044994937558605355546790539907224179997969, 24707760307164442317057393012319375908380770925225170502791320833166876177271
67336693122325246554896933794081083868165722515049959976169010946416633010591, 48552960724065180255118501097998225158846362122231040118624673701392567204569
39645202615239043114733510875794743634665860971951275351068425686904495180964, 12708540076651408499982025937462207407388042915789419764056044174338814241689
50968981542688641309757970035543513430277231010802624548771166697203850715966, 7901631538120647497430243018209230053631770816969038281098201911648648318193
72055998304024101796938164938406347393659548991163801051123458245206511184518, 58132854268525704125250884193677627692841246646109677435189281914227557043364
49040764148829337424024430988068983520291950718829931919104897294075280460061, 48352878522611292989606877715603077709346533210994475191814057075857115335256
13613344363934697648637412102771461933908242496198063286660008123333192173855, 27114149766659249868928649459230391111885834866385349210567544086381536025046
35227619103742965593560376301178315385895935108910182568128442981191253499231, 20802431263822652203001859389348573163886672244378711454806519378637642935828
16542832782123088617404905130836220948869907343268269869940185022844186657384, 49693386197465620621937475328307382699104777870937494055606607856257790770914
43378366391968938740159963950422503200381125374258011733024395030512966660639, 57585822127256750958989560960876252034834667373173211718677433854981713286465
19718928199964999959198499184831978590361323773602307423530218090659989803834, 32786952171230968804666067201639616930219764339818633960942848407578441048443
23360993068678715599837156430025477108774312014220400091549103556314045883491, 53436682126083571969747801403531371944446427487054233554073041802509701357926
73215378992628086393150169059670533537699199592934391314636800564841796114400, 31900433509735173608062479322840479320970985985836704676940347168705207147506
17105504145094800367344250794364476973894365334586521587777133523385946989506, 2946770727157246394168483153459086743993319461522716184810023156425954107932
61235474100588279821608292209559995906856241729097162974880500846843585319631, 63678509491496436208030633850502004156319485396870393984275000265758709683791
12834593370711733283186991332735484255185081069307068778534979202220917839273, 76725882673316099038459198326797941352816297311059976234118884042194040720615
38286420182549163190761230323521314284789745822197382107291552301414247935290, 67051919035856034050497778041172562590081518974348119416175467091593129587353
65562188539950461707732610351217908262938414285963255694915638988610361900290, 57783222636153692611083219062866784575056851163201191465697157372827782993222
15225107072876688179746585790122747185285732715105435236973077664122665572003, 30425109125445297678320341985084725417422132722861031750572876642585867012133
1924147755727890586071183985781071914411731321143359172700196153604034016536, 12870290985335874346527052353731136531896421045248010782659359549922279662644
15049952736641347045173873548235918686035235730382495313891075438303179265456, 58966235990148884220875875893610371891856005293114568265991104300304610026558
11082089487639604815526415602714094235177832238807656372692086621390238417613, 55755343675983746070821194949042307278054762854736996013465359844661643378465
6637368970149955118106522136008422034588327727998643272814486266290183667626, 4482598939580042030407487612993753008564312157593498503006458057387667044349
13836873015555159633648461168851309683059725339238651071247121059464570380978, 10338633400894377197012285356539095505646669186517137643961727445023422485436
36525784319753809525847766103927629330699647208485771087255170832148534526548, 67942649864093188383894533040693394590658208655729419148019286332869925312394
73621149649625549274831079944116035449794277169169162541098436729628680457440, 61091838726334251155139701036238999140130917928693443026871551185299946126391
19818325601318727702060456147932383026140841093262239477411782686723489674796, 34464027376351152295449595787297243181873042249471518997419419923133373975592
56356219781367867518568672656067266525224721540279338538897825238658104055694, 67130167876152409335311301189460495532919440211228823861413263612130087413610
61450601331951576333978030406541537837585336911339939657981578628056193544002, 21079600727262842485413005232087592621018519618204450995741368975824703018275
68556240755310679042793655584010045537985884942366898533027934809701840117935, 27448846734883325407180934054915177287770531339831515770779240230342201970225
76185137130713560648388822312773801567675410314508655326951670143170287679028, 70629709114546307143170018385102720991402481255784888302355804823215157234458
63290394416590456397552193569768501797782674640690326975436135453226929453404, 67567345730497702119658465039670345777284487473095586993818848139270692198503
65036515563429676690595471930856086688189314175457021187583279439448801001434, 59876381246446558484144182537190070310857480290033181314469106615086482696078
21658729693394820804510829276773119277335337807546443091012022623170924951807, 48742637161247874674596825430691220381165050399573374194670625357650823186011
4752286237744171107153851491960176679994599441336474175663545021427889683730, 14646366795408353937969444741301024553760765619981989876756971540838736635307
2687911653198740907983527759128468206251833240820619810758958846530197956018, 18309085322278304389379547462329829867216128828698887638927082490576873247780
70653541751068963110906881224465890720088957588065073986895136867156667662869, 70405719445826197542187187144214833167250138547183246893377790681207777211092
50857324514513258903195053668343662086919084003720052365147466651057791842140, 76397151319579817584776949357479846972211530805896991089489486016826830174629
7134532322796741907554296330430245992650960314778432873734728221489555208601, 62776227799161574605899299688743977654726176128332231201609516626702783202459
2796861270366905136571755101252181587136729537023089767499362593462210397096, 62808346790736632260657463978477398344085149193708096775057716199298020171974
52850678622932280062327903134045569808578095207606727633396629090866827331451, 46158751085682076957907614116277732666874026603351300983602984405768670661338
52125439878486973539062814537666714727315613281468121382839198703994013855857, 5044546679553172250573049113379062883738798323947712377462005016650444254173
14725396289132708234770442597262430065842641356790701474383291908161080843711, 38117855992266439683674903404984430539261864613035799066160153082757166922831
72445013423299426735759967753361857550786534721601808506211032726953047994570, 21562850605450141085622251440101234790108375934608123767498268722519195891488
16362597861991277143473902597465331695127649954699770758968040542036152754662, 50602016056546719794312523652300847080381494375765340099868460234663771726525
53251998068857695817975594299772100165819339875881993528412799467310346781839, 26797002236571784406215213544145206022989211205884907533618391657285465100073
68335798175801427224957472063232761814872459930676080310919113975602022192966, 68701177079958686991082039937853461720112443996532905401322965110704709215812
24103307748975133560344694528649260710150392356523069366964457654241257248449, 10627657017309546227296680715738822601649535545871508805053041434838575964402
20620796049894087136061189601306301563624020563349309709258540491703802099320, 24758306211142764466377527472519328431296476519919833597134118857774855248255
72121667645741130546575245681114427357319150090519793732237497344318087471636, 66587878940093287511784456646984562972262709518304959247111257994542179376920
58713123479138409510948138067712186780726519014194892357103957547694918442772, 39030858280159154732052628354176401480584753266763524896409779068917258588257
2203818710620242974135236055169105272124237505589272993233500971193946760673, 9661733192381412433030737340663464870391455747548431412123442596646080502632
9768842538239807010389765869002393630053731640616773893843777000448905535480, 63857593442977987255732974620481395517430323615461696145015477565394008987025
28028477274433309365324988985360724379525537185139096048586815803525452813861, 8109694039915788906493104364913802899106176916087948055035541339746795807451
23431302404944648533245912619030103002050758268109802016409682936782635208060, 60861793882295499611819617924909955849407988204229111584040065420002462973514
18047953459261577839072926493019044211268269477098366196742138151028791405756, 28479465672510840723340825530090667308218110321824780296338979517239108880133
40031503955962319522250893849831617476760016485703608164408698284420747267074, 54600663502643978050939850729257107959000608492024077727978252103842138304728
68661092204161408333157207754253106341994325969189819404712648218019479618252, 25353426500983110214254250192557139611098489154990840677028793480239881833084
26408462311823784194930798692028380618461982329083718031351473401567022398615, 19606193361542232149639499525957257007578450567586395407810995478417378066563
60026287559697442285829298942078183297042489120497414279241004939796881181731, 24906670903426178110262983007521906631161538700540620373132452388669051832987
39874317629143378824141451938140808721296210188385547650495101719453603638860, 36532180739458220468844199265225036843410736805724318042470884552805343995380
21809157178056719772263507898240557099671565459172019034895969859196379371423, 13884908895819308433003391837650634089751434877746512648408820764276070091948
47414615372151789207450001092413301367562806193482428369700430776988077632511, 19899268157726550795232658945540263662289213727372471117189598944390311107634
27529245576733880044286949335661350099568413349247220391952938951587457834198, 53617171168316956190175511708730582415830934811368930918692160068128471366438
47958746565087392909729977501562696158355916240019901257537462178955465378686, 70475714548224641994759613620758771244510346415054723041667012705881756259432
5728392605474615972541642369388335098647606650468274774076920788543968281100, 53486365729230902805433780601812773922227333232844826923227220323994179907612
65432535533487913677741937194319150797080893227427148119515580825935459906051, 37427969287035739617026812707982176584094984216845071851746216556451461229176
62408663585873633233838240067517762117219946937733955238823610046058037664737, 34084823582135901962812234329032452846813995930957970849403869381793827416042
47580154277144965463871703434587951147409933797924283113213518083035167362209, 56220885127356499375818842933367301313917678346390447789459526934607824225789
16193066678231310159209870357626029663278116469972758900377117117297143711294, 27905982815685494624559993959774275934175189832022559832590017631149389048468
4920081524212096254120643631536421004799878980028034460196472563393269098218, 17748125893747259313798674505595081533324138898065151211396945011336143026776
7851814143809735366888718797536533534143174317613099515963052488004145962852, 53444846239582755326290245839758118281006148739157619535921417841777837172265
54343170547469205909444864893430523917957166070243347524687470646661297482319, 24108452678073320363678806139469569951704432214383400920907743401186523604568
57783022353346307951885362226983250042933299235779734712305696652896694494298, 35516915146228664623099937122046521438008762583768653388509428831135637088263
20034704062577675831180880261327967592940827546395107886247845892778363237252, 11633802038833163607963706057868176924220863722808730650710767515598216702990
20212675468423557916489320644822055246087216153709810242299573608050077986570, 66012721711122400134682032178980575693442885526901220819930935371028290046521
35718642306201521095401946037363406441807401622071110586393026789903401098572, 56718911121349275137752338206328060319883160450415961823912882060697661865694
51231957943563591393182494763256301202081506395817584065315051786590979474511, 32028978736771738701450019837015590871905512622398225718392130974378155831788
43224536227854923803431292545320490696409293826516701024655127012895057829607, 42205867885300035674928007034017772490791533493400878255879491587016833585776
72795352488954611987488947280853607735528009349263021334135841450876040499696, 55209533085673490700479605117268282110226447589187724153981431618928767627355
3174691136086650258782562732208245202557934918602612443984494199103990407700, 65792573602200712807584627007059836849366939372656843514391374218381915505737
45299930673728255289358218236012709261121543657610110562879822067668084039103, 12686314181824382488643675147439921122303610917700414692650002294021861874924
32911983283684063392465739876655340098547762177154707882428067981576482726354, 20551706826500250285322512586320173501253500859413077558175248426395414032337
13414139046233187214743188236311857417242355698134379245454181890618446617236, 59971355091246337830414395459866933361813338939390976366420138039082779546497
10762326872208928854663884519988580531641253317653582546068996151374919667365, 43052835075980940227779337266908378378283352454680026249828317100819608952040
51673044820533887314501663910971650761097707787499839957340584969759801968132, 56473299479543545010866650057420126244905046548058926058192024717489102378461
16561950676697529039793762917516701263174839133846999501308685544928503369600, 42923219529817984806481016581609354363500971157058377936106119758760666984149
65763012455182991619270687900193869139845916609892850181966093908272738628197, 71382399158829812448488084450611843630292816646677406034896320221984864813037
57334710014683844764373434129239452531940364725626591577401226658431861921850, 60526298816515181562809976815543748709215914846129483787588002771221619974506
19468852453311415718705315707738202547740823402632227342286698852570264187975, 50600639492153982555957560121722121569360884387676443455095159290031509222679
60655289273394106524424085371414938416508374746535660305005085864930075686936, 20902942406226312469233394587067981651307536169034054637529590141256513213847
76005080900711098696288471452493547510969942481753469218254452349206574736779, 40847902003742485041452482866299079279962686642383155478630099058229989290711
31109983938105067109497078912273624496778472307949820802904820962038307568396, 26855411496672661097574144177400156818956558896194999883781308245008280153465
47832592674391649731966099898068467151233403481257381722644841628150614621049, 60257899953470489297327016649817889421902391016665130400798482767696002432069
32873754362141324852618553235599269996840565596823078641416826485967100809250, 48351938868748602103685864862041436625803558740129495657911625653252488366403
41060408589398834364331214579633170030480818742740053410365416361680669721496, 41690793933156302466662640596556634534503888772374278705009461435802425171413
28177347991583065613240869533730474942087543315276792162647945474655372176356, 25873362504760281640798643666400161411408233789676513504670928451331198357751
1893020684821950626504925312660345748180231076593443048327764484234372298719, 12622251486899841685893410770584539397997169857331843895037153913619943039381
60994422149726726881465181041147654675712133487576450237656415103204454898691, 71002386347101851886920846692528817205256811595331612430472336712677362135528
71967521487421378221461911504892357123271462885870689654257798160968030022143, 16691129084991553785655817688616456375695423775447232218145640820051225419048
75113597155133999676887366361941732774249423268645595791888743441461157287127, 7142391318215947061557651883259305769620306809065569540239447688658491061469
33502867101913717697419015831752368656945860794512720276191848234606162015430, 72229444477124107580384836288293603466286135976348146773231656573914740902665
47552401700772182757868164051547861169660090795471939171432384514953735587990, 16029792444031778650404818389679614335018949887661928662634064039798164285989
49346070875201415412079115004579470252378290124986607473365755665084963350561, 45006586364716924058085920377056755389088639113149571421004416673269300394577
6950187674748066220618891930549744802163302583705202429736404508253360019398, 42061287965545078583287856987918494364108440738852737548075697320731147482859
14559595853298178516385391432483841631614532385961485500418949419218768827480, 51385003694904648737115041832248844067285150599865000737460572602661757009673
69956700798673652292853669393044321645438839368522077757460650370767724280622, 2436607390860752384840301105446002049094563103322678108994941955030898934861
39162771377433375634945736984709469438285939437688641106615646865241166971626, 15015509827250570901990160460147411569768696474418598133279783712664977128791
58269250052692323182306457030935872056739457234943202248513129542489716483764, 15401517988447216064174354931984369577704794426793377396349114039720190256195
53512924277774837287059412183159809471699987439162242084953240961002322092176, 40213151014790429898121537934487668099947849019354052403063759526597629175632
70912951460414264266276397769015564830121728469312084653153246542690119202098, 64708972417864638874370898810849442085711732766299019241400494481224760063118
23317279380532543317274320371301632894392761138542004924361595792977793995180, 52846675369368782932361010207225344325375271471637869544490327805052212043157
2723753389260391651934592338485003347862523963991204935424674275520571765190, 35920354435131117392877433642956388576916744581994173506324387078637571047652
17074516829848062545168995508022036130554627788660645935354768128349323403541, 1308446812104239648836826045422474022656485051776811927642117494601477463074
47732065190148020174038476144129081206813243178044866708278867339839110220856, 36300395351061896481289647276524444117321375062013836230298894688885539734498
11133579377718014379280270632965958619840988929694960690873198774547516701558, 13092804143560698462837421161725071815931287845718214128537536111436966057141
57802857105284352662582873594345820772898076854273611025826810164530211119270, 56265943497929600061872319416291344466263337184547616300672419024573446895289
14322804701424922484265796505975932068220360849340416446241375756705734834224, 29691938748158615853188951124569161084344627361980259049369078480145180743945
