Elliptic Curve: brainpoolP256r1
Field Prime: 76884956397045344220809746629001649093037950200943055203735601445031516197751
Base Point: (63243729749562333355292243550312970334778175571054726587095381623627144114786, 38218615093753523893122277964030810387585405539772602581557831887485717997975)
Polynomial Degree: 9
Polynomial Coefficients: [40, 45, 54, 50, 42, 56, 10, 28, 41, 52]
Public Key: (21272639989809954264266134641347719211580434717191844225953943852690092491504, 13659219798146638873764894009395878484054019277269082920875373671272753852002)
26466469236832526617896423387368989167704938548526933377898949544201394310330, 48108909193563037474121497848431617226305485610326739681225444895011364011270
55114873110040967778638885532779560040942063145054376432175229446746857932226, 34049606818382755312984361844612350991968565367755727010487802140885408823458
23359736955307085060473139324998781720415069482282454242283413450682759174832, 19698580198462517640296573418537573657923418181621535508234207420302638032138
70569231752235777577708003000242094787598595352683910952128592578317102289238, 3336612414127373482797305021140980041506725332832140726874837586025062980752
66017881386746668495119491833148943487199082162099051781413022528003260430672, 44286711424204839622863105965818537056489486171367552712150610112977422879266
22788085808382229417329505103568019387597612444143511127614534078217942714004, 61529856125732680572932460872029733681159559136207572171168787651651877405855
3925490760503750214902383231136668180231295200190399914517102141562079037610, 75253507855169152335679356272355203660540731659714930014744880127815936016405
22181767606423402837715543442062199819526864643952202573613317613596583421826, 22957180790247655266844543984943501105074562356974208690940791611525988495915
55467666012769687557734074996427029049712367669223343850165786958596821817080, 68404434072431405949488030296753434182860200403228969654345630360755587173501
51410490475155539847231653428960514000009855554112957345328356372115452126182, 47436809269460298610490828656752944862255238464580181299078525685465042256531
66168988368187894709963134249025826533385679637337293982792706523163358314136, 22372261430077535401888606265266363809289482248659232854085472901662964838359
20723135372838246571308222399501744383436713991011012902779737716615215348277, 22269143075773181257969087713470051008755397123282254758652716874641220015946
58619985592215156304880221041721941377638573061659420068028321011073878388257, 45867138678401722809780436293450589095919148013533295049700233256034644958843
56283449112370639747304120920974665153366291662348594603980030482904633778256, 8407371060861852397195497004479692246702015968076685490843787961058389772525
43677144811672214291168684344109603606592527648596297524314704290550174123594, 66527619842357766914483772776697882472530551109938611034379272025429452468791
58815678239828833891429473015119585495270567430648871155688476594858703529249, 13970856011118886768297394347587975457377699183766924939064004115655081734944
62973311272081591610891470242324005873803774595219465016511594158846148093434, 21347865400463831169543455468307957007289702407913631018679685870657243700145
16921116211659197683558124106307109057265596684361360596648662439905116457188, 48690175876485073132879833030283532144844963583066216514034451285815497279820
10818304230163473873324679752651084868155000352010621062481155459476694682795, 37657138919899909458891215629011822363525841400001219475304037312204764726772
18591209100095123664288485854075053288864314412723880144724582215096262870662, 75966560092380731264438447990653325548949718921544802498871089665548222439897
68318981488293849892656500430132874552183754615738565814937421206051640490328, 65456991120909336219618435865096628419922060164081296788059419928399674391524
16136271861316868665955933681719777421995156764921463725964061106990068718983, 72401256424435626431346461412587565912711156457669567071044422086480436288193
76049252580082779213766137180182978064591977509162756193224127465669968389135, 76170298355775883281567402629282266562421185919773925978609892566602163207181
35993167538598745239747710589608823742708614175123488164875119635576497950353, 16729589867973782483774486501546243684457297915910373334949315038417830088479
50015940725090490516119206005146677301996933822614738740279675242435332472386, 39364724930942381258513494169575996878095680855955954677729580797608667639380
13767289043331522944495934377453808160971308103826659260025940334766627696514, 72938529897032859604170767492188673877374923298160858610171473728566156246137
13110860488956584443647995120021679536695390961873366134764766537557565360239, 28117507206282667882269970048887603190572158428028938867161061793710241772743
74593563853065085270147696426886317328177019829607871687342137960457688544134, 58671201788768406321667004657946710224594281375512733648427170944350011957214
19921734227213592780485150024855497368817503344632925542479802811493265296831, 37146817575223386064654486941343760508477655173430462385318535249006329159776
29946380907430548867694505060936797811661715100991070346861296945855754418459, 21222646665056164274303763286219659822754787714656703353644757104284193567677
38999079920554431445396261182812867195116754593426513355772344418625199381548, 14536941315813022906524451398435070594708772227685824661124558729579742799359
33562985075241494116474617057187145911138539994068035713826158995704875064162, 30136610558627552588237423909756429156208385354105060692630883875452054006510
52146583254244417945600892121279218556811769540323111573298118041246032309113, 52692380476513242087260394197214959994914504962092918179333167271019237420853
36781037096207839161941549217635181235139106758816920108985058717696220127594, 60370179212132580033582073644305794393201997475183181693570876773294628363372
33125260898235399621856007639430252709503552949721667216101912988274842842520, 28752591725642814078253605350884940428497221668860335808330056892457473524363
1856765276547470648807363119609807203320395956866952500267495491177885481615, 37998883619405106245653302482598062628936195575010972976437144959813201888623
28806679583211817550089691977215412145853365113492014185159998649384217703772, 27658669659659254605505631089920228050157635274715535896755030159632594473167
61759864673026991426043965964839875199266149228325720308254241282222649911048, 52922989661741132515687393147519192531656057543684287517042044196725180630545
15671274039972421489621763517937884461756150480848586285950822416114559693332, 48944591758766494815686303249968148981741678218834350477262366034270601357143
39739489727080795392879355508782655353472630887573055170320542665258307164934, 33879166796802677392883540553861229452877546995246717142659669055669557839003
11726831839619880913798721310482685354768501469196315014413921381912006965941, 55230166337087976722801348066826845551822009823747400677985035437292417751040
25437818734253621953723437248470242380316468880406706974348770603024199712872, 12089265884781861744060196348003676568113520688402138750148255289243593745398
13169008715884425362221315136245902454115912384094874586530231138051854248677, 3212437329080313606141209207027472411055244506960503195900651351920043107335
7000250464409337181710209667806867257687896239178240085739299632150835852224, 27985507833025911844076283673111009864854314037825460223587185990197073402709
73236997709036818054290895997533356392208221680223309927817079251048681455143, 57813935170552910823484041245444845219629570177267915334895936158630500787725
57768755177991013337200788147899498186514371195800629824614861561841226269684, 76058270363337456390994671992737666128936633211892178204996085371871890393458
75959370894984353392851206904731195713648948320829068383633440127748669882871, 2687421639144856189136038286731535032088705021342101843298141148691388328456
40721125159256497073878686839125205300771536992494856155499130713378402400025, 46256523460139653812958523272980450134034531832176956361018091156049805652163
65182368047288654692495650423356497117467674314611243485487388034375352472829, 7996781540127882399663655181152231604516894055859440452258885550741376963991
11202427350193174870935998321027911066062796298996066296701374571353864903256, 66963222306697946374503171733955542072254743083310297115246716044625565769074
43725812649824132120845861339389045237302793874877717904604549650938505756531, 62511692199739437577969057323082442030521567985729331661100586465308145025600
16484056905851727686306046772124475194537598468531528039275413593419455253675, 62221982705560906815704342411145903323127726546274965693771320037111183405557
42152640251727684134077527676181887164061315791676306528647361399597109057399, 9103460799893276869233153036089391432155972971156596102645201948504498443985
73118914034680543599893085808734310237413527576232067542579252457626149258498, 6992582311348143194317935498296493388437367045086015941910177745184164865984
56092141775416958963575318642682225424937042168800568092987895864007592358087, 9336028796812673096654349595845413530726488518583706160377663767023399036097
19189315879754373888665589114900825725796327927593100955985446127824341395284, 24232141249649920578126392434823968514313685035648768607852031242136953151106
49133709153482957926296434391145878012021509236736027007434572752651143906793, 37193131335464194799221104469243851812994653408048014366332305425816297567378
51064335550376655952995728708214659422075148081105462524298161928725808371729, 23471627067176672947335417897840140704044331761523628196651402229718761182783
46451878482002739855767653627930614227226051370464051270056923876505699566357, 52658502059139322698827533963274872092085681201462333834625531551237995721778
30074418417055489734362110563985201108930734908906561093412199406413920965205, 39675090870009972881920715652005662642180170345920215053356344766763227352525
64227904156546516983615689061927227644081102971862171735397118201909384051935, 22494805483863104263724368761361313428696114242716397492754284534434569910506
16750250169336265818737291000774748682940536274951798894423436122648527694005, 5333049434553483006377259141322255491309159065649957988016117512559105999446
64636768204000794192228708199800324704696162283355514664037384573484454453783, 66195162011856999603777968442025138714169527699148368514274894465392612913359
37773942633708738624127416314839795822483250359222127427908278524958366569115, 58645516413676812733631262338278749248856439598030032174857306948653389687687
65744820239084032658864616032730148778557546136237047153269095762504893627606, 47295825292207876169405670511256678814880915555184278886471324261934954439050
5845446090095183035352231463502658660772780820685715045960630208755781972894, 4211318237118054311780226083055016569895728078891131222439456955660043786854
33598120578073526324117811910785987884883038465672533553521866625871024941041, 36033249507834929467867214706331286090876085777174093122823563259777160168621
31777592677739060793362550776880203752046225705334995030844704426082692775034, 33794915992859680230549268060024657374666268283863293862825887749320613481445
7578568463462845008775125554572231567490366437848821138545128545222527768901, 43423419863468737663518086098049661965585369511733264582797602129586844922337
67297024694187908634719582223928907202584207051335717287257803032039067221602, 67120569191425732209052774960061252497293388859725973200498501472142864360570
50838389919791269134180730433335186232865973314750219137388346656249026682506, 48775491973460492310847635195312843399458166688335085111892956826220611432514
17652057626335310493782744301931722648902055624250215305042685204372088899711, 41431804450076946764678325175188832786373002605883159864905887235013432454287
1822481029057849984209305130115172853202499569412888920242452325500538634761, 39927409215222294814642396016444469966218384893076441580614546189662360510707
38940944680829752634612069359079546795423296436154104539041239020031824257691, 8847228205605927971828718481190961567652869356456409090968306973636855571465
6688473960784838438797307108402606129515529339379155704400475343009344676046, 55668903687819624690268220412903779749329116518976716433932372740072145677359
18113081932205639327639737417787268779360448658388823390949953065494076999775, 37103377470109481100896936589470633344269012300986169692914137297989201472796
17393370336963528367797823007019661774913844326925565160049858904901598549461, 22840785003113750523588264382041706799358152903462993483281378543812346227021
44626539140391858004563798891180370796457464850474589506979678406003259332305, 53906515592056165560882516565979749394307221598585153941872715057065754019274
56135012536610866504401256334982082527088269634480744400414134075007647420048, 18427271253889021235705281212319213637024859975930434290266046458045462453944
22835653452007571533733721935407480220446421092665879840428788236638807560056, 44686462215805801976737870108739619823160942323468465769055479328156255657032
11620375237812338217800432623784179197294620600357822003000081558691487844845, 69257383904434314356877471592359593481895317305686956264449417590018041850081
59897306514313302601134565481374018540240492332503568058745688384605986762906, 28146903288806147941096958820260733716176962677953325526521065431099633433251
75645717163005712202821733727113411586859221628674973490906351562741185637256, 20983108863866558341334223445980612548890062620198141541268245177458412719122
42721405996259667034323224984121570557011284533689529395305587751306328675560, 14253451328758868325318000520716795002282139637899133562690082551897895597646
54793765655766444521952538449476003732815334918533812531321678861716476544473, 26384229285666953504263825551314157947182360514565783197091844944513168895091
6326816416851661827838483844329090073484748541776544987274339763879075897956, 67363337530466623269456063515070017143769149148943747345528911479314620134593
53135467828031971017894179827674212949004118447768786660519553368239687484131, 13395921117827220037989254615297447309125195184217852415420524381079071474292
14573404963825158450758171685851124694321519015937674471027240945691905517036, 66293319895653705039051261989226364248619383064668389009248262713574823179510
56146671219618928809671371619496872266351929227464598543233268745440557467178, 13989595231167793773419592339524692718122248159176730323421681642848586982024
35675826733351983602907189999980313698956173114707588291840671856354724274610, 3586345797189451876166386191535867699398947395910590666135602808974193168644
39926943854493159288412685873555917246120658540045992533339672232599254616540, 63851985084047386806513165983799851362392575091798191272630362463748533341620
62777197644556932531157968130733270831669499575766882005772959011247382590255, 45862397694493264192561049543339487989974005122513091338914051270254145783310
42273387481543136916516969746057843097605428077046510168853524677869048454852, 31402941399968461560747176245009009675137441619695019016092156562176501632295
1504725454279332647616560024889964613281128179659939009985069163385852981835, 5861341972355549473300306401678933996906628056125373448304733285473491339552
45219218101177380811929467325501734514504880759721458904139033259201158664176, 9374642506502946830155690573039590475666172035584988299785211032137303112256
1307706580486848197456839053174572383070893524061579279570612885346355397497, 38055630422345075379983030385987866666243477256722008898227828096427379170203
5440793008524499699218314464776200668816421061440538278173822882517992959501, 39618515809937195225400311088641032359375416518668257562158819313356431759866
65841201508941135927794203047506092479168301080223951935129590660137163533921, 46692764722572787329630205474720712262824451207124681811313440173633387528710
9240974477285856742352344383069533357838353388348253995464909028164994561643, 34334599836365563120122885896194503133218331298840065187224477338675896353201
30083729107904310235366518270977305623145856254681970820890114182162555959775, 2374776884088734093842989375366073255702315670644476662649838610490449469183
23537650922086065371776186435945905482656786727284266387116948408907892046348, 14010477872317862879226372822817474800571841488151577404510971400036032980494
56761846995040321795807450388148762883034101167582390091031079845953288469623, 64921611229180945097051926323816934563552928010993071786295748462885993936223
13457396065748115985573884627670950790578990888790129222104351408339614876074, 22115087736224399262788108199326476038263066179206113257083937707117977013147
72173466148847824777050128073402867936953191733783353037778186457760527559700, 21359774689538867270902654670620304080101028783664710554510620932795503542054
15861016511937359971451352151797695982278764212552763154241286897494627080574, 21071579682526265525616254871606564120381436316252111358832477032330665782689
1767094242381819375698508095709911004394266062061165395535421506403489397108, 29811420837275213315461191523960713526244114689781341469225374751084904292284
22646663418769677242508252348552548092064447391341305787966858053160187209111, 58174657871199293317517018160005171928826931944494194218384876497345642644492
74287097161298543681478333978084561193368668821808937940507996435058222375265, 43169417587778457560120579786538884692107086600940826951077702292612295911727
66066777224227047263275761394142268195077737606314644103347286705389388302610, 68833137271391167082240103699396627220794810150487462019027688518644117979866
70739506337169289530814431660157451215520640626633349380001437555015936228918, 3341591799042111622525707191596789580870783050619224157463747202380791649286
69928519009595981389214772250166068077678828845496230540761665736637013003940, 40716671157401801729937633359350912657222339226991518554948046868777921789396
22039694564061474594395648054076526602105615671085822980042970875169789984339, 1735690896521092631884477164486278163960965966464937589583934845957135519778
28118770179899659905224507497462467059591509030127713307486899334953560531985, 23831946355279924049423396674123479598155521934342205159273226867797792336435
2426060175022838469074417230417632877445885508794073973398542460702161866363, 53329583891136553135008715460957335983824807512015509468981431905660504881301
12723723297831587475046855904969095553315560108265886995516071441366961588790, 69033083772770386943036342929199645831748929584157554321443748955201184847921
54045174064089248702718715895896894533342885295396413155708476389645004936509, 40132899968713683085504049514688226220896003233770499046572616019093441939817
60988908733551029092771222984373754631747934365410473446561039547807190755495, 47502938256671852399491353615515731502701419149543131560808695529140079612396
68245837041581991561671343610409596430279601708268653820528641749622185180870, 39733397918814776583387893832192680558180828545222376432277298844607799060220
57223803248827382481007827900023956068161160220264931754913022216272761828186, 23458199996817027417454407088407099756375335573799936095082520595695826382831
17744465015711358658347503991457021522657010607781324630499186958133510074591, 31754883993299885970819688284617954230158691767995242975941282355409526271331
28358945052166792136934214970906667619240823496295098410730212136565773001390, 12263664048025683331394692501185346238398193750866039555370591270819710297403
35833021383922259496351533845562475085885758740430265524103339128330803542004, 40187709705156680645612948898943328183349355261224709200764704549199004086238
13599310165145830766482696811158397888044064668783097814924708751043674290855, 76209006967398648612814681121556954426972010995209987241413018241488865499558
72714456079497037602820843325858438041367134603601614652158863884949793815176, 48754787069035230266590309606806053910658458565376380315413906427863120708162
54018014043138467060550596329583048358302517863611971545484749612024840515709, 13327424516553351273476774089911192976730131814904457235996334828444062961964
63766532660220334884352335128896421510524487915695830828692421611118043551730, 61102146079180112920116852285375923265450347608433749093569867913514410651138
31046562731317447170417811613397224976760018312640392278264169604700454620180, 61758174674090935955024868913211297807026918931250956847820691621864860740798
1332722834810268029689066330238334819518122332025653301616934042109191075017, 54086537841520499928311426816427650296177699880175187794695571056865926317383
65720798682705053300554393979342566716054997899889096896722184768130063857195, 20376990452007048947617893545794257605891773457959943879992083953906416140176
879307387626855963894425666935749282096767293243169596287667249954322397135, 24011441558059710431188306274205548540537548843774961603071488489256826485973
14649444283269091142386549433794036943225876413171834525600939828424965613748, 69459370382577140505098077921266666295843095307541950058562371540256734631824
70397691912994548514162362541463296211087820408219949040808737315452784155466, 60663094281097006387174674060184943214707867976485468826881988209196590263796
49825517790488962772457805130169870193653327899662745798824351663588979702230, 4350983204845396040122118740766455444598099855862493790796770895098902034603
64736674043411306696811019938045972789519538511113972166122609083715593560235, 4381626967194243164442425870070284167393295359528464238770209463298224285758
60169411900655458411164899819283966668146726937958529731947665905863966771927, 33867089329186712710995267972923488359776455281502342860748403668075509237532
37806232367423565333691341272552931365336502808411502882227550280832248623186, 18303234592847611732572690851756173230813592175741807494725560500416981467305
74636172222440426814154112986142066093681287063696397732246613766331753628041, 66806628814894142268328435095702089771377415807933460538128154639741114086847
54257148178589261876428462451665799262693171787539085246625154501815800838750, 28231175381767376450716131755615103551488130223020879490735848898886907553702
42692256232862110450492274756626720392301964854445662534629517741621061182961, 75728443945041358936256361063178270909149054130972499772425514190065210123346
36757491407577689073084053037779315408596606659846040208919929407655601863696, 75443473239249004430553685198720341898528888922364437720245475469969487030988
32341351875059430767763490395464682388094515778044653412716706328013692649329, 22382197359782368542126526875169986082291330605765755858038213343454528411621
269918615967148872110619443923149530719272246216087529464966737587610867203, 37263066948681263419029327665541333917763332531255480447336713659878751739364
17622686199232345507834539433486134992449980280432386144174277411214314826125, 31582675993166457289994192646397928730449913866384088850540724650958128276573
18157952400463381702753311950570017427385703441141099953776197378793896091567, 59309260426724042838183796381930202624654582865112997086164094172521284791814
61508650394760586678103655409993630028743924382148614814494509906006881564621, 62607562034775737276685519117851511936530392953710106393455261621075904582591
5687668454131325206480035869199441660339697354502362674157846157774632669243, 1762847242928230695636632379890070524193709335905124358093905703341511662056
40143918302136482644992327014807847731334571985531543554897944275272801678194, 42013354365092806973235268020812008290145180439396033098874202359647067995751
66392660081188887416716151826469443772044843757093353705675537697922248488827, 26877465284866758959648960016630537280873818789800608783396455697684664559858
46464795017401015543801168051569412122993186412492255663501002080168454463240, 55734190658268421298372204791175101612245677386358100191627246539316480351552
40958554196443857897918507472512344192992288279465196006836172846880698806897, 53005166019186914593016295417871651082899219796790357713226008441366559538045
2863352768339449453372012612849390727614163167789086110617344537143677224328, 70055145029971204111890574386359971401102703067334965656435169970632455211400
19263451521934622740956510706269078256449954657378826444307717987680598474409, 76178526100410405921762847638312497552091344865941978392679255257754388641277
15408175582167698628342866130429182550500300975880021543665145581869838093557, 44947155780248929610094913846319415771302214468366775933018215014346546605133
40310384266592355678599474331990008221745930612698764659913117312122364073693, 25066305636073359837123384279020844738227941672116996146290855175122891442127
25249827803283222499515658614133084600685667492492763671545225480946959220961, 29435555335990887144299593719784775228828471255526715322254251145646578048708
76132219717615202560657053320905316394721833890882085739876894886125254933434, 45591055866626680485070513088521983893209534984678968278133358635028620960316
36546241626370106789286207823182109134129136009686641182256990635368188455441, 73477879762275297864738101311093434291116010513398727596289658469124702675679
61341893715415223938645417684224199398175748228779836968344751385987140843142, 43648664329266746592359697087699355007790957251913205730598832284186451668910
46888501758123103952543518898091970240984551114320341034145214180972299872350, 15139868794903755757311583105404455466912164633260301124926429251803983617442
71807804123528896264944726394496421544708063965311101623653264013805707812931, 16461921245210780748389315834072208371814272612397270700672906700221974390712
29515584417039739210546282019197572973286169234513448013725670690812681327050, 56088170315025243041720125866968848303825359333612142023374007808437974048387
26863966960477241255337603217578263863054340878533632112328717487994867771557, 28283450347183479911480147173556019266550800109377187243518604980079559368652
14890486378899335323851742800257899403507629586921030875066578800504307377965, 19795966821129585703106973785269771465823821578859867598823457029463453124232
26880144922127687487859058507533714986314897281289611109233090073846648692693, 56200984252889387792926947594045461050918991083786279437860530097084186815584
48121536248839750586400214130611887757764919104053023383466198326777063706561, 32383910441032095600423917809486759039839829573805523959439192174761491081262
48986037390739144755343013938042124415672090676595575152553475547609034597472, 7467322434238879685049043904564294742045363448639533404239691444211230808756
24925243161655220159932526041845671312591852278774592682054437239297727507601, 39987450661840938977285240050257880937383505809043931026215494120177937093829
57816509225413660817136970131481091208759073389915053903766356838105961271034, 23778626478693226231237978250766015483821288905646994892040088056448172205112
69771266404095429944601219852002239082996031770215590647452324571541812189405, 48732607648774112365303291556186456382850715395332030162269509919692214469140
69201953175189712458495854793312928981907623901200248775668304518018863160069, 57279151777221351079973150626280353849505070473679021058628119866490147262774
19523496026373022340449591886556043940443182966331308281115403143415503652603, 48879603396118603288438156966488314108640928181571594974759058896349323120502
26065919459827397839292431322300991536613692745513090520795890581863829422789, 27090850763629455062166892706877403023523195976469363577431971232539685374423
9191265367358040359239108304396812547110154477419912611477567813131165121446, 3319449074923439673051599528970099174950145054684370450440522721348090996969
25299973269837151921092550852675160152135885107592202978554756415688927872560, 44687895822588366708428718638218895988941193015152753067775619749507588503269
6291199400234613201549200943807735499127681122467733646282203522684130297294, 28291119908101709804952085946536065071611913143294820848804698854848545822900
16340933741006995711077449589485000728224971976116293986947322830920149222484, 6058088989001060976240465007121898414218212117400785132425870982758012703230
61568544901887159520062295012803289113554385402989003344447605950692789104149, 11980311956384055522638173801586745085370286911086326037049077802169391714174
57937143266191591284759330355253680043104934808206357073541424235412791427473, 64738360618824711761745729518361609264158066837082466642449117639033440233579
31119178411502501996730594923987051563282831230835372992717472083202103556542, 53877757086130173797973225987887456030327148584764418465674987625268364248756
17057690736567873824948222755639693229896166874804501706842771295452733684769, 49782858162393276189502791302182067032310718232280340809502851375188867244055
26170620917086904135337979083854098354342164963477737272953214451389985480126, 28786090654381389840378359359244450157146547860167797468636451845310059657438
52610886645087478199577391384158764446403480757107066440607821187739091972212, 30000686356675840842030532272917466111298966194189056352455813939326915291814
61799223700730631717421851745534629088887632586378915169347311158298701777917, 74941337921513317532112900288891282846020877323286581222461162406395699456917
10877141007365309638911499187106824636013945045272502394260114322551079610143, 53325940060036841552788776498333608854959245600205392279162157170559675211311
29067330576371958204758159121125026589076380227817933626329860417602626242610, 42504648305408111008825593512372107165012064350968875866217646853612018751111
69343160946127955209324709767788359503586097012859268199791419560817403252525, 24859436068567874876205100216268713546605411503560477025899495551881464502193
27658629332955368179790908448135829000412316465037491076622810446488831854817, 69947626388785550283991329327761792683309250157348082101295538484208976326265
25874755775960056077422012088602634388450109396030256095765862843439865731239, 43415290413872971839859235268123256928470911913999465104009399915549966030692
64377445201134153634025164735405015815788710428924060177244860170756150503751, 34082858035345623196638732861373133262067404195086233435608100145264922433674
51058064857399032136312368660581307526024728399874709151950027518302891731924, 57561813300185567956892160537153348937741191260461933649812510420839378100631
58331585531965388276649195312319144785304976809562798151959395159722103547646, 69872175531568729590222323974860749183689776846341976075064810917794965035055
65647816859209743539905897369443441580687998980149461325818562977052123011208, 32782869044798235187636519504371687067312313187189101907461597276132314694424
64355656882999211667683511102430745246546737282217687123352197147416225742505, 1313729268402848049803685959723785054202818162823580723573871148332063705723
23536125752927127208329230394298805541152471840585189325950084940401041098541, 48068814240434123178628856072664378457504435734246859703816346935227072945524
12812663732988325780767714270479561959133610478594816572440695150568403292911, 71692518628654639385400233443783166386378685930944592663804656601138534580644
76266617114434986193673849076133618386279919036302840608876180724315410105240, 21302270071284784693095477081036072283727565247564570342004127677544198518105
11106230397248163180185245918455178640993986632030651979255031392794060966369, 2253510048773839539183857462167063118574009822129056583559033037490254387998
74296288486939349533695062007425732867670075711188464962800228998323026030137, 41853683656806195035132253463190033282512905961923304060652184114871912664851
69189442100923782221824825598730725194003314033216301273255195454321766327220, 9541509299523118271719842802106009942667628947285673412875348409618663328603
74131054698187875178525417871167507995420673936508454289059110150636202453614, 54514338066935852927663283620746310248024628102826136017904692821711756340816
37520450726325262554257244693983688170039608245447642604468140882479461268352, 44665668723902623240645682488301922163129214489526730516462886775835557833387
67055444178310937700005562519260243343390526232964358862276118250219733286663, 11979193402624905172621695972829397975178913293538048873600388209809293933565
1017592594552649551463973055079548717917400730980003992743565509234995080438, 21569400920647565660799394424754285155772281407259596473855467481573371080986
61147613998985403733641570856090903877211645789562353722687375829234621977558, 61650106171747528058484786511441573231648809130874134123165044778733685870967
39521868747220277938359618491095856581341742626401075528577472561597012927207, 34298753011400345233000216589734248531914129339050150539066947268735416052240
10528453399815671979358662188197619998924053598195742988040635903684126394048, 61350956908116245436968053390042867225914995620519546409812824763123005414345
38411061354289094324163000666401596243710493888814320775237474060153141765750, 26129552219160312859330733020318372600957009511758101407234793263106343727988
74772076570585012663001129729082450278215352429786109754480612382615441223900, 62063710422183309077490839378177357964775948434965121321516322963288175650581
63981645875529901859684254512245407116340260289213578719823338372974214285168, 68725079193457531967820626931205070413364395393659886817240324426021343617635
102381208670566504929953977922242555567128678748742583770495341750719920444, 5900662165725989103492743454541265310062979971906515561192701991994518783912
53530121114883429028919152825015859919761727058375112638215435417857860409049, 71203516361008267761768396234836666070677117119771415850783493544630998823927
60681796349594114280582866758118889789893942397968652756067038376823992634536, 74325327755751222800187082286368030217675164962429494511318538808810015592720
62321800815987930806571349345585166145960081709632276973549567135480901123543, 30133168630930689232743438159500069399970531170012592983967856103227325681016
72206113041785023684986920059225364236079449674898593321628060296166098813364, 56394716067506367334764868785636605866446616781660427627331217573410641579487
6531444764136013944432373933089956467781515898539383234670765221794468560504, 66461887226475702552427893418972654497658176608857442322315050715945205280940
75764317305603757707506437609521950646720674971679399046601470061923697632359, 55526041424542534008278547719847203020768537412507910608867038933081143255173
74013923527653519579191927797136401739581864278116271308706406892025471610338, 36219143422244880700445940311364170193089980236877590878549046909492459406590
25700176061871745870323733640648428702299018628270268390753143144164293248905, 11777502310180740442582240627819409018667792418340754726383636791088788304263
22831773713018561007283102862219075515175369548986738425701088483386234474212, 10140156784321838454230020379053838851616155605976719794063769291247564029849
2092228945601585477806088580742270305487163077573444527433225295531133488234, 34828235928614446261843071094749467168174026613087366017780027857265180258592
71414607058004728307252037794691467674576583802405957430025029967218672160413, 22475529315091784487292839041014872918402750583036285903208793162972247761642
74891539063672737555443170541168614589800941697853500286585407350806360976741, 23102624883350884982141051106060586621761076116895104194293296573105337486151
53704390594178072536021109655141316048579554088286084545443447925407735754045, 23697161793549796508265095146358651564435782518656897288606188200584575935911
33683387399730292132777479676196793797577260170035978514701976150102990487781, 8118758039416752414616968662264361801541465171676865456539489146676137505844
67539985472887352410209382214379486316616230622403771827971105434004811195868, 46369480125390703500314139483386926284970338455314868588430206703772455292912
31287559061034110861630259729666165206518550179012331820815083146272490785767, 29596431239624914832710052298048867576167327932241076969710797959589579867914
21562601656464058255399179526110485165466221989894557174661090897389526862670, 14325135936748552927729668308263263196551738906995577784463038108498134614057
2652571486982071888800976756819359484910638824451018181585344456854252921334, 29665907236783676566254307023518446584628467340928153052777296816179589579856
25282278027808410723386262566957054851106732074757994624530281059969905003662, 49406912725519264386301823060754570970316197017712349611095960023959303626948
13594946034395578773539639810036042832135797623703329834387535857932718103417, 41139077657963183743516381677361313783400954710795114273446999348890784418563
35346130084422020366154011574855047488018576007123652991642108934927350860050, 58913318733469144785985142617613488000931244193890215340885147589127929859601
44621532765517098145449706617766441382742151140528099251321196966185049856975, 23904451211310537101793635115183530661564513981663014518913559051489476314989
69998250836172124885276481592351519249892346356458473534308420780746163955629, 52514762016444083964074512749889551181756389836526401356849059538688060489938
8645021992351119317477477022336737421748872795570314549860963797895166478136, 49437644088531592870123317943365678469788116013149660714062051123572525205629
32927416477743287750926008481507681769897654337397584196127791001726802454384, 51963286050685796555522329906817433129705004882632217033313561992680937816686
56225101160413913444287079096706610158011479914255648365462337446004218560346, 57897418628164875500916940252936698210329715371001345841370108518345201262027
53766525234119802776036481706082506041987418494043253707091229581977560579130, 48205411565510140123989061889847851739522356551433991837733143492917783125559
72779190710319754037340922559687343416701096840125383597902728089039773069212, 50283322552621747456473474960960087767297135749185516805872416751312366957033
19291359552824162890778322556242974688210797171037125236816729963088201198565, 48774863258481146538383767711822221558053366410739266488692405548874285970136
27654386337712458325154388822556918063247217984688365775893498887174838763371, 9060644232249076014023269391719664848000080822869631588011230273425055317717
15343415536431828360739131462348685139359343408593180450068135520021018506662, 46157376432566826487241795360270185816267282919099833643762262178575357890202
13201783852631884960692515457102923782187643911562340949541210192736086333881, 937982859551423303661708609169617176038842388167652353442765576260368030090
69297828191941468014324842626588447834959325684743669367351981048569608087325, 71159134936565643078966091817284319679065576193153129807901998599690081369774
53865825069157445202545679079018836144524028802212096651034101721738722370191, 12694968954047673304873828280148522547035249477840047506188292710149797694591
26496438997386679931994174900935014609204014023078812199084455643017109459968, 22963698308315599671907391049063319426084270354785221688622963135480818631594
57373704535426137424223530034633861236216868676421601361808751266876419018665, 48229855282385485030133738198346076082902583785445760549131882351067923969915
59873032397316052279425421571494610149167852709252351350991983475209262345018, 50360205587526472475561639727989206743226329207098608748162023957660437424098
65307937660226958735106570295965425095967780924311947972592599366502646211164, 34122559634319273887545368619063636516536316377235313443816664272035286531087
60852533996293039806086429280930466493249025185028992282929838702415887164856, 61333090982021159292357952923008911244234533031662035035518347341189243343792
74219436682683898885749695688216332785246696355064614041680643817161086960738, 66253188652479430424073072982667540005787593424716317184329089811969124966671
55868156376303372795374806842747466368514045474651350556948705248778148299959, 51726498539943558525794179990698647221517155610259845471939041157934926187447
64460826549798761241559627723838720886278904160831081427047780818430365271024, 43150530174128582727683670280464953883276114737324153278154453422905934023662
257795260734340530296602752908784644929585046450512122729606954610803167512, 5251322553472022230824134387440805663628725340510314847136177448406708898846
13622484581967462762106599802590720509111381093854690131335015194226858265880, 32743914477501472436297014044346624479965731934538017845322347142382846817090
40588668457220559594357102561155269496702350471670183798692640405502299898567, 13905908624589742960337806088485965740269634770592384278971670413576919210018
71153484366081800786990486486446314280090729082837564639295992727534793920083, 21163976256849018052548377189259027370590902249397441073281255006021630413375
42727040078451031383533812277694395520204451527285641369987581051727032561558, 35944740399451034850961941986219427175462588912860998643485892911662880810728
75434233226631675020166186942008161427116698479680285903245773044912616230604, 13214288128324894168579672835396440591717580510111071501642446409981749103653
56168439923218428946520193365941492499122233353065304039571997670906480626632, 57823835230008921213514007783273897106775489275408127332336365164271857181385
33425530181324666767822135016502789652856238631265289825277575777590015875179, 10168715878882240272503695289254097912086714018384252785235144926830197060560
57483466951927484223440186619647459703349275216678453902299267856556551383747, 33588464967354308880614178827521454347906092258414367467021530059063179577734
64633186291794132679247675987470119505635127460401743731960317632142076715723, 35335594750348828199610511807897508653931526400313392152641865349201809851554
9034808483765006442680796182955279570977032589747463935713158044794192668948, 74954833811815107764931162869280489057538283212140731447096758885677876381169
20396186858998811651747147712160735794761451286300771804973509326005383192475, 23584583028608709477156054291219106802107450493989959748899711999809642872069
