Elliptic Curve: brainpoolP256r1
Field Prime: 76884956397045344220809746629001649093037950200943055203735601445031516197751
Base Point: (63243729749562333355292243550312970334778175571054726587095381623627144114786, 38218615093753523893122277964030810387585405539772602581557831887485717997975)
Polynomial Degree: 6
Polynomial Coefficients: [55, 42, 24, 32, 42, 46, 11]
Public Key: (13561651368351977169602704689728458132388119352246066216561985733543003972521, 62395084115827601546065779559804475173966284317367638714121208941587875880809)
2025524983976964718605291472442486454558451579341717352431355092499204281525, 38460491757630252668811390946777020122634005578475484140813426553254630765717
48220381882323192162587170593534947215581611858506194312113067068093069009842, 33195150216846860348114649374221191782305032823556933729393884728375918111442
3847165253359736270406543671517189425171718159347565457915015171681778927514, 15186552100358971358109134555627584558022365008427553529044194683512028320762
58313326497653789202160172961444428256917667333528293537414670913138695163334, 20875945405119676076213290500957812147048702821234308447261661070531707595931
1028793329523707588338555575418237001658582526029171610692445556395318208493, 69176541082769915771551028709874021630353776263862335342418312283533733830580
127021959386172715089519204220470144309450355963317159534043243371881561599, 37812835313659087486907497817619086300989437119588464761606055795316534097498
59995938720095808514387363559698123953366674628461398331652627312826482253765, 53160915381581241725603215485779140815525045368315348726166063012949882428780
66472343979037070838634589535287035175529645297211417549868548944744986972165, 76412038463642161573630186296507689726328516479016559239102909250685744995296
74512342325531979195003986286639624217907717925878083452524826989841320948553, 47854516698938053835728598477959601532430958108479121755046503498618296226123
60886162748341888428645953051883344174793301320503427173231722189079032149234, 17345132446393586035095378592056511560067395124239551928555693348179412142358
39224770111049971796784022121016120110512681007499064539549963218510572105526, 30383141654387739954079181534652628650081058891341433329841544779302429649859
33067366034220267112984962814931832979805317173428150787629539629354937117852, 9170941268101966838395099112715156702548354960388115052061979542354371674804
56871959578778892631808209794330231762604948813735527948985427664430623739585, 64496837700551842541866206987536542856772992298076751253953557130529750591313
13966414999394818199530993693976930942618396914903552466223822639134485235327, 38242866646820518304672091200174370669508256301289703702244156628831196508018
40674835813807778603794333064720445378276086591141411620560430740630047492425, 4763752953498539878544906274305896861677928522444516730942669393897136655259
67089317870791976965398585418938997741733125293218562838490603380705134000899, 6559321195889729415617513028993433454215163973918346685463774245887739615315
34030996558698172876093897516163245280644337797806583586685046337605085152650, 24698674023970240571565102751471759535324046160246404640090546290622298793698
36274891933105529664522881897848147014444100166739371859723210035210647988419, 44540898399476701212471843454897084619746561593606591026748973215068246968593
46970449637103010564611312033368181047502015352604486880713075824306264371828, 41871903513145458402819083499401600627414029898155452592657412840105963383983
4193329991699130345705785482755985562043938484524078012396967455538571484468, 39314785632727408733597079215935183712201673501249836319774345767005378842961
22107420272048514373116338578450439848513652046592556822037419332217168790355, 23995342624239799772621257925889072327783931149450895554515132353827941335625
70361223395066601913496530401880006178994562519415342241607384033074753173193, 67233676582369846804442401562994114885661533443745560269374219138099237320868
29041655305334671450155999391132249328016615495110611399176699419499707065964, 25874412144947435986826213738942903028791561929395355227496299150620109684223
31136366307898221428421693754687017711426754514975214855581300460499929873809, 37413414850617728071251777444883672944548418294135553804683790255494815007745
56983085309963138524208718408704701621776842845332486149617809879317156988879, 60014247911069512380906623928506928412394947295346107584218709782972348508800
60455070071927933322575624645722936356314535897229800799793994255384654185470, 43375866689610563572550173824259647510852427876540239899473669358453673035042
38891433311181807308351281499175806364104912811476591691736197719679870958925, 33136879654652321865815935887661158185342784389877058769288224110489896379997
31562178583511912150595192830274408637835244319993216706653527226427571099558, 8885796342661991850013858303671837110608187290801146163679364443233632095522
39409624273578926868517522376137303336214193657796835628372368378631893938651, 23824207054501686933070397379486187231392936456558195417027691217866303777369
72513216932204627235003802084564494636306188032630920874779099034071568908325, 35794014832028746285629710034880583158435344457074176218139068614821811692675
55014569885703473638694976469431603748004817680053057441823667118173272206237, 54101550636164734831591502914107662148422410365284151311017393373410207831571
39101663940012409674301984518687863012893170543441299393448712043236752265441, 2542661169678026713481626567858026892126413210853475493324269369156821663114
19556369488912402006601057784485567284342743648656387961745077252966285374693, 53518856086404328992082474535109705196898258284557385083291713875943119454176
12899629232668330034953910861039820523384738772778840014919385635648907529389, 15368057205036270298715171969428658331110518769839076251190215459139114899021
35466153415044954329957102183702548829436654417343306804833192765261230563900, 45094937664891809723605178378143271043244775682877950185237438196770751488795
15272895881225490276871175991696688745708870151879014381173445177422481148270, 5184254775167017019796267696007941965502699658059437422764193050424600287345
76696182308386995218564742498562437087387975703453075153880153839736138063259, 60559591862960111227754403269187684714757216924725445298067805389823684711026
49542232906650096848980844210071212602335604758684553287832937452851627591024, 68363638409195506769809421968197402047571169373118539110859043776275955867936
8878523854774236380024587957747223611045053493083969902342489881237874568607, 5441769535194917307714416166876361035502579010091102544037815173256298530063
64471358883192807884851425339421808026193813870971040457862089253393889199250, 21011204377465876238896230778400843811150488925591720592079160523952819425881
73895830683997794299299108931741377140623599003485103462558749290074425031888, 20803926003667690512020649856589091473695089368280998095254369866864529492439
76808225100440425556721776101123023207700043273871823037906811721880172647294, 12788496159670345307231630225336985090714319518746417204586785183389646727933
36897427236045530834043747530088327250907848865510989999593425557342007575422, 7581611542162342826097004171808376678485930901390303958481433827332278682071
58879473567355255247261014337108838140288861124973516149140904728732179508401, 70947170900732080051113874864255253109738620143907966830651322271760030645634
60935541825103275842035397367261618928446113307784132890964124258588444886055, 49060135914202511170596021954352983930405988456095079802696738277135941583768
27190438657350931090040366363543913892063171021170072549410064331995420466103, 50375899132940872223642474196103279284947233873086665383482741522270246388547
15017935584409488403543170480644429291390536432224681987943713390573144382963, 52101933651399073290111487499808034063415203481283108035459454419930973293684
68018902945813788539716330450585839253069133843945725045258570782314246352312, 14068879991232373146129333545829262447996933387702485110902946051725549450414
44126591570450138133245890836120547858917669175815093791853198282474750688992, 56593106100568566759314140537927574900842180465847999624862957172322204789723
59341159707194983990044049794178520682849583479611029452465855337503084319102, 69048833706499415192342184180283105860377815809686415622286354876184178035054
51662151108807455055242952569190422002779373906358844993929753385747591052271, 34859810365031810302688206995231236274175677714512080696246672800919442882621
72101837099858868432632210220223837887989159686386842290442216659493119428327, 14194378479625118629288732950582280101320129302947284182652340151182789048238
46880333205861954706875780606627928378292969304940513970651973944390678900852, 46410827167287302514592955315252234404346487052807432111443399129532097288257
66109274983456039683125061147496823144084159133650344303562543757930260200841, 15205161687083999101424496063535904644691418556191994429635360921622427991202
67657135258683544909803600474950202933554306472085341245693268449889918927268, 74807481972124973562100153419813902437849015025759118063942313308465646309266
25254429693407306167288821056174496677365651452763500240913625861330644132972, 39570725582249328553744566459459648608024217723942436824296008981044613769016
33059509740347255999713968822539699796584176266076138357787797177757920156155, 54690332080730312082448227803983244661449153819211182875257459311268653815246
57273830345441254874556329677606988692832924101851388783917042757415509786486, 12484340101414596038806259991159635575552553170162539038123674666218583145922
13009176424058546906842760265003196401511787136420049547702567502100795685059, 1590889086563439271004377934351222754973190670544104491499100884081009456718
16190407356252638287269227174988868570037380225148427511187699679494792984445, 28137199628436983518583077643199016668346833855175045305045425445241502514863
23383528150402358367900802719006689572789077258311147889982502668624386622376, 64446318169445747841623527874848408169349062846252418762047231090823632290587
20222540044733181100854184236622043020139962725249895826324545262988749854698, 66764001780857875939263236868885758680621012491936969592390728801872578462940
49423202880119841432651180271008542528862257905549597342903218949409941539183, 48012263415950872715130090287499402129940914741323446542741718454220845293101
70915607522710715051760908440937292378696974520323895938415790114255672039251, 53477927965845340725048845875411790787896565442392342614585226626210934250962
16521111665331124558784105165262031171894960112336509037956627000782254266219, 40382612182089385317980088229171978374965489273314461939687279702225328033876
60652918223762647561739080423725406477960730366158508442061522327839294368511, 13495543517523556137690672170064696516234528322620750171429073643389977906016
34062065418004539919133932701543991650098693125685761499742032722745930323108, 40371000423219449921824873882517900483142853953281565048613464026222004876465
43196087897303944208229432834505162775472963243956554376186288624643107665507, 53955423193264564299515941330597856861140293487050929977328625913410417757545
55344879446091700628894854950181124583813292824708215026674074132511505594416, 40611516398468661162464841649715309510116549122403373597966327507610009047459
74753500030165327079417063341728293930756323831236509266508262032563011995919, 62268547210100455490318405861483128175691614846834666100371217679614140557554
39059392026942771375139933454447299874361146209818782392573980927198624556334, 23314422511311190955803893874949756491333928853085185425219063962310858311793
70133598629212973821602601527142793538094273171412143193692919308382592503945, 46105486588004747982713163569411840194599732445066315237539911552510805265996
52872492406330563967123524699542381734160843501059652198249925455834519688011, 16363097054615608335363458458398619273511108208376091757839606155269456072
4018157951732235431368043051978337581275770654543583397293999556992386198496, 44024608746324238572977224251778289628745944011905197826891620101647041016257
61273006942595041929466881727385995105830786806061878275087090491702930811394, 1104168572363132085663301205156625994393254827391788100940821249538944957056
27775922510142918101888739099852899823524684799542076870722456740958029451384, 2954851970736146050436166133980860117159184532809971993971859693196040407687
1998475577680312138173043435952103051923643751225610191668919562553806882631, 63682388501244384828149342569599172497106236965743823454358988007781175059574
29246323766536356205789789403048978278848831504971806719376671979097805043721, 18223026519377737217813788975461273572313879531645154685198613341709645008677
92496269410979797822617645660753733491920479959232623700435085912630001082, 17285529121343874327658821580353534987995445513013150250634370304440573020846
14106619958042142877865322513170115043769089911812651061386952992049612632437, 72290142194457603145814160805808967240357127270871712177382679002557911536281
19735379779163624679745676086170596739300179099911977697905143946506049126539, 49377677656951056194211310643498808051662554095960337993118214517331555563234
58198587621946631546074573205421167447315610277527742325198865561106197379468, 24245452944980475684368270288757578340824329687795220809787550707758376283470
13894374488712358617121814710382367953635185648698338272318984511791559061681, 26084872640389570376471042209410766920772118004204356716633160865777067749797
49782126298957219144982167239801609922574327478479856930587559498177982442678, 58580185684278187930497829536857976957854370165209057539519721136520240188725
74772802296882045040302010921573692608521489231266196442480476556979021094031, 4705403413749269938690096496203763965235874699368756043928366573581214640699
2341847023528204221557995198805726754247691640583725032023438971361478093368, 42428314639822238202427110988716899985985520441710171270666136746956625532833
73473667038665080993328504326205629846200269977438647364548782728085185275104, 11389570430319163758962006695033607555184435944507989763872440070374219531563
46054505627253334118706179197997980283660924663901460226273405286418333170519, 74222372186100576777526711411692941933179718979517089404630360468861399439946
67964741152623261051698772615283390699291500162305544474506494861441619183685, 24634726973915441242798952167031662406904662913147829720975349975408869543967
40983398188874647640327901642721802401871347205058415710870691488587700435338, 4219683028318029770984038541691951627584034136876220505502656032817284829014
69098251861766954675115617241152466339549335328695397666976144070931156871845, 23311201972836999916582820450527726588117517654791623070260270193897809206700
22677509405569152339462397612042541940282316080084357827374073233568500204205, 69400598490674492727710727326877627250241795242073857952108472549105067303564
18339502641842710430656126695219054698497066966821828846677283959258582065864, 30596992224965019302658488014420619237942357045645972086479481534497321275833
32090534015148662823266495263643120857359389513102672027417780230039729160223, 10566103338991923846519671430495508433564000244834100369295478906795340373306
73945477313669398972587629263647499532112932642777146155828342251665261597718, 11505452669732013030239129350671781104829680833703263433291706825776392061095
34861085446667452844341844974522581829217323827728266877899362674421654807633, 51878557577524765701665878225195284770882756921316820578759628773048908533978
47515206860215448039465358247222448645857587290552397541493638055348988335525, 53217367761936575150381705620011516903092169576008039481280333757810156650200
40793494023268019082387836055749466481021402992445982879928086551714623089178, 6552681073356081764138490981442986403527464881539786073426836236044186610255
32158742191941781910267109601311065689928770361640495157529972638888594983197, 14695912727576091212634603141553458923367186547525827465680895086491944656461
11608450657689375676730469177961882489425133663838514836445524715988111405903, 44897029290244277568092393388982167143369725483977346301716015321663386749744
37545296326669560112215352059651674644747222480405571759844040400290092580458, 51828471194076877324260174522406956661333402260042770232501997887206534473936
35068324591649143157408863137174319315589643305606248661912285132333618077798, 46854014868338163407872150611824451338909288327133486168565453377832883718031
61783376795125125692840431594300066771963208974608555811984967974174107933093, 73996963349474483244337448340998469857711505068147690834645751046253161441230
72425309255458919772356040823185186048613536194486267743552375563436366684112, 23987196504267102811708138303359884600969980952982952118385224000385707449940
10748033175519798646556330692742096500655304880348922381246302894445501218015, 49080231571301791132369215397067555580185377228529665787044730596799579295281
44955169318696299962370355906967816518400602455851600542285540834514693782705, 48472233401047404696121692292470532415543674238302230402201524886858804117099
15537517446738783754484357563057644375164069909531442741467451952024275672727, 9669911154983548265926240265519315642120208233920674847542045475314113069494
4052806178590668457226317810455463946685422712608456810740246938970672716919, 47297453408566402644076263804711377697594602917766564896566780093654255652045
6838950845908939040521873165170989000387114716732017892120652229080339295887, 73513968127511669975091828132172711451455817047741041719029152783232023123158
34988563558382541075061714082448112853491535478597933981582964135659461429631, 62027275132063159040401399728168257590354349137827814672380784399326935809257
10099996885815114095283484944173085203262248730658773235078780730362707907641, 13430090088091364222336252583578893426884656969815042293959421188949420383172
15558017333203265571926618049209259085850000627750576584287883225249427268156, 6880515619545832750395936714587156072023247701097983157801042424469845780923
21564262451766169846286631721281235033599466059218741656826802383572595936976, 37193004666906477261172834569031779069331518040517717299520765688096751160248
19893008413997058510282448052717215802890546156357724350767716383870381870801, 7782014762272644247873682930276220553619722469907641133067793270897358182114
22699073993140556290177073945201848832501736787352798420839929907751566685116, 52600535549927280839438594665117004874476929876342451192269057202839078228400
31614434793824995696463442900532919832252278995917225189267064252984051825721, 39303083101912536297158434264363357987034691461467966487936535825340274621188
51420982929140934550375418156153891083555329245163955040366432526137652200905, 13364670227335716969335865717666248086092149993660303373989299723679064415671
37819534480272652651861770188360513576724789261591748262954219031411558930219, 53903140163921067346055995649080082216021193373431530272174262529997330355538
41020164663124788503237278890710114423288033118393192523516604749341938755307, 41037332086412949799115058223601933728897521963456542281353693633342063332245
56178330279860421126178423745644052656775919229807317319783780501001392734025, 35580793475741716465596727420561620105563597872618913783885091956723741088462
70943892028219402798920413463228762929546754556215751070784487800162795556444, 64274773610537917670429704249772971747491242065678714467326134590105827181813
52986504801933284393394234374774991397752770256031431386186217867185623184592, 12136370415680505349141171433632749025880659745253110783843211148989594609324
63411038686723242602731976612238500823218008544961090136726471001437211052113, 76499394269927841267098287349899882023612866597282042362148877338302952175610
25453317272792295380285082681983241476395899240314107219478531742027310123443, 64440500637285302290112967487736634410639146983589254681131604794406976226254
24862179584600450299338652435294066937478598992823509923995121333589866807249, 59491873694923405377551048837565095676370778631136854265315576292287252972473
13309620644092443271651442817382196997661421674884820153417211480081109447197, 53164124355231468449204488511274317180257775939672590758080164074560497175818
7263841149867684563956801814486897132624071528137524726032295679851387944184, 23705581695876352202519629840410807831274637488660338121929033236713793914034
12501990303998428094164428204350232197576803635654938645385142183730651587787, 21634055081522833040599502054756679056928890407327272918470362725744805437770
8144937544151128554652016229483016103693753944805490275472695883379151371547, 46885777785517307479847344004989174352620920136332243386036364104779697432004
10367757020139009195663541985557585091740847188097035953057932405301507015452, 62105660014931423996593491634564069083790482107930650511925111394306202340940
5349845858792923358788772628928026535506162356922427470205093910253851202936, 39065755382963694192670360311900082025506212637273872837056536614183656984843
69917731406599702701922842374674358718341915455131575664089890661726801400986, 60181165540829276018142673693022608364287713912880616274933542612866370817424
56063805336649517612256048907869237065168103777429287514155510103671945123585, 61389110847332842717340749073162173506358822059834175178061575724331120461267
3825379248117203706159110643048015962480087311261951672929870625252605123457, 22190551135191470901029788037585927607257762196908410949181846505887990318161
75142171127449544768546891200853348686875486000213962738296010314923200134867, 13034536040592792284331402258303590760659799480999087659378502805693365685750
11553304672078572940141740062753674950856476555131335630855058474469423624579, 42710644644484773370480296854917221056939633729192145415401803118025669178978
21134050907717739404405933287484259355017973308593263892258812385032448346414, 32796587410601042623674312499953617549923665644217982307415296870870899507504
32514757461789923382817511351116162130643880704143705991621715288620928437126, 20161011195020101168058329734374700029366461505371567594695330995799727635237
60005808289530399793500861164669811518668446429845438667623041235335782969660, 28399009958902690214698192802285369413457274851407976225905770229080787367127
51581460341331908751813993407635156470755650694958126209630453305310523919923, 76415772177819396766621127917331483346954180412276808762650397455470729827194
3546242725340105473282931533080595230116222614167309399211451873624805647927, 33507781737595752818033391930999301133024122307715261518111175500264473486302
71580486146490211848342922110659837533209451377424952082382203639543653922842, 62561311977094633282096367724409967274039429302996998502092232694035282064040
13980907736636370031438026152683155776206919842685148798828553078596102778006, 15055968017031076687861674623313351773027454126992262210220573168422499223861
50227492986084418258648400559657229762709645216247808313305519766253085265764, 64261024356582764687195465265363970632528414678178080558663564504514317633093
39978156734493601115144622405278436247536715596259362239466116467150623685206, 1163978697470389103060654499781409118603940935447842245611812984366770926884
40001389643647131406032380298574587644970362352407380207053316692904143247405, 15155762832442662971377373437402901499486960156761017829773948350040559970971
56829647509594002844894197084212947562078208700586161007676848601714557251615, 33681038045686364975375141487637818896401485175315454730617729221446266068470
30720870381022585990351852914807082850575873774889962878790096680208602881492, 28812646467954259621610329927355517172505588887669324497420998787889718033626
69176170496742631936228002122417331716513193364778545944460869134078626946252, 30314570225525486207525953857240113289273238282371985049954377300244327920370
63390363609379929427437707496998598149012536766507488809923954220572192638468, 15249177838102274957235171314677449522567184728863183641146297787542842937938
42369392797273101682900168053967390108967014315878796547345816008612032243936, 43444053939522439435847121628632767939416665287688042542994774216039462259454
48347173794174513597268238222138450004848622660935606338762461776140846066119, 49364139928347479577876761021600660372693986661048807611887231107156049313597
30757206305285243770098902725590838420387018561565838024473440832847584504438, 50824697791096376450685793500890706863870670059038991352250073380812232114551
68859731715420160385105115490200184219639474370072523981660787076691066563925, 61953106256665798855876647332294314161661730388929684564319449028326319150579
24356755595999987770929365479307260146822289274701924437134890630736235273770, 53638831939951645271466547833719898337719420537763181307494795598067786757357
9891512650246277386537927567630986441126883488321132420480025205272462915558, 66259934925306073271661017919763757929694930488466069882028908067121792363031
37864239065754610940019712787371843691278736339354032500720134089896894715417, 20000853746509122911169322896179457518459210773414632837638301139747650694370
31608486211828159669174312609489782454618633222308657345671023238663149157866, 55714094726765881994106285707801505197689328802477925525851441002598331666354
54696740273808262690065976431280739327685150685988885389158854403996473598718, 20316879545325713632137464832320204360488525217760223095302502720985393978582
75641184071787857131837847435132055486884378772386400603339887542702559322255, 61586031442530000626355584665938451642351363806051210034690915164679475322698
75530128426901717253633351593000541996218890775747370815051873448570355083846, 53768230991307870188194999312733649946267218132418893363934207570803265002451
14457824628806207682334598960891812867131383113437913311210859866575798855202, 71582301114207397638825563999277002191744235782680586900220545655172341490281
1329752275203057511825175372820464487048288210766317778573633988402953673095, 259199215209459366144038557110758075210920893910160866609196561109660895211
52886640119015342357652328098267828260656985682651067176582683244932407136876, 35705180910723749909415351983777482444687379019596860633262193532673398148126
59022491796200887712700466568990159214981595233390634802534434554343602288312, 63510375963694362565442467775857667995497364984296991863511358501421687320727
74902753205163935500022154263075756688531189357332419305046589869747414444787, 46291412604174325973905242710681975129117496016382316778794586173371207278636
33504561645090896587256314430120661843459625454042960461610359274757012983430, 46484217939825594422081972340216311424851789162289933549246274329682098198263
69167376448933791649558017636027970607638838515239301897574624602827217989231, 27908014758564610582307421527845415711399345447422523411683528442761387653188
53075215712497456277471478726525503236309602071339447320192866944333069371580, 54101453315483972118044803775378339749094585021678828396943363453574653120090
9580231315866197168904212760672886648505366747014670836590755060335194398513, 52761060951735258613526827230084575640515210572536080573908405119281658939606
73765463376456626878589165077323791951856006286180652798341276174800273765307, 47172863944500977741899314794872325956977188135501050792246241409403436593011
48276789178819443199435954037122648960372427431487823720541607608441064449337, 1681902225762942198900130369945069927314805307315097104371876990034821675537
6368687331451730875401726366754586273557989231012878976621436020256060641462, 14417500456689614297393651032509182818629876958444927096024290576742041161096
27250600935411580080663695498014343990761992804885716441317497621280137947291, 55239755741935198647423900143143666059452738239302884891318755756946969151685
19313273502914857051058811912791133203543506433485406362041402344754342011429, 14562947032317254338158276270160673176899877568704676991662807609808948713873
10747483686200075506006444708407103399636988581254342268480705156297405137173, 26194832971379806044073859057754191765998553947191605106439282982607288691169
41178440527939218441819832499185822324645384174917686889399338472422864957390, 5571877333912699332838232333699845272761589669186206895251613344255155120841
62583313192810574129736354157282231000463148928744044153497531265128774179194, 22713820828646078577849899880007815675997577510269967377422897494730538935948
38863763877231124112012608365073808081027041528911699874010419765589455185828, 25194604091737697127762780453998430673831250069235405737275654982943433354839
9210647005362118291012331117694365465763304462823880590427273327185136174915, 31475340051031600282279964036006401022163058437717524337013132500402394124150
38326646174634757105620137690267688415909772600534230112138072964218960206469, 55316242200850123580628254952960784252159666490916172635093830268624209739792
46488550427123701230154832809471276025839696717550379667501389388575931997599, 66726786783528876492388121048151550424973832824718749680995506242585912890756
38598216539093353603493883220012414581755737971066205447814587316025587616718, 9499187882180918665519862142315172183542722291903850333110015532465308212279
24549041363505217065136152643883814884911775633882012345160949702807955614445, 54036955186770194915405952970488950946247072939865246180260998746712348724539
66879607533967468724366107370102167317392063276720831782440910044968057355025, 61293605179672555668083640146336034831970618891232271186554279916992804909957
29376745073950155231096354581508531164504891020550049365694440761837103460693, 54312875886718824258719234223705776645160791820412156737594388308786639347529
7547968501632993376028778881484086151873162447694300586862364830790301566736, 76289981191982034073452077919735655475922913270043827615992235351480804946979
60011728805172151536003357159508339887466018616394884277400798238167775516396, 50467683710168852929675209492348303198254408011505640532993677902514518157988
19772257223862863009132356457392356166640175347943140251445946557341549643585, 1309512280022592422785993043584953658219122065867783439686912803475766022103
31927551579285085799718216453824375292991664839885787539026325415125757747608, 39752040758690258927763112203096631083157119560791479008445095401991774780916
13592904578157885854124720894511740813134010280158068771834791010328580897834, 2824660095925344417044074977316457888642577729692513233133964448949771677664
42084102863226296716761146043700690539022422927479009713022741913797509737143, 46489239762663177794840221133829008381055938715964868733006299458238057361853
40097560408694412877200902634849947665227168298213167513414076036383396686969, 33196350517113533658829633595960560354559736796936445568522460947088726123387
20289546419882636891845307261086088974197083797260736312561778152938810738136, 72464171907951210576957308253906854346671258772830310118349149184404125093602
62398883997665072480989253261185684683749090230323763648165154341457641748358, 8928314499470474429338529117433619044448026527284917721206260931559199161344
67940010974304882296308045565713355702996065250118160245576512968120194179895, 23596836878101669268838199946631174409854373478132909127338371087715843601098
75763864362046621821550742939728525790590372286208714034111028728716391281765, 27832381112570454987041836458925982238353274518165739874089321825411396870887
63950334094605025262024382836624493144723595418530380204528320354597811177430, 47745939368078135639448120321762131582871053421400970514197233725174940244867
24147074852270911039040067623506586395642725028739614509234159531831223916142, 1406185458890656562228752968043805659347715538440525809561382759640379551700
31618571788905439976809399086696067446589817382050005302614006558551052007620, 20712916687131758134625625812422456713645480894458112317721373988619110164403
10514713643785977870215903418380382908038311140637786566343588539627062496298, 61030795690362257990367490105961908490366314006303786824636931121675393516128
23140624485223346126260664699687930997327642515522933616147682357371734377522, 27068501217887382794481665612083707753660024196991613708406085936330148020512
72587638507085843447022395425312769054182020249742382582475167034022412171332, 66425430109748031842525951759349846195020365535024120012332193351283873436404
11716719621377118759996103009592008049673988274469440106995798289652955597852, 21020088030405347223182152702889478925872418488961359881324512295428442174041
19815892943802392411397263873959955800163087844437779136891080119573691378882, 32632428102442769585055560498648135038579212974068933335444023730439249195435
64336864206594682334221624751543967312891499511761773376072712681547227119700, 2557325642780636124484748250805421985278819600808886932911748456358670292151
73644094635369154885129918538694030448260323295925823072773609108038856820235, 22974299996232444071961374449739782865294034869986943706732755341603970842330
59068232141534644274257225693329420081370610423028179769004573482525554735103, 35257250979169372672131394537081655842721691517609162552392128899238696451821
18619497502403460948961512148409537165104884310308543041076614946176927036855, 51811930703368227371478114417095016962455374698323948046968491094866529025423
7402208167268031735253146530013795103862131817100344686713099081249278517514, 67926192458535809514890058043674487971528605561565085900289603069952583441136
35953102809231467703102033323488444797063775027195165389877469064550505560528, 10087231965974959806336636982696060341925446783002543068436803221707530713936
70947751584432285549427915631500979314148357673228576245652424730516326218902, 56923912988385001711599126204978506004058557458901700894460455839702244101951
6199836928647692085458065673697637413257613740340304339545045316479366652042, 8000788263710731103952867266385228948115918470168388502535344039315833097201
18875791537708418302569050076314715135775871967142247701487949916057130363842, 60397074990346467982169315720369312803037283897262852377439716432067943044969
33835833737210146798349460690845122608888287604478998091726339339405170776767, 29887435777815824699804198094824216175574362962285605846300870296966826589442
73598004827084964475028041759382659613419741086965635680455761371216229490124, 71903545288401609982522066126611704565846082588975552659099286875703745740992
12762839986002660871428018908573486206008580211745841007595312218682413478289, 74176377248535036135325260424082379504213334180465198711239526019867192530505
69935429923202087787029080254284475545268511008384522585850731386709444425678, 17251963379823424313315748674428682037996156164579687623024426172679792243345
74846134543099802302779936743448216808493976683569570149606306507529307582930, 59422374404315836181530181863101547959596760005323496768915378653625114333294
48989253316232564170151077101954079082748750608982941083587594534691432331416, 58625881267070620219629325654696546900126119255931180505876473095082865830215
56937494141321392525023037783728427449560475011659830517667936855764343495184, 58394900081121307627563260919212505847771069934569419137663307544642245894824
34828662881193909634058416798200364739005340773388943784782201207261140115397, 7593298783990422405094575197441018951561678541210743956812171522860907088569
50415141831679056780126505274462928046174984581454086239698197926303808129926, 67741922251786255323194604966713323717286511957224168413977103694913240675774
42947243830809779881053299246152643344464053006935555576680902657615657351686, 70559083675932916786702725958672016850461008745787582199289479046594976747449
45060288785906463285914228467817406420526988761251154731405459313448948298104, 68531481588012835624075792764363131892679681884692871900986955999985499649068
39776681185320148866091986357427948372657656467170392824201442983458844893230, 48069119047338332903365063287801308851615133615053868042508824267586401558725
11430137357167771012414535385690801034209961953259463024191962949649903055410, 45473285423831206264040344707386984905793136382440110173956986068668113920020
31846912905931487166050005384797503589195606550775659106432188844672879736914, 76120669777007958726878251877970411597578408845310522765893877728830085397361
7876812108655172722487966562354985638044440912742916458814273167497143876158, 27336532798061980387141308677017057482902647442207066580869721203930514500493
48687965777448252648350294715730541283713024150870868328748292664716267658712, 22366672893422475994406392534883284062082851835608156975805566041457640309628
15527745962682933491189082876663710803221642157839989195633396301459222887165, 28118337850567766212885627220473158190433949360047192770438585527623224948814
48599775827300282078156179353645000189351917075207599486464694461474133456074, 49276319549551376750618698938447637851675916773830057125833898366004209610934
18636279777625771258857791891109861445472497437332700405644717949252386990260, 58585764370592978933199492232128953149744175746835129005445970462370079163458
6848447287728961100611673612769321326956493408176341207636102761067527041478, 52355144508163656607055172464521658704978645129490502283891529295724431400832
19665013363362841534533135593674678474217334234872801996131145332957150105829, 19355960003217569259664338611861071206857034369124871432730551732915750707665
31189140391090166900396437087048084853415603835425959641853851442724421401148, 1221583073615305928133841148380675284501414735066536149842791813681865618777
49246384207335125164864418864915385396077990990232115819715465399434074608713, 9539154472121287425131593723809494098552304450594528739774784060133699895149
38192822219261614106891009060948042787408707080796187181136241109058112305737, 20904765442904961566216939754969949085018551717813458293548498320358187778542
61518110507014821819472470965480969163184224560467101726813796139726015359026, 51959180601254770740268757857486165268917660105231979668509314681666499509847
69409152270741771532418523441013619363725416865274366622153347580163162617025, 76237036890694921546624993298569220302084653752252527509125892564376304930107
43752164727028908411403194756288600130360709401126133017324620000413630470787, 75963681868035499489268526177972255053298819232353330289371615398088808606167
2648859779630085934918983645404511028026986915062963042768541869756515390762, 4468607392794357064237253931918629995094922890363229949178366441921170671655
24699516408631668476013286166519361509328654574755475696452015029114717379286, 46214133354701642759413675084951813550734711252252586335350563608151780630180
62807795094162580073215820504206587602338153823968528800369266049298280661447, 74944657218588944111550700516710054619131383352467642133731425919122600222882
815523185060445005477569836814814950373601474470699535878518171728801238592, 37588387479138449037440135241739116056051466523241512150075454935066344299820
12479551131076417415676863462013925653251920335577834800079717454579346917648, 38134793488288154817656609647826605485206913399935543183029021344066576337933
63329910616666678417620647671097593621027162487568729382685036469134780617265, 13416000673888822554269507344795402976314916126279117152017102358455948192227
61867324971929448253781857884459223908631809466412630112844783213790868619469, 45650393843774711353858107717856171711750610037627374001526445807089665284944
47782693571264185616391240545962004334827239666023487506915263033265906897613, 57423485637667751900423110359541477467486297356257393863414587512221387938560
75851298862854779537359853187285196510046525665923352301145824436469995886372, 45593717432387413123934572409707803090765156618300212734852225725492613066010
51116315520727020817154024390694694652636223671173692509816903925750485738946, 7942306216687306910447281174499119552536549332479957796929127646866804440774
42386140164282736354222935160555714189399986465543065207435063819331171534114, 30460784729323664130925916481863953514115303940084388663226764807981438676501
6079412876833960445664012984179108320356171282139647287585862036743244617897, 13014567089645774507970160800528904436723260919717313165127561559393451456916
25216951355539622109202145646744755207167600596742422117171655924435282778134, 54952526275185183262360490113732792585098943645689251775436821544143960826037
27407403104321915931834890354902947336245064383353519902359002182556806988185, 36070605650341508989249141576177287339032334284073471427160305726102545296036
19594603538569942127004608719279727806824519019374084846701275128574350890498, 25686880995334858446059761970596864422938302473022383267449059310175251979315
9464750545323575970000021031638410540653040747620484502877400449645391723844, 60869663362050872862814195994386585351038534357544958256900460950603765628522
6581071626254910787409728819046501450994363779233279020345381902450555609926, 19359251176367410975497028170183788905691724553072328575005730113847931389719
5832626634421027735695260461450466336481159472794687609924762162522865402491, 43313033580331415221063640244479771194251433156089846120576427373681603592424
61383593591639396121068331372735661449731418455501661588587367552292345035324, 66200275226284951157148739936182620512649181775534012863981262503090449137671
1379953535214368928292340031019734320864913805247616260022650350454584016411, 373359915686984762084421127266260108235603499366322579533424008981587212769
64385169739708020621668873010889062162752413298729945979388783574709440598372, 52966322342615827582891913601155075764935573570017335135781997901172086270522
39737491441137359360967114600441969431291774345722008160577151025076519976335, 33966617024560493906771449451115554573169769792956383076061449578701455940169
14367785819916738115857102513961929360605165646414884448190418329883309727839, 29270228173704646054095823930147302801192857658243793284511696247437783048913
65098028851354717043885774320116030638451451711812547674655935318265554877195, 43678075222714071405695814465549151532611877378017612077321403514799390816577
41709236974218616692682358600888278798041885083849414864919083446769748613153, 42941206997707886425666702010913426361989849987331810076659846954005124082472
12259792431788858242980290792594037328860420807092360914607403675764675061320, 46434427523254419531642224376577940657527947130372617529701208560173274364989
9480381259389915088031900186388099846831123180744685224407146818830717072378, 33081036492266810342111342647060803364971966222946635396654093778174648109455
9928672955324983304768597738783856064994821685841848329390674047129383190914, 25821239735803652489904072345411942641237754854946485218383229646881385669042
66569442421199866877395160094639409115370688148656518278574287102639792380045, 53183389637277352795771546476016425722893442281659077307918372607930729174066
6686082131405262749285255059821243712882841095479087148476408591949508277197, 47291669880438650201377869618208944552680684136343316945900493561860184463381
29157323529177061581957923659438097826234864047415790902520756636436909851829, 41091252551139800333995266437897430475330958061327662376792686799711713231412
62144731865425177159470255253208848597866568539690660171151301368646362789334, 60396428591154004998851520168503217489828355428103486772745674257215366132550
65459255184413266349600182734827507794977490993554967774425984819586668853196, 21445494256004547536461062404897960290372191540837499924729575304476773170320
64409575411690451289247538737145974796740993315663257577263146218031708353319, 12822444299071708177630931756870097623005525676656708463445161111348727195940
46748400986789435676136984569359810585980153996950992759043178226999880857061, 54676747976662721453685994971903727248200364382224364957697040497918977169434
37408025152389346078985295289196984277258182824241211957346512867907230053974, 44694057403700960932200688144039173444359378661175866422027581178808768637320
71645157778260886788076059356008633625853645976640546012090631747356623334305, 31622443766334245409783732431736681363514415635203424787739167652755720253445
27762591659723450479950769708364693680723380864854422420652951641943993346690, 17931439465760880413643349980317839293754553782297221712668012647510313104695
3242359354102825754814761019584063975185205385183110304221187452545446517938, 23006555763055538988452866317360896955604669874921215090269470063110103796994
14026637433644121992314019978393757540746182153901165692554117573771479591160, 34907193286870336417642256330587317459495563467565086965596010953361568436921
64592905637018940408351075921495255120986166609498916731163694563063626035662, 42749828969072080043797938370429170597079767978121477987039095024771107639221
58961288063380358545704973738896326180717239416897606838330778979174146352899, 76744142555755222120659339260959109036032750249087170593058728766497233799095
32283219680819699780232964716462070937716218203275010046377458349692109809745, 25962681544986934727355562237595004931896566083297236103399768861955617227983
48541328663057681275474341200585033401962464909639957687959134480906977065266, 39785781310962042207246523998060798687218215644504035432293320083904991330437
68119322156116706576962655335366784428641144022165905502908407258331129184251, 56108722895251351030965113396225832308984496216368024425511994391489245548973
51444281250713541366515745727429631716300085902188957621212904421908022956062, 55868291462072665505038144679646969567980634374013050928719169192300018182648
20254101402028529836422688984884466100404288474938914690333299419575041648216, 9841459586074266407020309227310814925298747557770874933045282154843730753423
52055767092174408577401720495323424346544124724718208785602001823376860823158, 41431799161814118884082406592895900402695908668238531199004373306318827921935
62215382644663177112878566690321010678462486186108999564368349214262096362306, 28272539675370004539088100064179138289109901993763912656006831124011448224381
40130232117837094969591972810441408476815928526429726427704092922497651951016, 28817628878955526235080637326611521642779587474470796246144372212419635577120
37986990507307971968933746075116784280163561104953905627346465195843977587554, 67838731867571811117269662366746357417753665190811238438481480625583226443824
22879895979093989831690717893639866454738094968114063062510419099420193795373, 33973648857372789235045558402054291385028637340096285784249755903700056493738
59267844818291101485661956380582104634343594855871664705670258671605715424498, 37910463313892322916982260294080827567033377555507870242649804733623584190890
17626942784620620830736818768664646787417346261899404812975489805719398230518, 63755949952692322029885603030851901869218756679030649678878528531878208834086
53100814722421338338465332325086984073359669314976629702555755804142501704237, 56439569908619372056998140915506486030215988433895913962659085442892856798408
63914148356927350297181006820379748869331952823792206801804382257129084206702, 21730159654974326803393430891929067475840204991503859582244267783238274547284
12553191624585259600079794850968797781911812174164131751707341834497603594505, 15719527689431456616427732896795871512807669136605738891397308624727483032142
9134652275621924325709071911020047519274187268509217748997427128337552770057, 74934963280221806315944407176523095997490930656476471840525313829566767364647
16842328021521184434325889034271652324417690902601036102616144749631238552669, 3843521779616670156788446300480573135649247107397855547747122950345817279036
61346546991256473266076439970985434575842985277281487052438688035331555036930, 53073467397991722111968600035916521538493274524968614183136530688461272241177
20089970163183964292788938534002103722153522609853763596241743444277027707013, 44021025145275654166601878488328348568519321801277793761986149148482195505729
60169727096514205362199364733393862770754034406837284635492546204410003075537, 22013853935864320994097093086595308366867414226287383461266704671468612339981
12003573802986488795605744902628629355693951693380922999415648325288120200324, 65245410719432764328519029083991414678267797836387035254040217394842632481785
11629210856123977561417864814129393684511274333649414061585391261677915018554, 4831068225872953419685926643824459370635050045124343957426756271445221037942
72962783174734660931096162354887894038666620300696068186941878167692559996617, 76270996296810669976165241451673108510994176947020827599063601876093972445038
51536341859331581238326737280853275997044857326494122014246466278592733117957, 54502090460342695862247175213891860824634501601189051660763231717655541403657
26106039533056618390884989309260078499561574474735285358815526979296823829993, 22274042931427945851698172761324967093949372208558044335161186676388922224567
19403307789904422748170412519580621813441457661713437452035365662310175828164, 22434850156622612670492778846953032825936316381439724470551134492648353605010
73873490668732639735507262188577685992475911256818559902392927625675997882646, 3002414666379900104182637756583599455573945926466809029757591696452620871524
53222069474932504618217327978198691830825467510506253527202735142478368908073, 46047870023770013585213615555192105074195044828980161439083485072500788213794
61461096779480183224593688099222136659158533393608844276819450626880084632311, 271572268756340175978517259174481316260642094923807911510036385098644704396
12216802424918867727138087102716051227145454256609733436769111071103782745990, 69574135130044939220888662156995019353547694171580695246883347637977318096327
11637629418941575958227628259439696289397017374421237344670694129001381567946, 44551850502659110129130420308536905464359213855979146143204825611818141288457
21188613265522715896914489483304495459377119590509542099332268586415353356550, 5529165116610251666757901074634625396544517526823188994005921000428007721070
63826129034158590385639917709455871497324752981917473112188474741582708071329, 19861896450011585111937001584736534359386914350630620141652786662049666792066
34789401354050138857848552520760866405408462006773239171358591832714588436908, 35043573261500943648763667156024452485442317910255383055251854380279867454282
31332569353015080644805240167976327746126759166883075372774286224412108358028, 10334376415468510469936613205632983379260690302832341352141234810273060289893
53253921897146523278447301089749368209592747441159722272928116948783951298644, 17392749844256641474264480402410179013215782364245230488839806143059307268261
73840427025703230140912817879715669843141933066870913431468697268354062590834, 46078901130444117179520692099551290685683714310209962284112014979147629129633
61119447313775328406558250729252213942230273061401404237769971258346446782108, 62127134482424552899707615794626642453863092999887034977913580476918562727402
26687814522160945857387225108660230817530379332048379592536100582562364926418, 41846887200082992840026587242083321295015114494504673602179608911185010627362
32592387656286815518837343053626834132965807465443616230530507855756688509677, 68198922507482431890458686919896628663213642477552646949979379962899992934836
1882895025761864270918202238375514907826514181302423969893676500397498402069, 10805088308481555278117140441825571381214603224732426481803844456521965529039
69914879210660256712708904481127254627740411318942057861669041148067414307242, 36640696684772990068207562640133581819667965462776191401114915817372233362439
30385617037024668502742200120987886816035494080335815193923112890467350941481, 51207757322760261106301727078476137153956199382396570172279903153524876769815
24643495352145119632183248041385967488919269053545619647372781423164027440975, 54980521306921824643883412695924206691786137099456080180731794943280929465564
51778485299213207642063144525613781352005727099745779515988862241945922062490, 18437167012971240432813884466377791852066629631624209729528883389273037033671
6823503070787188370693171041007338199951734553170014796866400618529672229932, 12713445011274452160577119136768243612177394303671185074823208941054615207796
59575969558511461849954762597954016506386424397098972069538288315078728760018, 72276275457497794955430256863776764228754120382557498441840651422833021096654
42534055286775723753730357374603285327662445570248839461507469998480571907989, 19016859950283080425459935358413391041130347414159519608001892403192127721797
68515135135399745819614463273208903250691072407670082212597145366456659118919, 10076814736464853427092443887434277119693483049294681248782770950259949558420
53806844460654466570741462780296364864173657273324846310909974904911006356108, 38612978755502510480547213777963346181928252340018611561286160909788262245315
72801942183690714793710133733472416187537442641320727320045205624020237880227, 60379232490772640768375056212342665996680199751822595280358995239337858011022
14100176482803233925503881944655520276819083804564408226438424879729810585277, 54636444955330921525882022541224841573862822554611010589930221379140566075271
76509381244420121461097641961129319697794109590897478208979260005080666805915, 32946854787536934066384896225545521392064270151128585741479276735116075889482
56240842751090540050179730612038868686659498298843647092546328932269540929063, 33816755346477725466956467329562086104016272077537888698427846395106857653559
52681107679121642661154591393266356681728618709523156714915252914568689965129, 13666870473627131261205741468163639653013657910832875510915626251895726799365
35789499439009962960321094091934749218422192850458371729983716471377401113538, 23792938025160761122729111857703260428625015182863910333004527688862303607978
26461332787081099485047562814014998246144554765318547114606339000082206507757, 49949034625078160007599680482486772173174047174186331908020313972022290864958
67310146530680723226417689776280368632658809032932839817874096883090136482500, 7934592158279443002641795006485691303335800300760359231341758528301760519181
9279247486927991415232441265395608152734939911586617815158656085090295411480, 47631713444673477802582281338264732926179681727092967191711481141595640857539
64950725818149467153571527542925406925154570110319261262743879713785352347426, 35225002077781015674412496302766130242281710709932211159320138885786148449349
68370082688471788577520231387342974914993261509003774060628539390064430978500, 48563029174675087413165120675120770310769419875234273679529723131247239419907
45918801196309796170817777366135154983395688036101107041206538005114343179788, 59178714679929205039158771916815586615294576391947261313693282341781705357430
24035191732539668546224995211036005827522277870232258726338586144814373290760, 74383986089532929666475843822912721799341928289935946305202504147795454182433
14289231063969628588002480381122134745856487599415932114746126311901330394326, 41366605355128206118082613662262036710829452177898664420781547385835737512084
34600607379652543408472207008494313903805227545312839367429984468630296502990, 72801622382369609721254876810766476663966752783269750008819081526801786843149
60043054911396478886910254215963252896549859657363447329054204605309817405485, 27799825027834952546203526319738528303679924592854721487392830217811830479046
8214241732681247917928949922935263804702000132555098375073459092142107798929, 72046777746265827764224998106484884847820508578181733554089807669367283035776
47520374794610813538783190827183820381207794852607362799350663927204255297077, 29079581435600315685419606073879264001922045450857660292536006203236251579222
56646158835522979131868839880296806177968010127771685003780355565407662059955, 75983087401096275117468168093400131925084726240416240649391139347977595058125
18955810875810984538410162004085445065055933011706786535866017946658172146827, 12116929073261549714303085798751066501919515510952744367975232783870805258246
26343540323400940841578566514271104876385144693937937063753211718771848261564, 70437278408597595822776258014366535783952707904048832005920370778767194671508
8382096972522191724420063172985324967391251422576386599783189829303253468621, 36405946484139797776156025554327700394986388696146247784769930987015739307649
59096364465377107969259450557175764693590806373882833516371475574451609325609, 33224607152056252866421875913034840690640660617195687586460035567598116809988
61919236332798073320576567172278802162773547069546613988182903304937186642357, 1305614661277801185212256581325562045155543921261646633649316575762015874384
75803997417268401803134607212782685167473176048077565716880341698947214409080, 74202486189340219131949462608831081654352612480570918810030413350239862028260
37184819823111529117929368025347599070532444067123971988273392099464170939668, 17372570753636629181419654545461930863266088659963054503121520908679663053213
70931444134615016514729342653728292386065851055650128054234203185339830929546, 59504673311488644291118212304210968802912075466614834732577985142320164805307
22195084774230649969872168660858714198704668367274629137009821294631242945253, 1340609627311785614772688959610050947624917910627364909229209322406229868195
74277190642928187200844961638503111456290507644260048978343278301591356071259, 55096168578338984273572845512498555073922482356206644481737171149858897451332
17454584413362602944698472856448576898619021328797712257846033050705907958321, 62680691382688623732853663250644374256745753709573727284836691758527751451590
22242018577665146708607023612443417122983884614434238015806614791623952636927, 14984035102424171983048767762244740454891386602532191916287179185234761927066
30974690414093948539009886355758492069218974302401507469588026081563643863094, 18136735432413588608908431271192394798984647709708763619741092853924690366254
75883323984156984630930589496853696916588399460656059509850215118696273464757, 67293375049843917566912114354095858891453431633334864173086975457979940774837
4120132568553853431651638981597962245194028933497433181566950233063278041342, 67559377291504572956042370151344068139547239358933049402640702134769838552081
19534635303636656364278138470534103327644721304299220281687522626234309964537, 48418069200615051179451453889970728469442050397756073956569448654865210905222
36032924338061116977002252542408799877911835562906197053885821854276526752499, 18633338792073602901924010430596340815417846387708342398764956690746747419048
42076487250748965927952588169343591725830858810743868905789352446199731335588, 33956879308551796766227486796328731968134713795733215296470335413197786198676
17814926197623916641685195163618394032052811952593762889957249582959218704898, 75647171168160811152825769234450653049629443949449231533857626938005519247423
74304542319220378971792100266056676408427282395649132838273473924796744852155, 74647140914254996961810036557995731367469799275646096055349372430976793467852
17701151390282675658513146937366334725659823594619628085485557970643725427699, 29019456578842540662233062150974646070700149936851011144981870710607253330955
63271138167011835097862766163592686601669449172974316048857098399410740081751, 55967452060738588133984273298032028247345934207671982217137526545585294121391
54204689432075529541950370249387904368271037724694997462508319016102090698317, 1431153049905091460293967504763917582943863835070950377482019747845676477452
60619773538324155493129334410613270233312304530949765202626757647412828691907, 61519796365452389663738950417635086353494099831716288581106036248357831182209
26996911807908442617747188272181376897673090295111920722666713791786075204311, 51212080038011327201893021605907670085579192569811059616251385421122711595391
5552771470125066057991968711785324768101103148002701702604670716195194781801, 57417425167963336146764957486589323788992761953793516833763088875098843159134
45536741333726288282235183760189868341564223246784050524356992084716079582117, 41152833601643069205995266616075527478175770525555865785284187181926050303431
66116742020885298219481917175530437560554645618500637131297080466705956596943, 42453721857913055514855604074895956672790179706213113477380479794910357900568
9206677731942679043007113445633382700576058637467779567161755373803606957739, 45864330284043439603515956759463104865098361198081295978403686193203946813033
50792414118093301838110594718318119555247051115221007326062748593065958021350, 5198950649097907050805047290560127709473759712961075804091886099441426698822
23043592382813344011538396851992544496759121737028544490959893346676434105303, 8220767673231406078975430207931019629105228218814986262044551234890119913997
33176316944458815209406829793223725459946728665270146542051557909279716528981, 29324882452467897821684864949814479884810886619192878734250716415178494180018
