Elliptic Curve: brainpoolP256r1
Field Prime: 76884956397045344220809746629001649093037950200943055203735601445031516197751
Base Point: (63243729749562333355292243550312970334778175571054726587095381623627144114786, 38218615093753523893122277964030810387585405539772602581557831887485717997975)
Polynomial Degree: 5
Polynomial Coefficients: [10, 49, 55, 12, 55, 27]
Public Key: (1741275152518140249729430147531713200129804880874234064030664111797792210115, 5706827792122371431872029838775580294091770356012297597286792496136718835942)
72893369755946471023143847306720648045712640411383193530286708748727290153628, 60061068073062462668983015006054457398097347102176621666637816660090968912767
7867294825717081579477225746630533386429318471235094547828250840575508414055, 44918841197281551508570896960975037807918971048313292205108906601351941346770
66602477740059240890640551857980073563887923016082018230597161098483128666250, 61090093254584418584040308669154919501423500580586507412645915339567242820123
56612354433272758825858440074278297026357318100583214409355531165538763898640, 57235662522491227311931972906613301018866254784615999381520032819017671624538
11303655918556770295983620440651881314138457863332272273110978088434870940924, 5901739669477590870372770828660157871012846508601262397831671255840144179790
61287102186287244648150735427479254818791987724497864893597276770356326037907, 18187548803770276145761039625196582319023827274320509216440305470217652131493
26358675521465310835705576730271430307886112403519753647136200338581975041573, 25122613634715004736872557528630971452876285606101445453461542573093506896470
33339773464024936741275531491712835033697141730163541057811291042238337199808, 5124602989427637679946311897903047240061923925368246261135721193220009923038
22230393949696035487117287652850181694551697775446046379526372752529853917601, 35558298774307669480595551739373702396761908304698905091733858980752315657924
32663840594360869784746953449147692569593230907085109545204933977190911238828, 40284826026923932924083028594034992435432787608139100266223255746008497373574
14338188120308216780186622177478137357267590019059985513494230440293839778771, 1186338112935182365304626417300967011162153202767544142542836519533156331706
14583510501456680270709720985497491460216063402537444979294947935894438466466, 56820964401375909191502441423195421930918440812071846756688739686994106748218
51410490475155539847231653428960514000009855554112957345328356372115452126182, 64606553217021588335301089135018820649872968536643246284769855553036070913537
68155020573659055184434154458094960973860577665661368506402739519376146327525, 22507031612443551367155526471393617695992529382281376653084662277441093404616
44643378272509229274109068190758926964939895836774126171878436368312649883232, 60428920690724366227410340677330410556532195785728004069251962841906318340671
14636899392999350020013343204688595447255353134268661688323290177925732124038, 38075377022989557513041844969538752792315349997097393327403558418191366930970
58776635599154079735130062719199651333261137198274684989302411728505045108187, 62652960861735584663572137176278033683072333516289651021939995306142339359839
54240668966832865521398815951800052093197063698516812901006691856088200308437, 13738445346985326664663067893707638721223495141475818804238284521667859782923
63660433538977931312539434773616358454292030912935595851116902015733379926985, 35405718881230771491445804843224252343179232334504852241700014528816351750522
31973134501327768748261391918098406640864657529978347188094313839234669696214, 3144760574129817541310202067238969223254827481979965387395704747734907783193
53423080188883756598193472006956693072768763447282703268607389767506254828162, 6425368414612555814283097785522721424990977712652801834871368724844822610975
48764029200633705189953941875040174665456884281206274556958460712911093202871, 55462258371285233044205229193788359161389857291689428603601163509361943203492
71631126497218944037809052487146652938421503638038452498935125629677481166439, 19158697536337619946212660125220359359609331391080470771293962653846982790977
7167356358376671685282791873341153861104237670294139829687112423702989415998, 20007278471141451733266207329590459507608649746172689038759203641436676121885
72118705848659003577465290597026756028000788715212580966199760257758221641364, 32123933809995249550930132988248996182281784176315849501568758786990555520393
17009483313002039502282533665187889637431821552930260202718891789583427666198, 8757407772913695550658069027665942981796856033157151945661007509381793604394
14287310228401124498548927213256019875230392898095070940534223814176723495481, 19365136493612286862638844676866002034117852799003131025130454183697893944638
1480454477235321540322831748749378451363042430922273960505847438001339041638, 31038341701835306195698288313324724441025856231383758130068157251095297048878
50245162838309959886692981647164011795772655723145629997509726427852457792868, 61005242531125449762939502089872293010794267892181046074232809485624906328173
59464448926684210595874423751375029833138584607796008677868693071120258379529, 26632559885178100460061311331410390371437195730292115613743473918485406445350
22842230444554128633470597145590989751296987880724541244589593268697481642860, 42954822759280771582699614922394902921016294586233367040776322401588599857307
34643267826434715852399605121511270098227427192651514132864950588243247144726, 59962818829385771655620718982952786914316263722621439338642682024332865974641
61608181393221481260552061636033195644260126913227662716312554579848394995869, 19563051496569223590224581617641763608904623746886210991041170091141623327502
32344584203228074497506993490608638285310088988979934537660119423400848859532, 41833599932561410524848481548426912191704780500759703470416886241223486332804
15602875846800747826652889965858644082368181365631445549953436356524475553797, 55258294162127133254397878519002777074503784244357732358718799045995642207805
3690449096377871721826614792049678422424857172154249955556386202703625154156, 2120175462934963531329859725921742803915672110246695707806108476807037502056
53980941842584606096137113678991184348776720763430161636239766461819702945552, 60320349146208694027616609144629621951318939595499510596343044767223785540556
21345346388141733690721593011839788962342963093840188551003347783779054766358, 53112388184365712562366909051975215288647253331137300586882240270725673680438
6997827222097561447727058465428939231529208125707224363225333682346460621340, 58538987152182262703779808583731669275699847362952886010465425458562750345743
7410099655860043263622100695051665812211116917978436643151556040753767190155, 13144948194604524589508894743599037934957125356127125677403240040470629558669
62192779314476240451504122262991017344785119276736842349179356520878341236365, 36024109336485102341578210994482322084689393783053883610428138783471534472302
33686996907547526455050355212242365596629376546767440865235398392347146020077, 29998938581386795877075854471097259516505675187605779381178329333507926765106
46594629004974127213939048506355920724711959984060210183015674142693434457147, 35200252624678448441002992485741687384302505464652298728615333800383656092601
36880587965137899650876722346508913127005152721820155483709501308073962509748, 47219290753391517619968590973483965794535462246381746047388556013184463460556
1216129646749480289935703661940270475046673935590237067906708835699755757876, 15530128464131229265049707603357195837756066040785206887132476907545275007120
20267782626366111510135676020470803117379290723255548038841247085289169702470, 4020153400089543281565152734760262372227812537818350145812896848533541077720
59703559536801726711795094106977341117147285091646841585601399195355168785983, 42369213848730504884540156669429424846746025456277580829821396584883831672328
68090436674968893033445260559844925628449298196559019257135604850099177912205, 52841111336069578853985682767816405012197816182601140586117765437569240895546
59106884973960721766670061846852683938945773258056514574118049969118993278826, 17764659375966049724265005156781063942564398632040142965296983965245360602237
66467608022101916224307377918311686026622340343883144518175974773493714534048, 65174860604924906961619021215095080156377439815912775697299787660620419238846
66331284690055756698848183308609827945501894510076312525907215867354811699841, 60217986915322706601042106530640045859202595383822756394256755439432843818015
67154873220435470262241972359305900124042262504325265842944560486834454317564, 6034286550527975713254776055736272092384113682946693421820178396420668221558
13409134677915395530191192482728026941064733137448247168556239246439907949984, 5569830229747331299469998906618860705785940748397396820016628326107765902764
17685819036230619729115665093903905067996113537467917661321724606578871844491, 24167651196866921381912846688134732090446324554643978750807548494705476460936
64139660049622957847989677937075427354004838785888668708468112658165244156997, 11802887116527039988200828724620717124619643865548458678383266401468173247440
30357804964146316044071217430329167258439163165578573455488334969250615876610, 15917179571605212846059356282077783309415414572914796331141314437688602036039
56416462799512239196943278410574358568628353928488772687178179004378573831217, 8640079267152930514418001550264336349789299357379137616474606132531906718260
23457273235032387443757116647439603135227223042005271005007054156795673113101, 35875279745457259644312883615316541100948922046502815518120308755229869977718
5050338145410022978532902621432380949848576955028050606942435275412840540365, 40958301970363614515069186694501666129210998303754499756542639803181926408247
24840524568599108899246483686212236459906654154882088546988255507621664618044, 18820434673659946856106734444097911879084072444740954474419056068649697142694
62292863251628700749486945493296512283019506165809978854418882814277968456078, 72072160798430170662673238151246270661977279064272383789356960287013816727427
44396454338009694068003104615972145084391805633817187572624362635577725132398, 32590739990358280405366575422959116025279498282583505784383138128138549645719
62709447841678745849863180589632187671959574523095001683142568770948331968120, 36355195897699175516307239428057412527145139768022229803219330725734666865176
30381993281758035163860273212291973506352138527184799473083344313564769875121, 53647976584100549836021190100229289273117551276468094636366283027240325568836
69801276097469204757399100899417094608820262521046415630616780603591749930529, 29840856125906866985065371323553126047064067293193910727911386717907611408019
60989850858066687509414225105879333901268870916055426926099492775115589803720, 40756685451634686068496445656054132366813656962143678767186577094184197629140
18551620900205470938032294869887077121357475438217819181653508512590606480389, 62300614469866347435430585496699786582012412424762335665644987188689022330559
23571152130914946166317568600094354157625370143334085644027570739000872530036, 48978387737086017036430608441845735351052302156456348470211995535805530998985
31027582448591260578697228689967963786477563978297271868183672026066851239836, 47485380403893523410067809468917516365032285455500509998986691042948366109414
11560677959564513203455960830489594155503227326394712846613912052030782498182, 28667630255361180637484755743923917943417377048718468141397425793131323428792
21835439439059187996322225601266253376800006093839774195123635124119684135110, 15580791875144989957070820650739417583620415727357573813322455658055392544816
7199299212795637711410868168270092151120581648844433663533257841315364607760, 28749186289140859189592732213642295293560344882021566025978004469536789540322
6266733860506197339914722991134067240251571714863825614917487845437681129461, 9655672849202935226270350170723602985508356369033221470975574609528255533155
50955504931729718280810022400188274075067544077580848838245170316937330260029, 41528131845211501361066077219000941856378354516997343339458190611158438621458
20403027242927080959362925739786877188648828433165130341119797809127930325045, 25200739262928099983480017293432875525463291947019018081211098865852265328148
11077649733704102626809070930428507533587083496790738421434814743254456461680, 38770297286279502604046324056690518492921448230700013477715704613229683998599
50677197127193638577479812516413120886381020892998620041773916543959146661350, 70897104178675254128333386919514104119705790781237726000953693601768530728638
40849376772059262097675882831819884215261859834281554456881698895294653579572, 57027503592618740918047631800626097928134590848634204158868360757167122910259
71527110850880962931236640317003622572907694758759511899469648925584588529274, 73343371402553598533274914876878496288651086074572556277040295021687200916398
2796010618816723928650480200710748968748372273346566184594120142982335347881, 59726170723885482735441490628586803110459273963252095846466780257628534285567
11838646092748158919041581952416322612597538275868868145365487568405785707862, 1080325087124705536256253252542129595641131953815701794747433997102331177582
36788556662942784288616652382640486826513500825620087959657796903433626934385, 32174551960721442925728587274534612232062416284678743260310767725610833357231
6654354383644197110735019692020223944636079079336280363946740403451143490950, 4480959978085376221293445497817666098166852768688751845167790730912288504299
74597889779939268225250385455257063859391826041353671628860299320278475823899, 16467440271030801181290110213704785701661263543530975985735205798203559478752
34997017893679691880125050762381344551021095838421379778920638922488793101704, 11413229559121892454915466907319097237310477010622500000879423344873682319436
60849357181777271202092836742203770405318540920488506839106347969668355779831, 65116693120287775298740945500368438860995116798343863406499250547619887247740
16812594880897689159807395300272034909614290824898328043731997325468314039432, 44690277634963045495832729063649342008310754299434198677899315652550218676352
55374566798963204419175502173989127455914982441233458452631113940968309763113, 73495799828892281311938121238987650091258312701359946201080566995180399494996
24299172588858668310375758238049681397042816185274089442013667438067339798633, 71464517078598792533521941749098992097078697304619110782677121871404313506580
54594316624227322734478983156745380419384671850000654128958204966889245501215, 7884504762806929537302685245793821516677798653423716973489697891417785418874
56632012439380782058130141020058669751592190704577985677786506629559966237235, 65527959570451430156679344735570691252088122523518628178261884158141504375967
4524234192237278404191029485548691780155458597523347730923470523677942705276, 19499040003267127503885483261332420685201437262391724658075209137523772525275
6438917663202676683058418457650755172769100811531631867144901916406697450105, 74100369379616954880480182221510059224909336061424071623492833413023382229548
17094232546038818662251979373269819379049582726719333707144875518522445291678, 464495894104779959649339672647046926333205703965611758252471208919394018715
6321050342781176379678421910809425778782249582278956971907394088468097540493, 51038107405688969575592084115525645414676811291339287633361011372288072322260
58369005717452137509613131963566978506655298474845716099902559077826330482898, 59372249748881428365020644167594016272682266818008282207902765350901179606563
6387825793936858703594641039640407995931928678483256029733285826610366268059, 29592312383214757399487638625371471907872777213448346899403726388945736848887
29602318956666847618531535395382777623400912151530547446743275239028068298090, 29122690799730743594469991577535435560142535483438754824404498742667300991011
22062195819958626684089972775532473975105559397015632667162173809139003986920, 21408024226385178505820062360651806144025069924300262319316586709441973338141
7224244590468500418151478689296425792415719983286573429398771181081211017161, 7890540740462269245263211367273428103858706889323941704345349219282517501520
73776602837375392829244216833519400595534522760940097421370864410923068033739, 16210731663538437299307025024163786930575469542092166718013600749489261808166
58148797610380262889145898794517097033183567203350543460111070897978334153166, 74548557605583427632056799895625322666989067274396440546251475506213737959758
48773983417086064942285868773753693766199485490366874725842732266858560362366, 43170287733381061675475931194596394630904686619633267618574645971497017457521
57368947112860473875577701598245929130999635626981648407274559599470991667056, 73528400195892947452952433463774029153739755144960450135226759788768307766002
9374175641260453241142317669467219959162694943315012232722074824637140920522, 40375484482312565742578444095020371945008873667047404782102870674943388035543
24380319393999000842617031239098755640728753041637364458258347358214005960129, 47246824380767494050490377745306379724598262940856604501634404284366950847688
50701169769926783051596239804345806704020095421913330674235803368820836186796, 38348742425548133514082730240226243025210509225054106584859497097160764503330
16520921001469236008613275813805474951877786209429687060134661666350927292001, 24038209940603984065971399981730550494428942597440105250571558860475630241467
650348848012992280505755520372417494931225408829950315201894870969626661006, 18775524621394432433726559242963038291901660935981056106842511344107756481976
68201076910907027375873778159178689565054728955245193525561520934781271814113, 12594734813419498267011593624244832857795471630396991792072124101881834875211
26211827582942537213596099612690992940653176924309044266797753863693396233176, 6141246452349286130043587013073305666400675398985304704750788878054516356774
56273959842794316520357262323473813864514143074292709399721149431834406462460, 45356170550344347836126246294711935717110219132790303925242857022326078227020
22582691691596633470287837260383875354542068087594248073967559179573560672258, 41928871514082175323062730119405244106819913546635119637825680553326541385871
29557337676566131205042702093980896544609083937442715195727179737717886682578, 32529461813811911879042898647955357574844438930286941207003008198817952734095
46452099805229123443760854368254979800942197798518896548155721114263793079580, 71049623732396778891705296382778228721206699011774384510635353458361885294782
21943139268130947295400265545666060157285032091780357890653784266112229829405, 7955649970772488632921596743719800625551550261526625575683696207473537945390
37976575994176603718726590246373538817115956539483166415846092754476160292373, 59507990397619051182751698153581337187760994592424623268375141410601589717813
42091438728508049223099950870971411799360112423077854194876371175837638583449, 21784243173624074325469600911479632099444752557566982594568392114210877354426
61229463125835125828221157097542608482832799940480320449613585106096266390737, 3159767048532792352732798692935880693487980446761456876767045501681722674489
32520885899076527524591055654221301005978918911858614800239500805747769734091, 58758681018472884719677045316214920577071235882306489772256845893138622854815
36417281123112052399581528533444016027527390601996364463327053381092896966364, 3101557027916716029844305000610864527786207589708697579215421773939691402005
75760553791675925462563968563186581849889409671527141989306278792107825871262, 71654201983952142860790771219819763056700308051637968436947258854005646199365
35112337564910013065857641205188134331952141646077335297798177923785053542545, 30229967671263466766934062097590908807110949319746099801834345322682862231388
42773144648873771851943015777881661823060989813101061044775350846021490490215, 39734716691764449263245953612822837291992411294895326303610764322986028800915
13131065510788532489172469945197072500766199801683784326748649232316136683214, 76332876107606828695627045281687834814397641745047025890871095720256288833055
45693982138396224803005565536163356713722855487100644910611050578021384789155, 61706393708495208505298696456592041160431820582171151168142080965366319288319
62683507316287594023970940060064287300449848215592980218858278374677539602966, 52241584339033169708336855825632180578747731115104363722646500663263038826971
33809310169257106415133743814146197137218081527060313161826833913788693283962, 56919635508279738236863116618910061450098936436370015746777923183583308514476
18376890227666321334827771361631875313884156027143331978547550122802243771527, 4193993649878763991863043940624545787618473303070403778669457594697784606035
41129314602834220590341082464047715098794073500909027974028631417456316841386, 50188170974593161603395952224850889120269967330263602961620892418423765068406
45983812933732736330716589331151069134649911805764953345746255671447848473188, 35090251606783535195589942813367118760020584324073858904319063623580837273930
22750069348517812154139440528980322156865991875549061012966074940502739205430, 5867427456758541803968310365292060783122922384412581007557246518004028443942
70225527957342314168900374474946370107803934789666274983376741834011566047804, 17934470060422919642204927616354526751056003591886002327214555185302509025486
52330171816810477395868095534949744872727053157550631682493823325847033912983, 13068790851462945121062955731205155558359234477392885873332016201052024694753
74095475534627815950070743063123260875651913949252712062437403744457633913682, 72729235397074118487243484079101508411047596502456535100139676537486039127900
25432323210615398275196658527164818368723299957354696576889879909406102824656, 32850038640093758112503364148376917973186733040433887486923426286461013732871
27856559378330692149330412110868999175838455849155358846691588181643217023798, 23453066007137950816978145512724204631153536088783352094973867201511833052627
17157764969218328026403750449170721974069760902835959887431281134044876980222, 24540215360138547174953313220232202903309216645435190828189136130135365511879
65006311185643493837382621690791436388505546540346017318383835153057048010881, 7830792204100480434360156521142665502251175800604999613240800153245995836588
62644716896535586389628180591945581209320454271947840113810415398165365489399, 65954893698422163958388107643377895363765754884932256484812423706837683951940
28788698596269313383198504585450498990906730483075148484353098048060888002352, 13468023093383909759038850257336359777411481553050421353218146748545484507281
68263413877787654756925015958951494324612886237396346566095392154009577411145, 2438884696962283261241361138205688683089195776721880825497260047900818806179
54129050985069682696560533614055173320923112132215493003122736828711705554555, 16762760048541978659496168060772940466268482728541884141329478816135994052247
12741989329049817111261302969110543597053896189270932353544749118790109802764, 19395930964818135848577715896307087057346247558327221732042904127039685304
40843750020982661797333582150922133931340356931934057614947379387536343380111, 15036040003936704151054115667443166934807628090296589785262066438002562284070
11620728868682085152278427694572744838494310502441744027303065350941186857852, 10949530475292011510751624558223897449407111680713511019993036965360873129309
58000477450248167218631135371175635778608100912594732396486178781012650450622, 3658740418729709271465002759696073736486882809645953614258027907497930738153
54483216323409940149963021863766860237521297933493695007735260624887440311605, 59126450933292401473869018186653249336021463392852989712915879426085951652209
9134045039382153044242101307568042867635373053979407559451487703103731522326, 33658844234311140656906556604648854593761502959797183334744936050350721947289
25608113189604828075778738248586298893479584583567333757834469256267389043059, 45949157212247621223959316909844281628631214467836293287456818380778568752106
26979682564383363584293583332592212413508376749477444251256618579129173584907, 34964453354739894061527654276054275470578989575138647954396582010850037615517
74726737521698117159056161266000362345780262333563622719431289351205689066084, 68060565551123318359514316838435595787747719036792443677136735731940425370883
44722787006699200782734218121252540904474425604068298645276054623474152326023, 30564335587922294016190136693221403033613902884389587703896672693387557757334
39244507148853268368023888344656687476426337737801837795415785390328366744757, 4057667010389037614361915819401162698987809190795910384869105179910988802738
41144507045212880115989206955435152075780769933106354106028515569202746426049, 61762056809793617671790821554249967994153255079321292495906457866428849546816
17528544073087131836490753687516154500253174501530911277076292141498361923347, 32653959832414201822793229779342863219186915129439718490334675390319154886734
53011370991403213455351209548606072172088562657482568575745349085531726509071, 72654171384282425231055617863236714383777222509612111405666224591426978060806
51763168935393940451830661105848951328211664499553375520205085846150516081583, 65987754762824220154042206705270259437034585067380159075694997669919048605906
50999249995502701140253042086350505437976829312464747819361740424386110590832, 19080035429307075853544435880036113819496725750924663700399102272226811073393
22667755656804901872756727406183372171178230864476178135570560114800870485548, 64673916974757739219492457012885064675993627418501204482470733221437834884259
25245783433448243699442644508997531683352285951501929371976372893342416626640, 54767591779741822957651205771459814286656227441840485866110717077108627019147
30843828562239147417775986217082757183494952212718688644864576429127952629585, 50146878188042099217400657670867851891301490155741639283657157342540070148235
28318095120784560735577628648969689535037168738770993954385206252513659039336, 45083958572735527431145924928381198646598599005687788201826712381631111049460
4380679287464192146945514144906795889548858023179456408635839189440329663624, 30048164546565865797038856297073331519465129701857837346628911303884889054815
50920351184214002399714111857425031554590691742327989735706666672224969898208, 15747970517785658475000171468775576418358028156087412331335802796238224897350
37809231665486878429381504835351015750189703245071038053753272918187222226756, 69039146332917565887271328002917504962686512571275718745626223252185799984687
72272251654178194174415198723844065877606188531329734162336296013602557506560, 63604580361484959036240672559880191221798836867396240138168256311059106324956
25547930595184436831315242081811718652409223313360850183521390394339369895352, 70356980886500005102985411187616365806674164480684414211827138550882734602343
42177929048526622322633141741064539677546176407407484877967873219093954998333, 72947660005478711503777970773213753088752725526330594643840304676684064115855
52165922600701215111365574131090483695632472645066386232776494105812665335539, 16294637570404006186399941245234200483017971470391303278477666182319040586313
7016584255805315876528660702084953171040308770903970782101549786881198775842, 10560555887092940075966377420902651553360875244010651803498293104009643881252
56805774697735431362847355141159767629831362158880362554098022909423331140979, 31914536394793010582867225342387909453144494144326137749336021314512173817565
52210956954062278065370278524634608703177409687332105523018904188918785220728, 48727978267890578359221113573426147118067911261444316253779855661897070505115
24378042449346052549271431323642234569791484322058042782091865803342113117639, 26802370654827065848513307760320724225241161814494300243111759199446194018676
62521311073603249572231592600087075220316285933225988534392367461311818228855, 74826087604961665350719844121164924105471493078222361580310596801717378786982
39089812925028592382307612642201445873535895237417825931784879347454070643350, 12128662876678129639233464661542670295474265279489983306992732099203735970218
30077885843472902958533573322384684227937092680746751719127335525316343233932, 57154562598074806462259607582285614497601001824601384045870615263186635054952
31180183024197825521068689767688721862813032152185350618613254495498877879480, 74846078833967709171182778567049642849969050819712481420995040932213819809316
17589158466233253105326807516905451866494709065004959614620235634614664551059, 27177764017101810665467719578617407334418297934873007651384799552791878252230
54982635767877982545709330557245020472114887810906440489335413969148978067239, 36954712950175717535794818872708419900137698730021952376589941768124180414065
47261724710318183823219518595900526644532478935364873851917173947396995118652, 49603106470270152991693786938276105321344416651868839788550984386300772423011
29704844389540552246134701374084909273621485572556882000447453322250515803353, 68951282275487107595473131683300501732157713835830497991734004869569715321027
30746026130985003559806551409444085389667103691466803160751263628059124335025, 33918049813072483290015208098150728087394066831340058869160040110559201564963
2891164728420733490456366478633203387081154129901180613897962643890747402689, 20421553193986541953469022477224225276192975343152158266969100623913753675209
73428035665454512118637769102181496746334554188156627421528845361436871080815, 75486149128444266934266286412256720823019409536077723840096672784131926889527
6055847648912388514029802382592612735019430897307974482750452578980117505324, 39632169850281716478710994643968679766033050918643726788910140498617238692943
54390557476693262102199782924986435331089966460927789004042166573547714531226, 30792782932378149346067057514094250280334428449054746795384871826408381245491
74167562596777088782220176497737409862749886870678071788194032923733354815738, 3285830081949517802414541677131823748811469279084089804647078643859829997372
31565966954163721881746688086349752090083163989337322066160121112410123657831, 781379323794670159923684989581726031832389418720025608801352462432344979191
46347148917916907031887139017204329688746286642799780386482357163349581818836, 44855900641822124742234732509384007356921374605305394186127492213037064835272
41121578146609305099637650287576597233119221385866986073596921750420336355007, 64939776122832562305914252130734376977944531922607285816472254094473433692782
65532725376779689572937271294818959965521510706797736117761268484462153389530, 52272071404628235899240832002123216936301830418305268296082028808707078602513
58766071069675157843442474215567912425551795316796896791563463832299374843951, 13676054125611249129589848452258053178773438371336686747719187680614478008988
18484661104963948234819477629269284415694684631024730482198248043135976745058, 10567825523459374219065165006264011279410507987737853437872973674257433175464
14612897514213489977686492002136766768528622960932286747619445100435509529767, 1974755891082870016122446082334429384059455265215685389177434115654972718040
43721353637578859851092162640146213518659081762688769592882628458436085338880, 43786207916597751903944858711761015612904282592251918008024277211134544660309
76298785938229482817460015480804661117946253982590895780437983251886684879603, 57790221196570882938839411966800662387520592024225950039252128275707732144897
68626182543094324894081317549189611007597623520845067043629019102988121900421, 72103970926825079564322362730443256778039903958826059100665676716252525027533
