Elliptic Curve: brainpoolP256r1
Field Prime: 76884956397045344220809746629001649093037950200943055203735601445031516197751
Base Point: (63243729749562333355292243550312970334778175571054726587095381623627144114786, 38218615093753523893122277964030810387585405539772602581557831887485717997975)
Polynomial Degree: 10
Polynomial Coefficients: [32, 28, 35, 57, 33, 40, 53, 24, 32, 45, 50]
Public Key: (13548623587152475792550056298556140973732395038792308987430090265221965376033, 32520593913330768193710286274327099511221285506654137500233950191483574783177)
38027775024787143564755526840965727944257719016346118234476567881772044937118, 38442743288567196217674193402040833571149573081881013888304888651783211925939
23946934593856337239207251390360014647901605518979130161577345015511390150295, 22057588185862231978546822402537462600864909455649784470536293409694577751856
34756541753449519149969864533851071483955855645969055410185694068636612896989, 59909492057558750210032957804094709623055274449303115037840446336979802427280
4226625917446034670312155238681908564790879897500354506440380547175663091485, 73484177917212733346587166531386854840153789686259095365605318459323197242840
11536937618783459963225198893428154886644626700992993088211378248566168233746, 58974597732521447630235600779402094974459515730111383063420263597492449431636
52058953182831767816808020613486263743438705643886146169075692089030572507795, 27359235277623699711792119017557204157020506410100372086443528830351380019319
25850312998724060048697228732912321761081544648300795776326355865363139680958, 29605028453237410698396411088063865098883891449590162010668864678398099596284
55160545363485945235924890606418486753893824074851193227736677841982556612662, 31443271643973493267902227651193051439136012124036374250580019808808296327949
5858224409708679225243838371471455163295249522217615322531205404302194285736, 16288167106655571608621796200098080402193304849710050329718589655017230903279
53704241826940791461707914585659459149703981780919232818537028920871492582040, 11719631835876713435263636461653555221898564111062392737042656211071351318467
23589733286569020308579352396702357469109008083370594884748614250529087600155, 35955118068609569438776616250581449528043348096332544643036076775472638712710
34037645622436847439439771831949534247317085833445652605832902415611999466505, 64725206775909516268985299183639531458243052945582505249026017774877891407659
21639883891482956644372674604647546185656718755332925576945735815278188690761, 73388807441778718013162896456104821761307423549298253922945326291347209947581
13757439922991517730110549151687059952564502014728286680865073042306284585281, 29147488604379454396096973260968579477861304383430329809948733257723079544630
60879037595392159603604824134639945059455186548854896787349506464179776105368, 2016376496743218532564511525409429789407312703209780181347554708713298764638
74050214335700489778065808891084689366288560430679034817348631877350953769639, 14280230926444891741525336986410915530942306736645040728323174798659013593079
21564369087128217596641995708693630448289792923106113805508067887170981830748, 47308596058005762889899580199440880856813978134400678186422240867140043715791
66534467978736030242901405120743275039680866180156208138140639028516441416857, 71370872450571114339742422936837198202861648613438361631197089603961769787161
5797263208462192272668819812267839260586308691816721426377698208571954425135, 72870279323511126937877078395991460658750626696075291300410456796312207746712
56580484279889775923374254279950443723868704416990055759598703131805855042369, 1749232348173624585054286377820998734230313414751972930834451927334141216268
48232943356883827797093744536151428458153199373421462098465961982645518653361, 7550626046522210281192686336876786271392232648000448731271530516650276598622
32354603394687877273139390909083644889530990286078505045724193238919187980968, 58320617805418282124319782641583935169720386483045145319226991852765213951970
47189717462168190363400775344221459983165819954261417149659652443544638973334, 38115665683077563785201895115854547539768016096990474485323586714514579893214
65579586488069891777482445869031948428760455598989235638037603623830154686114, 73523588353891232550231337732067131601461868358683594147640457748792025774687
54564318482329473387675593450219740262228980061260154595442682810736941050943, 43668718815842741009176119499023493472360153954734850655817700761094735497151
22404524699768678214136022997986000298527967389219047490276811905291277588600, 33263499424265780431668199154641885667527899732041229778350378557042070445307
46776847677622889687241704803749658153721834467397845646811134119639173427705, 24666224465682587475196260075583327056730862551340285436954320917522891966945
57323490616357594283026086910009551281155194572675019182791444841586160874772, 69540782584752322181176747395267562811587894487408553499652785877451019622803
46257780617094271253932670174663657852792334636309779252607708014706854985975, 14542799406450976386528134527630272488686130929395970088253379313487906789669
16381311557226410013222800882153113806246632534946032866896933418336432205504, 23587889213824849840877457602117714060395503731848167941670433526388364999579
54325588584375474480718730307324309447786723736582599984044843040252825955724, 5072916667693886277944708704885552639329856943587971977612333832892372420236
46365430295946989947050243856088483473190773677201403884104982707147240643163, 34640088874029127274405737521527516925484926771755556429823231072529049627056
22263432409304836795185769051439760377679762064959473183432109289881282648685, 54729106973385586105472068139884352115701628659394299107332135760010906300818
35514517340877826158981584747177383833092925959412651495373191611102252816607, 20955556881848387118205238238153511521938099977309057724177781001392622706717
5471534856675321727805520972572065002327495617656223631296850292925565982510, 43889414169888261520916112141281109643336440442523682174132548516843186958610
65097216399940972784570881471213345858819664083355255380397838246983457224695, 63486845049557824946289222135049902958786770073006489428854462648045403451837
55305926984937458688503330405484336218765119803155643256661386592701583014316, 15004484886380683037281266758526180079987354417131845046814042705162604022299
54729925072463005834292519810689888939192303293011131474416328453742220973426, 60459054099223890614531214345683286188435381249601214263224515174621519757506
28804612314187052186671362145354297970072975139369984763583850925125429215348, 6545782206073445741384479366885926867312432346503255374537286731874154876006
72236186694021164812828477685160320262613842333981074131527183346297647817212, 7304239523754685563689629375711069999466895972539011927213206079257429355752
3499679683695922763124055731197011315599704886167488619359871213509143069386, 74506277010116024503052849693309452512589620299969036797582541623639331020069
46113024146421805144607617012693217082803867095382368337269495009847484603109, 40814667520685589808394078625311931683800979357780764370978662616749501128236
42736219147883250594455458100028952442415792423694244488432590052708132450046, 64309377087266417846317169301924707938793284928884279161711651266537036037437
46877013169578468734786206957889558126731384070616050310669792802935006448290, 65871778539309725356217621704089451562539329623254671197884586745420655336203
42053642275231178033760750353554727388814846589478002223510768074239408309238, 67673305481065964564586923440927495962683272587650113368986732279754528606594
38272922597798490351149371758351998365956649272249337532367625966920751811200, 11449610135304516449679892450947152160590827050597330252664487936527735739907
69859555259861689994628557565589613697263968246230185856730152052976721081143, 38239884817517065971009997072824882508806777577049681067877743153940826100696
68726358979639350459856192393675022024247326995366763670787203229063850547354, 13919228001207264814983967364242166127807155627087471428582060615763594216663
24812552042222883488399209199936076674197943173838411125397397178349860565346, 2883452237580979530220156755350526197921136570132486315008385825344739530162
4995329208741582622952709203214389374265445866978603747569080761902547301711, 11929091490795833196832790338621100408395299839441275936732925438814466175663
24126904589612496601279973010979532707383803205637086844814285955406748578284, 36592975533754815145267613501268899860901012750740370755930524945641910024483
49928287943680036685211669768155931246667308167481782004423146918516212217712, 50654871754913732069279243490337947169237636403294248965245074233356328285822
908066431269884652089802788562197721909596931193778051974107661187391761219, 56148852650034757979791382806430059464027106264365779748037718547739898061273
50870383096939083345337300391420035788088746291503484286640101710129146574611, 25302440543519574788743635466612784392707612978425241670357694290873924658283
31623440073312208405458982624226216903427863816526637492440487770674955943853, 1906830615780907119400428915992900191108575909019108243882194718749301494526
61795694559556141105351469200577936354024115297786819430961912171195872688190, 39424838923670476740310510015459534493114065804651789094591935764084534700648
74783838344463085873262238976424738445150942837751376008522204956141244774738, 27754935420152421709089938047731895500850796294814666093533706165979775327636
63724757348748829690198973074305909743535085017616461323227380774342815885053, 64739320674205861271197078772710391667307014407626948657521376692508344583232
15338275094854641969271021596528565828704880295933454177836062407974288542422, 46921998861296918414909894035728559873198956267202855543352980015684562471060
3390277216292507019190318076574207325415336369029499379223755719639657832377, 61509018730621620292895199052228094441097588153638779607892283247507540240562
76424522834722376031369473512675586467607680145826227188032931800288463095308, 67845352285858803483658705144407076145506668505084207314523700597218864322453
11397659267731936524378748340987870988902904147870859636976502590014795993428, 73224105963275586521831935954281886321262740628922120139024149560806258915938
32577875940480997104820480179475659082783747673757282255924435493293923850930, 41296799847335655292991548596467423176490842315404164734698240960631323893405
581955929175961296462885716154851235825446225717029485481721470290124569593, 21466931846833581907463772839439230175040468682343609542873251100526822728854
10445560333908359849141984150842961874707736386033901462894649042095217914897, 30161196380705327091736573813661727724475418814215534691308718923243564158895
25738780481298907767247908381260796733117558827262283208747132488084124780900, 73359155501407509254429906129894024806590828165585164392566221229843331891395
5492747351676660747846070744716157273172399914824691686515861179450904720471, 53462694896662896623997735740673799134429972645892272083286351586942700191482
69525101392749645494864250920468683272889106391548316220194372188523110718883, 45816228680385761709750170017337168246297316860052102831635319144492824409407
28539364099389095183229038369270959266836346501476226705802549666699672960681, 62134245126261224827211302404931270792508121658495603152502347447406388048302
73931903621428561655753152433199424783348859367213595324171063349682074075617, 30622392509947142770923141282352846063650515081030639309929960483423984357960
75665739892566474739267554659429830078183290915258914502267794490022617261300, 25322181738507615703705269508166384415761718064772100765882881035791653089175
46593207858391893109413610500934366047455896908811240721520952956462443062109, 57010111891883592076734591662473287388711349365788831824075296161146592219538
25086011204366026584012715247281650278209146107489723932944529819653676063843, 7799963333161549391144384576112096106197196086384237472217507568858035922873
74546692166332352168171696598016526591185667929611853657837226016692772012409, 6144307172671014029579384568093434875336221078957605007372677833833645199438
37128398601031957436672502742157085752365880370594626114817997480100996700442, 19834836539461677373698480994725722555835175985744720663981589543490206652947
12570204683056636489417581861952758353602672449149861889267653078380117784315, 59972376091612996644445475892252425110327623025031257727555060433150259967866
49075451979670508788513312793930162597626510295253032246374970009866199143022, 57973619820863814050749704493301668853759268357423919074625110992049701381302
5813827803421336413577645976033251715848085288770017898726578452933025762459, 53110395821384545866871210606810909512804983808730359675409071619812645573422
68446168643702570934978183705833221726504307664894466504223435131069139479845, 5273076261760759755925559898028690014587888850936496440502501423086658947501
70072404409375072758936933809381859542436814774120394275140546895676149920917, 75434300687866145569684089811452282401076606117158758272389106289893163573179
6131059229261148994625807103993969237396495804253603750301103725643112615168, 23844535700712451054444503211142888677688361980794753903312871107532039456654
5605107907884958531732428412218573694693547507729709266973992690372922755652, 41145491034529141618610576915816404232798815417531813303628697835642375952429
13929454932595532955552620405755284900216741140036973079366052002241225514298, 12176348422700007453972346594966406116712885628516878670164769888840080769318
22434124147907862009759262429453380749574695517932514155093529469414134937181, 34845471977036144167916836384825689515317380353715693967984545453086117789853
69871495486795871829600688588192738362978914607787396689781701143389447115750, 41640560700087494759189249635000972016312829580495674485940327978676007394911
59742639915127348125290262355197453064766653563216718165762899804897912177498, 57828759667351515572821171420128737728550732739606526774349040693439888288726
35362426480470712357768396274826115704076499283128291313814189085315328525927, 48894698069396191140577327784180998781177071681397334378318459076879887191972
56019838388154752908803159441020130579622048287989401835346591819724639275189, 2895714490989201139757599549974346974552364003682493969045939108676903289232
18548314220707136162682881882143427696733704204644882929073449299821200306110, 40491193812903477328896015702462449185383218061163121619915035263430017646670
53441385465734158006503316316195306665803934055749532285042062416971703000778, 18933590464224300413325577728389694490022211765960445740016597819906335275429
23012014043849414994700471169946374841120417296458351012068463008771448730418, 40381693699950023817728179993665381821283723534705782480197029391199819519060
36846891968623907081723126941524929313669674902457461897905805672891850532778, 64947734996625208608907640546846605110887443149044773777306584801316446692777
29135077079645310788324520562765195669223172500537528503438745310737933963572, 47484409215136533268116329195922916712899856225807820628436813279620269590782
5491665110798601007906542189104122807415083508661523638209142341667455667236, 32239027821498436273976901507246547035073665386275174801025042389820883282978
50778662780585676595731913383082474338706976622225205892800877145212530211350, 40819020255452883841107532229056920506869765024100642004070863463660484696220
25841324219157649608119584502169280958813169188205844947908097160055974196303, 17742641461244793211192217136670876758681579381618827380011984679802969937292
65003215807277007081161982461912106595979999962669752964122396488604941916825, 2635508762010195105428896643997494969626800370502370725754110378923014252154
29428789643311283995584835085307381599602639671310673057072971669621545693004, 30859080971773565190175304307748870240869317618082195990756753317347424898019
72676762310014656567433637014741640857627745787444396897945349762668662442873, 64692969707078942851697542653582330333393562406209086238286838276220237195238
53062140615010179102929062548312028324648333565104305521610097393447248903108, 52589256824375961430061961187373196577782460007553450429483842698903949478609
53984797253497443396398616942854055842746879546587152388277993201262256535979, 29656486585078876238474589661134616435595094815987980665716235452658562564849
40057000431912697466616715566083954690488076049745014365872383412533183507856, 44818977091467580831060561336348860702420756188226527731616134523225616046084
38174088674883925310103532251337920784904403494722372278758648851373040009339, 23797013569797940554359139578216760077522682154638823861447892041969067507492
2781399148841052801385598545043059801169424654244178447428450054457970670396, 37546909400880948711554594199027601989472406679575286067566069680534486386701
16836520292818860566390301655834309595529980951919464115279238276922691489067, 68600714911675962971356623802972527194065329076074641063958915637544262341046
38217076097522920156991649460628800491565594884457533763926467159827130025119, 12591830469373539716001464410165541473976605578155234767577619283202385504357
27334716524018629124802295435629906995087761639683067941458298012175556195475, 59647050458199940073245408229877730580598450141707009235739363444144881603986
59875769973515156080104903571021332951126461968996356905527432742888627918741, 17142841848796108360742211798659565074850884272777332523825999547369999798629
59028297349083745900670461030632636574312825279917314066619225357672092537589, 32037708642688212157925278062989506502047811497971205229863743046628688977783
28797783058283026032284070193746787671223537130376191462392226276020225747525, 61422449481747379314356349047092419304440508818885076344140956689592934519899
38929378550543794568458906107113413354427198606292782724304350392665140413831, 11021070253737306556304817726881283445140827561683083053391568669934832262415
44283066631708298329955777003437184823652920696654695597932190679188225120454, 69733011981116131541791465541663886587810088228593528611715324188251630695297
37227287806735115563336402610148528647059129725995118093445798838760786457210, 76750670052788183691069248372530635255876011493347468689764110702918212847479
52411281381563605796058425804311128696022850067692311573231774844132779719335, 50604608396428496671738901346978671499095300918391545586199475376027998146395
61365113602727046984054094868316384382400943184752725164373320669730648893531, 47824018415670202053695901547910298565736249616957859745796346369829820078374
70414243836118332890530637213264515038676117887477240559074861806569610588513, 61851958847533847762564049352387749668793085891388841478776081853683176283145
46889850206593503386641248433232734511087625129831306899885852836429524797842, 27805380290354490007724420684814575229320363687040560789804202211357186377486
41562678096652980544777727397637322132085296377472547830018754879762472248893, 40050539183159130791767971935347449004695095436100335992974465525333321659402
9424074321708039352113916611670841142298276646978415346010469308922418653193, 72432647830455071714849465881508123656183939530157356048091132572148658183610
21127739879079700937677729401554058601441978120739143088303239560684982905337, 16814123922823714218632626454686310990299178717469423691442044637628364697461
62935838265032555597733328548129438594825758384440566906293508780228984514464, 51084795507669028396769971391736585118069126632961546779184696571335404601675
9979888408879074284261367089674638126236241518912969745872664000621599700622, 46011920479014962828850909016754775842684753777305584818801341334906383921900
41831534880903247343211006437111724932746991782545045569041375733561741231497, 24735866741329573458196238449160101869403499361451360027286056364177923767935
39163616310560065198050310090081088301038025487274177867633347927703487930886, 14509942643737267665107489440679302288050312128755978850851129163075304951406
27131431212156295807323874016010865153839284093232217731308541591232042530164, 50700792510594781784208757567693866980496931191045804655955612937691217903664
21141505430487459068386913006262378701307095415828239816290620103702285136052, 42232383057740033952939768192003859372549439165129367480657406268061342214738
46820874028134342374072700732870625198858149337782606899904616152842364923828, 23617086949162389722378333182419517107149647350953580893563838736411978056222
40239729097720517271802095725282840102551415321075583863509724543169250323573, 70491377834009708766916522288614098358095179794387987519678422721803718101185
28215937941506230667436310409620904534863842060874473743539404911963152651264, 63919885148183735108682130739424393631196516984509663988858839604646883010763
27017559341852126097759996160227708531412806892194697011201941610773380466941, 20983393162665145325951107204169356213407836631497680501485511009101528413858
25704801265716320581151129481476473239336668549216039750781703405404083062498, 25720814581961426892865980846814620480785265774626560786207045713214383332444
9705895037400256743099613090969933665161380498599476308804637465295090508061, 36112631283491921133271920778864970451736096390204544479144243411454822232283
24515418839535369220072618020735504092085751750494450469053803673905476791930, 69683083599847057495775807179807425002290559219108377670983978741937678390939
8314358145336366774183703458994561716922201176015824242946532150534161315443, 30698709017525431498180099038884894205651054716599205042274917421084376540763
10516618789092826468474370041674391601254212165369804069231818818628976470924, 63656576165725951656096334762879657316875448991424521111065004942160198755770
49240081284903026021056957335098694068195282034920097210882194792221048357794, 20385227764779337010057984112428332656851452339872853232053283425600051468315
59872386197838498705964260618640339205078294079242273569511272030246492537470, 38654487606387681682580361399352733380644521581406695947920410767229328282422
23890150363771173100453984703857637325669469151718182610989490437370447533599, 41870782592603212813322824226364287072336079597101186420289923520348608232008
47975668566135735056996340593528850856437323917899475010865057816946915896291, 71946325090417773848229957069814903212404704638831845277115551346866324938618
6881654937164320963943443220292407193855302575418190546952709434947435912918, 758539270131416181630983683336596530630340737526954121332082660526245564224
56372886318615360882184500325276761482077212268167010490751189538193746374800, 49361234747664863677942067870856035066793017025217688073371240045010727401957
25862811874419626571006210942776714240450985863578531691555999093414219406385, 72804479254350604629677409583003402002672749675635702189729280321084592497637
66277053433705806482127850226841579002097781803905783531993554382365376468160, 22634394505854448518155804060816333582051156297015806060472803089039843174870
69374907104747199746131301550768003283459535260917699387882334032880911051282, 53231157315828531790334675973703895672346077951774837204602797779623028491097
21651980049886748921929616970114663007542910279452827070827017989797285728592, 40454290837119933801029966147886138824450604447986984868387146817725423993565
73192758328662374128351105613593057881082465976300206232766968131342071250187, 7957963652006415077307519099727007025717834113813243254216871106163635388148
54994370326670069224985336985236978935494588704186315059475317267686401298582, 9716148656013441432237793413023087859717003622064512941209181847979472715838
605027732394743483895768081259408431386168749875271660494003975292462369942, 65538263768196694104545118546212084468317151461559105277321768640296617532035
36818841750812291193880634082592068429355281568659973006730439191100088179725, 17653255951199496507811338818226354152322614837364917574443820763315867655504
39837704734226196068885728509898919351247913373061933152442006199431300760127, 70019192089405516301511846021262370072183384058299543235409827205346327985643
46843115997902897530879439780300296608577304066167656690349428365347062103809, 68664970711721851892365076811843531509233469080824623420484071608787872230028
45317004449467450150670270584286831738510303274243340942476514018622078608581, 34901416657400556835773645246103176804237615621077491255977037792723229120205
34903527128493508947369772338441269102837976405798600679937346258301736545302, 43646923695362355991459849997688684134690417973529831278950327046723496656739
33275165214688954292326254968562293714270406544705881583187226928329378479001, 21783530376340874798690542049610981327173467684766190517578689688930177256109
72686062024325718185221208071581151401785077231615159339960822837333636579998, 73361841214600522584436324119845970455209080868015426330729466216342965160690
61764097340796566609220045365458355195744227172558429746268208873651160274019, 71898997330908363272481855153791084927389025486073934245013852026625366738359
15786944782574191070596758217426219761392412878004240627413863318238309813998, 73583773613035530358713743336936601174100386552120144085741257651924149856507
33892066953558889954591862845491455296762657866477934094172635295214562070387, 59170493205918197690089351160472580818121930557953329075757578338060197489625
10174147539420012029102185765156976713996508040978796534134894221599711366177, 17754689181166299041894414881325242271345653197519312143015849158032307327686
15857752800436326665823745325343914887753524908521543011751626735478444574809, 30544182825278093083586023167707629546506074197957622200846964615917758977161
31319263099530214543778139579273178013604968326692801566901722163734277036412, 60964035316297510322453657128246401492928538439149782117746701907127829859743
55501102530652129844655132601642568371615620492485633337190199182134767575532, 51308222157782664735900794441317761498532308369252157284607541571095008238831
44422898550492373070408356591126620111904185926217684816734615731779042620130, 60287867150700315512991902545623303966699673275863810651247002029168376898264
71168153747595741381342864920583663479355123598183733138814993794048004734301, 260551467459523848397064348383740890659655446307406748612272328348784150324
49019466172413303100277097081910076901334546740765758689227676446542764410764, 72460310172072341400861518320339760693150236063392523081558878172875622766844
30110055809896606523233722864452081988795756780834021883873272488469737516445, 41124871318743508086145902088399529902608772250375291226111068470817403871078
23032909642808749557101742114410858107631470865634301373800703654968558567845, 6127782295477200258405721700137550187788360244692167997389720640543080469419
22927786849703685396405023001395516332333600279757587836723971065185208100544, 46122025669657475582526650257535703164009251551419403626855771468920410739735
47123582420353238917667937980414111165632978806805530942301788986110297291989, 41853956175968681454184381232147622099155103142280474951700904136949708119335
14543519033585755029896725988090570480881515969592951393689335214661163107130, 13340331344980182595233249174932727565621641654212999604004104037875986101233
12287339350555446227160331241218064121699319163599029938587009509093664610368, 11179702721206580082910346863561403647982900099383857611902861959246612829880
48764126294476089003426600134552611444148381175274364129623033540818035683691, 70232735049540798622210636164368800856460213820621533741139875660473123608407
58580979482399228299651935828915915748364343955642034388832476358036781029417, 10429848207513769745173096482190273097373136820156997583858909117417959847161
15692836702668343280468009112899340529432838135961233886250283257929854037282, 21170862742832301880297992603894915811061933309742157115014924870549702087221
15440249995271717139719391710149487290799550555585491013714094459858823186620, 50828207203786200206048940598694621859210613644973228756119743806416830566548
70145801101634241012928200324526534255720450594523741062154266489853950532589, 60853922858296232429355448710844777142389349229143962308158929878016921996988
40814053247721209036528994011162448223574036001881807571381527557341766102006, 74076597611904003386197365904696077641763868367917270179581346725536846036045
46451844272764152718992603510203281483965259907085610169022413480265068665620, 14077246611200640195836570187714238491076748248953539397680461798455042612733
29625408758896963923207486080441475748373749800458876147010788814069906516504, 68267563711034773530789101350767818289961122164452967381991105466287693917503
22141247725484290961477180398875960855869858888435216230967532194660161122991, 33601122466857529854480146273218971900229125260365111513242998386627310154682
48764258663841010345254619402531476243499178863573292716610193076691139257939, 57348284601328631639359220699525843846023202152391290390829959372058228490745
23359731349928717684314362608809687117854019236393757293273063600837852359862, 58332286452562960823556758103857825095690843961893196555263949735299681982591
43594042932021729750838665793958143727371079027458601834596013236122866237810, 32344120844782963295077435571704814899253449022935255595655345789383945986153
48082079578698377332311537337934330393108821675793700469832213762984412128534, 49364357763377623983546715463648966342469553652921381273264472979868578823636
51362353340227514299533225503419207786570490491256706049867533637513491247354, 24062547221525399388892810878450093094348281541656363290167311638725732040335
44392123718621904036271591997106791858043643519707762472934299162518378741516, 52938954689281075930760924210221992643320124762732772492580197614560422642088
13810243228912113825725701583636809781809625498472943267469796608566909970366, 48123290183525442057192877387742045010783136117221456734007320878263427112349
45254386790722440667892670033573388273882568702623039593837000444722802221580, 1095138536345751481204173199854888526515472308600458799769183096348211466296
72475587589259488079174208085376832133577533392868311140593905555521579565859, 40781512257177994882448306861662542401512642329039975189628913643855779778800
10726534611391475316770338939333605464006625462780275781382950925472730237386, 34521170777597792832265840164193332826786160516312279781184592432046107797088
55211045753806556002101430771107069155012449924090336098713502468254353494094, 64730959714244713367377370545608038633403622078758099599545124371215941489085
34260829793067024530362251323227785160818525603576284352736378944265202895086, 16468240071312119263363371256686470427492982845464808979552626849891886636875
51436496345782053982330310050924402874465721748616415640020817582909942546803, 33640612793000224869852332896217132195096000455338633937110977527940973442734
3727354210577502952735839139977810373433339668619475214948900541013806023748, 3034764250250370529476422006007284028716653931015182340130767704964102445145
58356739091873635026091045700804687372006272555253103300916853522508245926162, 55800988771341217161995662271766659688188350744759548574621431357431133277370
26851835714140333107330626419096422402254846860270952579704899717452755963727, 74598522133323749053343111564162347758987376856225845730089097250707051511009
61094859628876539188445270921122140738966430311166794130565319114767683845662, 50319451048506813293816443300999998030276290341359463350780028883914556289383
26201874060021688944847906021959691019630217070194921020505335673015205192359, 74473538660864627324225511539737015811887277918718671489736412715966323112446
53115046413680641626979144934599515765753099077150495400657579861714727009960, 8316627735064239918899122221733531723834189090595778667032300311886218484527
14643290512471464558908176483394437511702523460886236899992012174746782393166, 73980180172507891632797802059048227467186323016064368724849184702572406275082
45633745129355329152668995346759282393292753930700894051253409489663343558724, 48682407330772013108378957280133444524719089957643658366836965135770580437591
14372263175167964387557238429202634886584770472192769849419056847928547124220, 56660995480594457522744926694425929690696505606605510773845100226361906210528
11131042376820153879969195970349699399369624167103104476465660530702001048030, 72327208446240290255626918484978299822682450868189326759560671215770214324812
1916921532608625401932774753853311796582101444051044357189429072860364997753, 66184858317941936543667719646363169239273646029893931448131057824659309662459
35957248694419811392334427414647395115497496027906000935517126421344993031883, 20347613284977379589101656778346176695941703262359564502032845541631518906248
24905479605408689691111673442661750793671578526378421394289593675999145534614, 4335826611459768955016942492007460942644895800932654125367103566611818005226
43544944675036224665829953473031155892386317231504580670499412113735156148348, 52355182196540137268380887954536710639406476037789351832699482566922651206495
24128321709314881379479176531070766777044628701652370000280397701840242563598, 34190706172617538825863959838803394245386746243758050064001840178554432977091
54428326405613601106400329876910865229827179279493656543396252855778105062152, 42989593417747998874209615189508752272383955955607329003477466164048972714903
9446170095648924113686999452554181522337789343160594522899779472573058436243, 11303956156002982070760855870392850836649727828262675052844686832863862250218
56357982515705777174319192337423454394429880045239163079477852537293810264324, 11536773495722416176904273102160214054822127731592221752997161231784951776371
3782055544623092310135106095891005531546652083054378526859294068304158771108, 63659988590200428606819187430848202670242714188713595746102267496143419622364
63897902108816599511488121994771235113518407596075370852064613872635752985294, 1439387231774808121395492474488924935390425869968425054464538347458747179914
41068085306665699294476867106768073122137632544717988918555726223313122959327, 10842237577844097642172822024241255939904719024742152965177449879398928680753
2237816684636669412808968537151438419493363819413069494039993816867550103010, 73738251265466306920656662319066118106026779613132317938777672644560035676180
47296588294967564594861035094104935251536844191456946634743550085926298606865, 61668386264420815810670067274769120366827759866982160380589805908665332858879
65712472677366612973075195263354657638145592633348035962882717387839697228001, 41272001309805004553549391460696929833091378926420614055070116496517956470389
32409442388080846691932699049104432237361949055402630559917533758785529317934, 31149451053844601881368868774911318175726051317483352039090060120849031541185
60727877770360514185756679023940021405317502602876101196520530673255666090005, 48078812471180649074207274770055577767586528434604180152674435385302045804005
34518804822224501647249341830862951180101192585564815999805660969528069873728, 52767997920600370151625021586936504032182521246582770617045232109872115770517
56008152629970346126308710771524683831553419630468728221356673642678227143476, 15281681861213489823499631986044364152825212719236217595613863586803303240248
10486559982932516227041233890622677916926732809119481981496708585292836976396, 13227103958138061480515667324823685885959008822942164191727282389545080458635
55670714444843905426017579433970382820105649123206869908330287832657682229810, 58115853168276672939122714306802108173346978155357190150898653784744370375397
2902677047644735876299838980581007667435451939622850458478175534493749221918, 68480162062938349889607337720021833352499414855179581817989114415093857041041
29626907601753054143337600586432162521326581127830999547533057429235414349796, 269961623594415783920666843141889052887847487970819190669179230117950308452
4747943973521837287076047025673637983177968864469835668787115392442284745875, 64717310776659431726532071955379276909790475830677498226474540096649608386708
22323036542724570172096720332471102597779013520797459286146922092087310390037, 13245213556030064030307829824796013998802274270962691465032713099011364818831
33763980648604402728048185643316889520531491555235485555818594168175417367558, 12776973307306767773337997802188129044470655730993811802212002955188546278189
29485720840768973072861458554479334128438561904267486969538953881726462126468, 61847953184813883466769041183705293151658429517392120110218036586564527076149
19240687075717603445977129844789717780763214896179932160667086955411860360513, 63606130091980081266984255607608191515311413450117305563635943781478667211207
40756138918153983680998441282130318442593754404930848918832447248890331334870, 7995245365640439324528891626057807145638805667230900999320477978102673594393
48540422780644906652236547961161564223171757257613624063421356405585811418191, 33967096730766196733329550840347249257538453480584528243356835023010897870955
23752937575669476261014041994910340957675277457960417027122143627102101650088, 63474718396264300037653785698332476432754333716445539642834243320409026993127
13714967909129906723457554282467814063077832814960478044807372608503182184013, 24809544866049018382843587022467879895060007002569440259649920644289236185719
13768839132945912399518247510516960892673921823404965704660745799997046570812, 60017156931200688403763023329164877650589325370738856104693916607444080973534
10488913567082210340584882386704971019843698956676747131713614301871454833727, 5205232726612570033584314118891829877982505380176214751859959159002545332528
25450349669720379487406957216201307135498936701069809049620711294292270393933, 47156903707778410956083493508386844260547779339831896108043237833078522621850
68337072619591672463762498878772513173212274311908057955102404289710197158428, 64258743238834721821621691655045608539272594311218234356680015192029277769376
31045221183377520843834489960351192612715041342543972022152140289076209596247, 38222305814058941603473399359863544310375323825130691382170129256885527440772
68664285607608662533855406331315326686191318431239069139161765014330101151344, 67770267118415968593847987694470547236700094195792423224333151942065482088190
68476277920777796261192860704396325975575627211070504446698939840700894981390, 17537971236388938257011141247500428082687401607587954341837143431045396968975
44642377474569286612243588362139817684145492153628097847515671965051821129660, 69987458104168507731546481131746188233346933917877439331587885951418955971019
59018289201862440789925809806837202054757784857155302312328273196328259643386, 59927941020349336237444585918606815962717580892121642509231176848285200057058
58638763055677067030039215417672088235716120609055231429703191766423896415221, 60720212694854628173679387980331442462006866710537191627708306320510545465584
13181023715685647092003070091795071937191221631722267638585358584949350207372, 37463316785889054460846615778761031520636460771638182130543865646526484621296
3786588578401823656902173575901778441396623482665377127550896840965751369410, 7420391293398236554323138276207796585592843480242717714558095682950883613347
57351751958299680388686554961407386775888245520600031047995800470628580744594, 68461533361820253995863769590255312492662657659022979297188604241559473680211
9481131896430183907893896222832070709838432909541782290850738907071167286297, 71167557291078009197824246720628089110399615677146089627928133295007891865155
9047702094545893675865577883055406049367705974811439839913661035417793869195, 3195914722894593779518472565549049240290447212913957509761708218100621670061
6293823109611732205686535727588307216354472335318897489333093618647841322775, 43256996241072086010769538762831000012595800761695354882411443030958670252939
67508470937274749988848830059512582048384057832910140454859380604192629980103, 625491791640698637655926212860676790661431285760533108247569012842627964328
18059082570484708721086465145767343970562780726501934613547499627459302064124, 33569974693318705105154855068104420130158082948612258113450326518962051882412
37107114148855743236973519693474333766055717968943561356905274828547959051633, 45417617743532992694230883470262156655801451019783082896559969503783954286621
24508768005859150613768444297346025652920845878476218160229445323358911715996, 73520167647926203164344848406018573067294580332319279227191392570605029507571
38377538489295817279743391047747383546363124510369174062862817230226612507176, 41531127450009446190736446463358389558559437911167605532981453294586536304073
17742245707675296984434649767268729565975270393452910939483435190535153127201, 62366628633598567379933316475448472446223182529446869118229364087317690591645
69465122948239872996780763448841011280305902593375883512490079700121343932070, 24157724514039485894745355167147873929102818859632864472679931744807843647214
26521925742000868573005144799664744781296543133377159903983728795611686965652, 41750927277002970164142632069327790095924341024738651271192502715537511222873
54837244068847162453900661488776506865389528281608199833232025235626155394807, 74597894511936723500159993486588900339737929787743989572684099366480236389584
15833248406259321172135997619390560727760449579806584465712687396126092661481, 15934885564675516046350410843352573157058085658981392467078948073689204379665
44866520179493087362221152213724242600274525341197089927964161437472509538822, 56103647589669102284545627917354201293587675621093818833342612610258792911431
16738860550468194753812321318181513940164888147120307674250162369921603316843, 22143558257608184161509003753845696915789081622157610702426104040244472990105
3999720678472160309800675971633564944671168489123000532519363982785758936420, 33130714481410996769244696200076586320808634558699892799802306781515555394998
43461355969197760569030240336356893849611597785231043917161437661886962108060, 11197801424070109794679493241795215605518376985373236093175970861480067115235
36921939745280212360124266991485124472739330036222578393402333547123393162333, 31796916349991117863983752996004638133706015370142601197247192504211259691472
23254413038402181181293056089775618490023570917506348884388746913951421107416, 53685346565188187594343100916923400798218975794696449224404086780057273217405
4316367433692499352695745751475843164913189215595652381050112096888498945090, 18323578956317598510599181530014635016850907269745084238514341702129854189793
45971912975545557816014720081583418300718203873188392265828814369692681425690, 19687062929156477843802714504780524629451885728674642697937199702128689306162
20370739724541468854725864279753087636638594130323851087978234816738373158960, 59484295130489886199194410094796786806383944872074697848014838565824123080590
59530643588534853732451612735200166766815484027910402064916898069853811412822, 21446838506713030750844979326606788500861333021988571346485689509387903766259
