Elliptic Curve: brainpoolP256r1
Field Prime: 76884956397045344220809746629001649093037950200943055203735601445031516197751
Base Point: (63243729749562333355292243550312970334778175571054726587095381623627144114786, 38218615093753523893122277964030810387585405539772602581557831887485717997975)
Polynomial Degree: 10
Polynomial Coefficients: [17, 14, 41, 57, 36, 54, 49, 15, 12, 62, 49]
Public Key: (68213747421491490771781842108218444948541595626160510591173504618774041379372, 37081822281102227085828485098416430483511109896635340642543029396255311729259)
35648245143775630614734983785742292465767007475597763717376294957685759766451, 10744463683766528620994977225152107290767844059152093069517094029237056902298
25524679662865607863292214553426766738157268517969086765617783520335095788223, 13970080423216656036627059286278726181976871236626869753945181492357344188116
70731739781144670405013142047885956958838018098616167001513104738358270857880, 27991981932474777984812397125177327409614918180505558111576865230227361405605
2070752413832384280222467829148990982259615305520106217875147743527738675320, 72592858571040172483856865320217506121100373243776458271089120064262869333450
31278049840463616123617837523057710291258974948548471078647772970452154241518, 36021068278229659176434008550234877928578127800104433918642249425697510820024
41575881188750849521228228813378381899220042050955894953927378291995779671808, 67898562215988405784556446729208006371537483225725522473477050984981794209292
71600270147744231572671177602065996982821595197714447236028922466968743187814, 24862945879713806068151312887792490447037723062346926427799852177547373245185
17221433837168526799832601472948927488231895986019738607785764185847947668835, 71196314081562961203324800237343113045226371126773506329422944872255396474542
45432154668721946986634729657483484261660079732709184202521799759826614719792, 69514750795705757474434006097304515842999866380678565969748914913956030784245
53704241826940791461707914585659459149703981780919232818537028920871492582040, 42372179086941438958301793518611751441906049189705571058524747249216174370107
3102692001259592486682356547387212609545793811354281355238595876348597912465, 48442064231346675275022296893996076850214554106825135369334203302934946741364
24280175696745608263658729704335667224291725834822186083496260740463387581839, 40121096594050062989297505236523523832961596839472916991369296081343284719626
30996712201835871158822623082258052384398835079746052747894138331008163223706, 74015607443498292222768644697217468804900518873583028673284767490103727527766
5117050129656110520965604745088294209935610661493115457225607523378353223989, 41801019979144478112237222028383824706387755590948552976834878656078127348809
16215778923954296302975688742061820581864965071954162865734293863580029910956, 55931803227327887101307968075922239999807443769336479816116781650608937608709
49550260295057300505091919915117505239440485643193031392920884019509901092459, 40125361278402566473032828494513146980773561632978299322645122717627234619961
72723058261045558416351988187379095587511489073685265629956539677596350925126, 45608700452251149639042213317645771229806100261203723504894804295538964809570
15698253194648345378493434518752942246962677868205792593496969021454272012389, 15247949309170926900626005650249171975046542808940121778819585130734270084070
45042795862110736824501292508598286907339832317407583640173902123176325040486, 31723596864056331393232754380188016418246452857960083913960839626899859257107
48216554593456694619272823181981433934564576666026139489516923965492222240135, 72376020333944771206086550138605240215471034843335812273741962776792814800853
56877356957321818896168600030992378823992816070285417468323406370522786015257, 52255482425900868819334114620768884644848975690158798742518401044815888110292
19328730758600626901205607443915034269432112720391525207867923416071854650158, 46566995334230078238385114396001984949920340684829837695397004376835812029792
36063452244223172421629176284097973066665973150303295453511868646330519045850, 61909839364873723775159078365036847514050020119867502634279087783914162247272
75058464853297684087028250205541469085834032537845057190654362851777192287861, 71531624838723514536803037434255567798896402032458189050471973044160742803186
10696842623348902720210287722527921339746210751033223536059387222526107485317, 8503076814761377246825174097720303578172248791018319935158261441640249481387
3226154298094756596071825192826038745795767157209409352918962460087593322527, 39745673613307288757752931112108949193728762236012497590456717994289857288142
71502666304911266469139853687296083667304108474028417459451720942040073953770, 5452674737947601754421811774796290553201123284086985875473178598951675058156
16442292772246665459976742668017747009723180659096483357859081652612680247785, 32103668656175346515581516204209264322699487151174789473520814378220101805894
54935896795895208504407081566992950649042326796550250041718986856707648154876, 66609337864778042595810732590730863718397519368846320428228559979398310663748
62405862116297941257591384130658140507472728182960453437146752826200930346069, 7837625070836895797011664592021900008819006587928675252800901624069133329125
31431411580956324052774807549583823556408788582591751295251970578299275487356, 19859095922399423461039506939986211321274316984462736872320615302746810391865
6404265662513439537476620341106088879847736711710410260226292522844941682202, 65300579870971299530563637017365740032485938650581726274452720740019697905536
21552534068756235566258577173757624857326438151133965715659390645228811771842, 3487541104448457120400172345985367413358689060574909808771452169967453729892
3399302849958881421625777973634998567881613387950138597421630266559498570047, 72277617479549695203970743736423446784819457581297606681585763106751694930776
62785473468181427420867182614166200163788822522941636595699526253085363497426, 42423588293935631107011161097599512642304680962343760001551798776794733856624
64299706100850150091869394029116177955677314088091604966522261433310488642458, 21389599674132003482224178472576942564775766560906671631066721141618280971579
20483562685661763724494784167389810877038834976747536374686165544723238721489, 57130317209693274627521278471137914651829922892944173071533995562600002794562
1347055766591405529365528825834489741062714402734003597823567565996988087213, 19167478896659603780108466744156649055110218008549792718248429525176435071509
28935757485196957285173300862104242475610398657395475782872523083618983192627, 6140920193952306452479388024811615766651363251790680177850538792516038317741
28221279385942989452697713382866648832173412882442801381911932111991037541276, 5164070308421576236499915126826459685490379775348768563291121860238625912005
45457037352709539122096525056739381118035701229813880180721248461832266237092, 5182459492581771934592192065525506167536293658122118855304345354086203627384
73199973758647845923156583185583777167086089356181236611029986688774014774851, 25546319175410029344064577331904080729709045190156764341796045655773913929292
40409247161282697391138457656818148808644016252025272713447466418761814190055, 72061797949118102250870417353000023963958861507639083143418082479342697613180
35031564254245241680183308300440358546973260250561841033759069292794182160814, 41127864731742305597470574736912131695139835734640916678515100200985777895709
64059293282996090756481937925102099942172595484332105487715108568933403048768, 41877466915125482934106095563392169719104065837672966995968659897836756144696
68146114631062324880427280076826100260264671943915755240540211212111621835378, 40105458959212728184512121612435580797257546228885275427033470968319284314687
13757439922991517730110549151687059952564502014728286680865073042306284585281, 28097667048244644127888421568977173978058411570184972050166278461842598337599
36955819600588231097769626136611298924483220176562957428260491425941462908809, 4436222391868149989357495558890985951493066200804024943342233697207245087242
32260672470899588023601644363804258081862477000793615830166924727518487679944, 51471274630694984880192514588382943028630135742669551037933211821345444321035
25628553858693086597572394298065182356635655975515147496838358843770119989619, 20451348205022437816998084010865927028471357359653701872601058555874363329259
26434685701196312485613595931835866597880007600335528527500124488094200264354, 67442347528854810672652195756689321471043077758503547737988016512146445456504
25647915175846589850477517334530560243797600025174844145358865762108692134675, 54735095119482852497892344243092113773399734234336395742092000436935707557974
74155036177119091325075767438409163051105275869080867786518043201582191839089, 19241247670992130689730820044887771125107396445244006628457125878557048238888
25032573175625784518422872694380764502499015616015425567286599154084040022129, 36830936877224171726813673484244786905243755946829734698076633321519527523154
72861645865266819633480620537589144537881674299027713009435797120530284868954, 29680948589347872418428003699270283597466729804849707033050042570813879276435
74016040694746435343582088119713124613225835157332140788229599445439257108669, 5504909067523207405143965901032776028865133941356201983252064668615320516967
51267010511211591180982871229487710023155393382344295815441171936932345669788, 54300657856608658317140889998673635030259715226044405555478759655692556604531
6235698723271059387690734243137633264861364885500334081162337514448358661780, 27994137591911780752923497130098906359136770692069791633340073519321857339196
46314921684464430258786783231906150213982260683065980752612017418676891087965, 68427279021180719968444207370018664956578178785473723760881309172890443911570
39986504385964398195747885215412213138902146788597792926997664296545769564707, 49650448670544130835093201526924236444334027999693340314338126779864048929047
54299501037445340021822748432940679742193134354745909346973714892128217304727, 40762124802565156377813276046253763969716369140061652808795974833332783789153
59614998266908535291305827821965814995600392505164935679280403408684104429416, 24193054103426591040353241761330075930534161445958115331884554097862154074517
13107616187822745381047476391067763601518725527190699120654290134473086737143, 22734774642365731396559406281304401478264535029778040634076295071187888558873
33120767900799175860648913664633043023246737913895985347045226849958411617308, 14919413906054977232335496329376623104838520788832024287074959693790436565858
48960024918819733541272484559925164173047111755696285854237332982678712543602, 31888815558540742475684474106291567576949652227941719220826647544462172088565
49326322162326624285036551466874354485107674315113801020026084391296042408143, 36105168831252311386715329910507206539737131117834158185655338140293251661612
66323584285898164009418796260616056778234148047541045004378906729504448260270, 57573154101227440649718048155252182151990118007639273154085928625958736100343
26307544062679983572554598754032358703608532565556474941676992864837345019185, 42849568941685557804553720072187986825692643207987272288097031433727094702985
32033642759436736741383384647817735654943951863371494800075939678422802513595, 45327973118588039454105584308728780347580222312929282109982607377866291944472
50877624058229532407440422237857767259223003022330548917477470260880772677588, 61737437170315965910172888463859614915190296048746563083709839849015260240327
56420923812632787713480963373482629122435575800717458041601346065908953452234, 16092016267202981138148572777987819488756316713066051521371953848998690072949
64091694825208351228319835676363982490774817193852907775988981143147816849080, 46668288424344517032351490978762808158012618183313317798550093014529408154228
47135357920325918844269621273648574039611467561554826823520456666229142061743, 63053629133761769791202114210967565264413129818579186859611233933349262030555
23771760460369020916690493578897615207503896471933768059647068742235685316043, 22836024158144461674803949245365130997708844575129267250062199853570805914593
56744150558843643369314114309709128665617878002449250090488626237564518315355, 37273566800759073191698394575378473962781312234366594497281170683342638942539
53302503966655605653280920802653919364922007616900947508020815214690777053449, 73439502137764248068550966763199440459403299480598645017243996957895313061601
47317865120363162470316062602446251861740703184072837393784282866095044199332, 56307804033898820831685834718888799590809212154087275610139641600199236165080
9905307295430675693308197813445980728845988690685768934863758570626572070945, 17190811300176805770137079251974542466905047755339192640491870268520167690410
73541936478839585848796882329489013213786409115220762488850268367838824981968, 5012369337179037390037926896170892977846415744913165231978583745719820800659
18258806427581897730178903204186784592007248670529742015210857258196901499492, 13393133999890097657557180034132387056853516142096980566617776456602653684934
56896269811337559037624826199936628853311411413057649603149312373985934399248, 89623696157010324562142447125389811769376454444024556902948380591411785298
53389886546932034191782874742827700946040786064825250999399202005813836529752, 71676275069609370537770041833157223675685134775996019963794104572208464473467
24456754107522470054059546030275376421634438435616665552944741676899858933031, 10258257659091358772276458163902923437524068087936765328501075304034912539931
42387221707107186325908534743720394075206173182084927364747501660701518191962, 15617115156865106241431345467710760158156195761072747824163128011159270937096
47912935668071567905128512050480460501525055565764217261078849841010354217292, 48420424604882088551325017266103771485394305079597145749688823576388509814139
57178923483372812159090059831562732155455743986218985727972765438096347600327, 36994074806527365145386193172424038909377152059560619008803313877178419461813
18488352736797945193074809175361292017636560784136112412561719078687031837229, 28448876662734922330216060422284930853562344380505066534353289816550047316615
13804646153803981267451912558011542159174700318731988478429097185067627341212, 46755092972808368744783864552255252351347298531039804427359160695114062771220
20574758162437230582478236421838150563518424261093545288001879711865387001723, 48546436759166595139596463476225734242389719900629324199427297111725910090764
11023103818385207443239348965751247682944670615620917157714118141209435981374, 19004133840770638104036669863914911322752483924001773634996208609073169574420
51718744900806758808714715628212312416162984037996575590341194391206797084530, 48350796864423040372562637292804610115432848510933137224764412287546152886400
54976351480891604154263631315640665769329952676344130231319634508598210133997, 51272615625725271075949631402077392735408808690932774890674580287907422301977
4371308820011802904981561352171265330476343012454441112457025667371693017354, 27467248877723908022112443566039320109917780197533104742061459434667609069149
55733928128892908931097769515799405944472764464229649594409815337402582358853, 44434821140887077698743005319853746579687295389161420784324375356383084530090
62404782492871773095792977422066538756053580111138041214309603024747954224768, 27350600235282555171841636788670370585884360494002605320680223161534905064578
1751334303163389257769162754514986525124331879624207249196098929427843228531, 43475469781480122314360486822621251477152827130518161799524813762400783573288
8725374058328583332456238328211409729714932865554139063467864148683398880010, 42073929575109910435008218428824224509405662559684212723265081562662174737825
59343238228016629819549148359130215675709076659872697293988065631095460520960, 67815439636670285809886994492002108179755508284035577521346668508586763202016
52780157130033117838113160828323710178400301973401003199558881328405752458149, 66125385955803697802735498699156449769221593630830691997353072993104185527284
59347968791782034270485809975735682738735380118258993171873133118838843678116, 30896097827755195962106889947678349282280258762225382917442702668946503355436
3427564262553328564816226066522166357903395532703412597437342722700622029258, 7394709814276400758166739100672903936993147323276386954349322203854590802525
27691835452819086965644280504697758497651213478674967889510533789619237511140, 33340421144671638297523138499540884535976103932386015250303628295141144607194
4665730640492845722010657536599051594402687661936709987168229871377041057049, 10006476525206619015315680402333213152135143809510850296337235694778443139206
35446928474578684270564873880172168239506719470817899596526201779362085736341, 40769159795533184187951723252564823284981467053644467341630635287831709703603
56437529802689016912575349718968754187879175333317629917361124952706423009968, 27001522937589995960710174801086651888634740292074897566865899844230695542742
36567846959838870336087180197758740750039517428927490485762374380022925843645, 37211526033337820962186007528905431521816458308112179674318087675210021529487
772759551783801197054447534003133214349185578032445949996800972953865645713, 14336511951805288729383912170964297226239267162850158163241585311402688050511
25544434288283252121535124203418440539041154911879899041744501308061765028735, 32195988644883768506643901483040110629369029169049704974493813596686258639971
41286824487076721306529359432636507252520382205452308096228936685371076120111, 59155116164947699239112854138943610397523242242865892690746485996795161673452
42115179599596821208109779850652990237482035760894847543993439899600904256157, 63930102334591022445045691300506814797150647611991582973714117845955288625679
62322324739987113274776614859917297056369686390314713928726353654809917319392, 7299322944605738284229075101088827488127341863114822677326159630420666405940
35099310163140649594452365482613415454312981027955915269463555373465948554611, 177880339110347118572568212849240059113811083347022569734501050924653223672
57401204956325746240388391868534591882503001421388327186321348829390371237307, 60110651237954057401550319933029390942492824094893242567852553055070197106115
52910336192297642473064982431947388396579921976188704632236853304561043118522, 23528426336587152736371784385969798930813299079732063034973893756475787991110
23539109802425735689148083127108368976175242310223781000890994553732774591526, 72042380333567971868237899317073242646619266927335676544963799250831300631151
59322680636592261940905296514456876825971748939847105013796850259353616199342, 60251023425965856769760202261012925539737684994652714713093112938690624110635
34260908400871916554457918149472530903962340760315760162553660705229627100994, 54886085214383497882400470490836869155272381285755338083847108055409079065512
74138403844387052428378956491181262560009288095370901571530975801581911582561, 74561986213105147559469278230165252764307283071438302625609029397095086193380
32596280820828118671356722868498177218076531176117817481598368261202823539653, 69931683262845706608925687785532265866024052824062550508322625264090119301027
12921620597007412595556579724406168637876641983192567180693300754276238096431, 31787774527781123456520634923237334330489552161520641349405704050805075958759
49308080486547302400170678508977779635104952530171262459754174559537110549933, 30402881426268360984883288032465899053320323531691120355676897553436583774975
72544739058375721032104287832810407427991797040391008411024162704375151829475, 3385141880388782407046026324247691982350129715013998736402996299615667109
48344025247028563766818796928561923009215210163767972180708594271856633814606, 27114671862929719480474469638727565507763405950270948774722885090617522894518
32255012137280777642434535591533771230229319735274265741168316571949487814134, 57767278259938437679795002773450937696192893019271739140999748488375322948795
25638858705593629957755729961706506918610839448794550708715569341534713431538, 52870500680864000107308965456001524207637627395264126605283623316119762284934
51514537014011579182800095416102567165262872341883559537173427322220444781548, 24746764391485543547583217948730878552944229674243227781251412519753438831960
11025903484083901961120601233850567027872888194191174709736037274706240155525, 9273823960627742808955158538583858598129878480199614912221371053292651894064
35394876161291928032170689303277181210585922143400405365809228136206087579452, 43617481207596209133237404145811548690947194009541978690684651225785901582398
44911663180591416852959873846566675153839747171678343607711320620089685169959, 74216320222742968285613620658954668559005118479859210892658207477750912666921
7871106793148177777561898270991345783924518034664261175006541170715253404731, 11312466802193673405150410988618328186396701151754878347947706578176992658774
40819987969440650219422195281226784769939129758195906110127759926596111253092, 13686896737979106639849998804473232490999061315692446284873909808203026086662
61724930491835016641445529307471337100428886920253057028294966796587267273247, 73559735183490686387495020868747501149228265657860485290320579086460238157866
58516127294526776855040516987126377398460762734671143885435379182492422731600, 60527830590220187991501771722730176446738971543529417693553319296030983095271
28543911707387859415662958338313780218900436692580478631387468435531211841806, 60984271673327795325932710316694827315338395158780540752916197822923314223970
24866153704818953616579365242539451103969444734520216230393555460744427583323, 38030582121664961987831602196685692107616173812430095437391935935036684948514
25675157095555620622907876453354908726941953284490276566849276771873656577472, 5065592357014657579107942610380382964238152131663118777317678859832910228299
26334359314370161122291701928365784695219140054699294419225847141714812863213, 40542627219844873286726877302240863127287508290063378534203170247509361999294
32716002895438066453008735544997990390127752826799006740035796737052085212716, 61297919763268866737729213776996086739605474619711976594001852943348972444766
35145402544628261189115480640854692127183585514597148066896948652953018401066, 56039063291987394254965744092510651595361806780483210122663539259574629046355
70139659282686317085118848393206163532308615907636453541368881078562541931643, 24743043375142206205158473393823044041457284764420757177714659581968195487199
21340006146954845808915787102798570930748710061746098939523764952480409877173, 12293289857755036742450163348473263483832651077612604545444334199625293105747
52320657263779772409532092964338052749689881872511164529003448096587456664706, 49680854521345349738521678514159105606055242849202270634160136893246634859522
22741416798698236018567381166079734125249857839040933867730410623448207785698, 35554427087986466806171635242884612319129349368526623731627837031401443255773
32720918229210594087508320174773498220685013868887340797082908383734841183784, 68429276160253613813128627876360877382388972790821224658961287793549373945236
45793295678414543103648885869450238023950902725773440203207401619660441614689, 33085420596975795999362968608652325975610801141073126193093144075441078278183
10034838280151756947759007974685446639985544592341718845796947094115788298538, 2111453972175719682719242107598793198732317423029618183840479450568881397572
1396625991090805226523240142648160454211320375449418514995867234560887655659, 22743353151725011478828268733241162321783328572889065478971024397965007383109
22116524250654651155858918181778326769566949813655843825552851247898604895194, 66351590697220203884939476276091562505820783727239770172940152354829098720596
49878871261752588562914318045052319979957546779423987686675778676590409080801, 72783471950603874370860158646288312430860561171471266645466924074618736696624
10337740745719488814458935326893230852779515300199821504893922987207838620372, 70313666469539731253179420348192229880151697681932794948837059087369188063180
51640959199468314007032731639242609867119171132619423844179704332722978960256, 17396647740762267733087846185814360891948254595965488355970485341840629533518
58349554471121901868348970404637032378064873244348674736559152113873043704752, 73801818034507602421327874995948962440877700737121804170200610998996695224885
19911699153222946010980254492753133616440543510705055863578857426957501675991, 59639101991110433580049483290947632904943320981704124797294322026854225055909
74214145170547903833047558445593962286564930331291538045109089082617262443959, 67001222310347897393241982012555185352843458699050137446693507306544849098793
62004240805238115866608689368088687185479821827386978514284231620144244869892, 12557432038238506773451026377659907178490778905094655018606432203801941531587
61173172953868585426196342878732458798034104361284952003206461231445565923512, 19143403847730910059975707514215037866106023265891112130146396481582369899925
42703715601416604758218076445099912840568546234752434987932252478817013890593, 66821764478833501820874580018036513415952338156817207222547256147710672223917
60677105335406748126207574139088183387487348687978108116628216098994600593436, 36110757575921815709198734344057314973967145733902799653690802350540671789798
49686727083107890606212129105843082224879022127401367977729457559479985484458, 73186216651653872236646412782782089620569979402005323140616041391798098527678
43739427652333609704537852245745601368728155907623902648574995546040127987189, 26815203134223415516725237063827507148314868335670135929865833928693777666183
56725295487880733640119081784617752696455306446021245925532395162158796909310, 59952331769979483134478950797009886780080662348356971362077695130710943277385
57287754074171795830089359632883482911304057244008102599283232426443828123965, 56839745683378386450240001102396876317247901896188264112195036175944339506416
10705220380055809833393344732072654936378036345967334387191238245278966807880, 886472292620447730358382748101733377021205032223094125071145027092543960895
18046616164703153811054736935958900601260730646362878508141310680652240426288, 22399349279697453823830955770595388634108747050417841729061991108807760339658
50398273479724715550019796536946419354115568246316656657299966456561683654095, 36204280158898912697758183265439566623016508420590691240720216890958860624025
72472572746094209793746420958511332756325604519671433562968330347953400001579, 48257321972959974319003097976660771311839840255317380807298367320223097698547
60693071658970084056417144319055971603983446731019850256941201292899375022202, 66681808707575711943484501206271388485663021439506687935483995236494922098807
34662344996794392320996045823745281071704875589979942830316002017066689123384, 18574176613917807684299332605424794954405014459446523712713001941416642231351
62750009058368091297426070084384021243261320066069827356721620085156604996622, 74202081792731155075613031739587654000488319619864826135949602623712584076412
14193899239829707051568633247718980246786625792358489847170120398345234684091, 53858532067253149529105893657852087636635752191653253168322684171095989798230
5031214005607559342450348549555909125123588670315202680270868565432363739832, 39333149962498125896736197847602688845988613709948099052354530087227170964234
31467299319297832934226765307556155063616792542028378093200099147370175010939, 22692677355484132881745507728272441119136511060065422739199372877133565619252
48772875489802208091153726411845769302029755493874925168766910009278738040838, 25787919609260743154055217295131339612715083097326272694679507129519893478865
5159110871238388890976630063442159751503678120209646867389966122835517018718, 56278672927453704840998983397332135329443322555305887494717010818820574381436
46412566243785277480504766289309153676241047805519503083239989362585149828511, 76581058722965972906343093174905997882715208055976070035651512757847065832864
26433829763696451883962745995052328551218410128388250080836836492624591902130, 59300939790004835483144115503588338854266347730270944387990483231497462094773
6721432438541787362916784347164997729975257871751121015939759549339810128810, 74505527500359068821891736852804615373652238742039859149144424376438247131160
76785277461816257424694596876489036868184114705544169476348170426292286388527, 42830868725397691095328102227741441181051375961829279031148761594009463478180
37660041729339990968692184595566902554026950575076942770494002376375439894511, 28759132856776590603987325381332070151796874372157437380886906272110480042708
17301159055529437643237468745524273730009044312733004938923914378364680778056, 38611311435293048025908526289246028041934637001865014009615770644086696691387
50144659184080480374288286762546235056380366132119931639336665274473958090458, 72366657825252562433793495180020551924069251488036497233356000389430069585537
47498943188994146527886539270031599298617109124252945878123161760400407168254, 2629679667597775636399592840354691840105644249526123691271972527335603267877
68653229982712029065442464492697411363110112921682976419374084511932000487958, 61587376231180020362128638163938918085582316075400489787626198902123171943598
11033696345671216006621342327521621114786700702776616323644579086653022273889, 8616292888237180300085276190639221855855841433786379049214348333910529747972
9319374210286401609228391871528819804945490252373463881375396352781314872790, 24905435243908102837324253076097176407833641457216956481909061414856374714174
5205843413171548407980357563740102849969828056620265233665742776378168519258, 68379879162261917173422892379825835698952021428401491860090389237456329095132
39073408876709454689353738968749212717921860939756512538465399266545661065938, 76032158005960154876406039897267721934700544963595198599317837956911784746281
57144490962741164007754300685345212197421829210553552215710168017710452446134, 1331547519630155361356458529309011043581226470050615445215615636784069860934
33849153820179698824847295639316665000070652972764429308196231831920988368311, 50858669483794328082777165517052894488118877350691885323411291377355596752187
49193587171690323013648860410820785163769434674388897606365492961388765998191, 54266557985211499438824628183848259590488450896279048641917539081268797581615
38466798545039738455821810517974364891965938061538776995996032898793122613406, 20950922754800992196997370557780177101091083038937397254181803616369318198430
34675604157333997087671683661696698832871953484134923605019321978952644222629, 75266219813740775250232940384148912829109847302173321553101485452358951049739
57614419901978994261184732210990197228382777448840702290470167124849145138512, 67812167489607266247681307522596532797887721501851370244209788467808159165292
61127735353607347344597456701109012307493390525655558788405274910375629794441, 47130975652312171892202084117728238798429376488507338355687972900020953620136
28763049098272085946734523726531322248075651567781046950985038161748767674274, 20682661646844139875515703487153934507478389713901631869423004058167020933792
16439861982241502171589028543432723110046998780439688545878953293773219058983, 46995803883335471922505819772754158627832009669483540930156220491243034758232
56033775249717621027344910599857397665097636411077495281384129479449883451656, 13024341164676018400918202397786731779822668895527208498572993278157510486152
18542750639793518503022053830010418907031561151085486628269543549077411287033, 59570871464340317620769722103954568965385598220442036586356821378845005059274
45966701266696913127025722264935382731955241276715196793952746910485518200652, 52375039134159838195055694858271493797246601692765195018966313289588695486664
43844245546052815964432565253961244541355515349781122328322795263026187171698, 46751135371953362968041140280306034105372073376883630460048673300857078999615
69809286377681891994411650412354348702315219764466852140715794409467273026452, 40104117634559985891870837362466535734012032676739141815976973575614975263547
46828676231475678104603505012996935743566209116654525474247267478175609253151, 50803521127288227976470545898204553618574645615750073192872863611757475480562
67390812744348301572484806525713190180765432404122427509377673353006657761766, 43624808175057624870096942452305958579815673486728605393680498594290172319866
70545448548408440526121135587873919264019933665041648339408651685217546309942, 46074342818427141409241546104652246735003304965485984755949055444295672218688
6291240595241751421322702199975555401281435654487458867639545225257342232549, 73773822207536002122686526489448856695147242883874353592743410516869490079166
23708514034038535150309209006279740481348046192243337581351485715648176893656, 49998317464721300344293626596987783311811529406231948834707059989417330908486
56313730798336530161752796975396515605743575465268324659455308153042036261518, 43323645391826153911503427281321451914713418796938575504826926938917921854999
37894145932096042217425479156086502893277471000524331329100105739752885352496, 37835595585510845682473467518973736947559159305483773067814030657358533675949
23443971159065545018741850667403446025193509251766115127462886981962390449742, 69042024397519437674923252878995174127227166259957246045748773589837026609614
20360135583994912273685701801857716120086000860053685886291377548194453646727, 67895078053805081239793585049444533359203045622512138397004725783169585762442
4630974372718155534493629178286438673305633944919396319519209364600805742026, 15443739000720828894980234882792960367389259090858318987775282113847518702599
53586590976423587261308462439888015604582189788426874049598208415850472875728, 3111515745617071972665682334329608908825590547109856262773243454257424083801
37249110041988701693871331911403034275912254348289068251707638437036320179687, 43313855597599597250946213971723616435170210186165427604344042551182051968487
16360707392134974561402487179560856112067200900987848502855393766280553244667, 65862584270955142446239943810769432010475965010702762987582193025715897088041
71673303397278578752574761415106196725049986741364139178201867857356567008944, 40061727362390359049398728827658999550750145380133707492758948497348384863763
20119946977152081965972294087932500181318743952130499956906658843014773081796, 2398550417072448740263796378403955975717260696502195893643840534834642277104
44293135327741019467199396412212382184629485969544890160039223471895791379859, 42707531874714082705596268288140684397895834269554742796340865341525807085149
59497677486352862270062408963920534432646521286078174629569505796442668954103, 14379590311010827050438713740848643747197962836867449686229843988066233231286
8775382670841812439679741227056543029485416313926781052677815982500686173310, 32179544235112365588841292318130807210072120686715476623081811544863710988075
45442923571631395501467303885324412083384386659271896289830584196756513901309, 66227214905812818329177338905902391391736731617916066298774639436153779471935
46823044955369498283007385067565099079391095796978944978841719426762550870626, 69569817092591205574579894754457197631435725004450413758516867477769076146104
55669157072596736810921265604187253331361862492531862378570453146537087872632, 48402826028606723554086570875016570966004787989125352659499360894477679232600
49487942170952477412496876596953374384511543099737159040770432487445709429016, 39165088651706402061313033810927868809985904990983166429232263346260645515923
65760652897976990021035948969802436134244448629854310195920937411982534077574, 49086102619145300926673919847342124140828908001851245169695615130273193164156
20749730178292831933060148044438560168467355624731559197669718035169397031497, 71392345155516127176868172914190524446725125275657861876813771016708888576189
75246343742317639986976251833536369596790283654490095689598591675746591266163, 48274726137708471049511230373724387765697190588062614316423967424759058125986
68903764119119003084256799332991392239241407431497328601412905805968342123656, 27855418486106335198215379179908063420968250623577697946836512055270793172808
35412272073440424435305468275874069581571375476876611948074412570889487809459, 58551985677886453683111828587477207412955576510134884812870774210115672883256
33777623013000684364493549485305365527081582007561094164828770447382329266055, 48227344974808930804627756755811123433795614866772947264062816280704662439160
8116878699718931438288889792180701970907695642369840165538497552436224444107, 51126264839900388222932558200706109388916997990939258863169000653821966126226
23777402388696737658667443263231182896129965075742896797853748530459394401609, 15066144047492698711141221132811682106234803216133012163043826938109493687187
18016910510953660029281164673636943187911450793467334063801935317835329683775, 39667049967911867378452122577326219881394747426178574998459374373388657470479
56888035242248726526252953657492339350868908658330452148186571485162748867177, 36291881238091675987461741388502556763771210445948449287978651882319708555879
8563353315418389856912313760764072423786671023736821623525181653440929709879, 36750709016804451472955468154006178414499278084500768412508378902643797873394
33136528810114901771214877446684980574533786339345938513752217998179029982227, 36257995425551852719658837091124966000840817105184103194592726352835655085617
45854247467198918697875082575064007817591926144382644686236492516478641712442, 34903941828565246855217206877244951830260895381677305744671651964980421798431
12757070301912145481227289108167395738257623655873900941830194177499881141250, 38806802431328956479644791467231910932312757927818247698064023689785041636434
53724632874246268582808291905665834263785066208007351943735582024382535195225, 66251335470930502152532674667147500628614285474358218255302397581856159478247
32973199193382733190619885102553689682954383294393226397009472591582135271757, 25348077096545657081911134889460042336583708879167118463483486727231783731098
47576397319091460361115275427657900399329192995615430024655740088857296683187, 4560154559678389186957671205428987129481378604241537600424205164493956232609
8699388462684004986635924259688440856493393762572579356294741740217785065944, 28148552717120052056711597497929576190792760233558429120099412467230362467609
17253386509154562621700222373771919809509025283129277722087921895826250630525, 10091608512948948269431197158305327361807048525640242677147016228606977977393
75329039701544444742735908096752236179651530678875819528242417779681621551894, 415934600781037515060772342418285999221879849394557039320864082700523420484
52376245905366117929585473628716969117038698229022826511041360875240655341814, 27616343893516331387085064028778533294922777732184791095274878187733744538637
3867583571253522931951841627094234959177545512055514650841664859924658009442, 68114174282914847721985016477490730794465267642816736485419602385630924674420
43590031665158593600844382412224707750965093065143050033831396748431114348351, 32971056126181312891230265690191188597760119775202938516859689683224785468951
1793907664851346764327027100485066167945968898177378508323855589847391435353, 15793604492454843812972054512306629846494663081742217323543216311275762347927
53908523433871880037572650232020882233512034340567577660229842169131840566506, 44025931202215007437601079407932436858916733732860174886096423154089555462188
74427121568860861417542705965424720320782372133366327252958265709710063575480, 63518998804976664929285638426553806009710028985133309855654364685650000758175
51214041930019702086805338629518233931340934081909565363194237155762506611187, 7441816087804802015524161539068258313394082877439069612396053513649916938115
266706386075476325679481239269414111434116467021687062522822151018148911452, 12771369267083509094425535992923959996072734465552973178820069309705088971539
63479558296357094177728421184648192060323921120793482536879854266351966933741, 5097713835626339574843981117562504416830714004385664015899108690137978418856
11845005063149441200939877610045591662812581617954869840206662618205972914372, 67740215231806300008847321964233345993602899458680472644022694820378441527678
73737155504853668216548249052922154739313566878865865461808242197480708639296, 65627442747856934031781213553526621561442088684343698586678718859221658857647
39653194607466521869605459888243862024139764155009077986115351643618823686540, 41655129892924254712395333674998517410991482782674469227947847089637886432041
45049415497416981059489832026103232316218373436118808955652121657545153650250, 75205204777650116955101869228460899122881212266908627327598405333649450647627
20969296270299972460264979173834163977814646396560856033549111208581187882321, 48522404403649916369421679015399278902603502540981862960340646674850970172841
52972392667218407577418241487795487425070167502500833837685265492157291948230, 36516400379177010583811731971010881992870729113205644385155800330377883661920
38266343725134798756835706875291018118990454845540526495424203577460100779688, 19291794544241218933416167523679345757314914934771498544984903200748025649156
45956308603523484920313378157988992247228858504622116230411037682762711090701, 27598448057162473329777959908790241255101610828466268507300598616071914351552
60196207051310891928958362450128882706530338697185883393653325838073344371553, 53793031545414651638024275469311804670496303956423975489427112295470419152295
26026640924007045961446301652189995528761937782696115600819183408265680926754, 25717230751428132401405524052439913195724429378698847153275164279614143196137
65776834406594088222687198873900731646291092943397001824990021296074433245144, 32235987261076889648013343618439675884445973369706061664535605768687420015903
22121190124038640582012828924212448538332523876333841986256983688788068918854, 59774205043452675630692865015852993227873689701942921892844048218276534691089
14387317536545633448965056525004502400365208187667152149166485264334991144211, 31292177712715660959000335168003948442262626555155939387160456096287536473426
27372336347092423422592403850088500482418971358442862267012506282103215280163, 7209227469862767868878542059464996409284073229568364768772343334926970967452
50668822905687002346929373371778449255210519068408703063985213143303634164942, 23883098638547816015842486594478951119438130127632310343739923779301921595600
18538027487845490000112044824459491061005873361054970616119703260394005242542, 15005573939406101104664372326919420713911808395177580191165707746669724370478
47464388604994614593317701572378174948692056976828689237283788009246513059497, 3328727781694966935705818443939419259603219643376672827287183065190123452501
50158413148675312580196080454612714065788061554956463992861423743250840026866, 48958135687647155269120748414378916665524286974274006691292826856134283204274
9963894973323870211159997551600657070131598968639490041320817250529952490868, 76493803776114771824481223723243861788177489918140078203825502187577739299072
24890065694391430511079089326944553812518564305439052779704093320891805203927, 45866012579761560049870004075982900273778446258884714551001742015510595738117
37485255473340872984668134212159228713864307840591427313844132057280580313101, 26674837969829273026402982499655331054263155261735130171588487717017445139945
21350671591201447909573946911976604698589106295502128956881402445683541696318, 65516874784080334376034284721757538682182842332953151325592456916014091027450
35132334221377027032596874374442930453356046969381126038725688954270302267485, 63870050863991032100480228787361075201458410191337972206140376987716243738037
17110738182707696004614831545466859602579431435504350537230339163894709849639, 10220571096705267208130743529702234330668181628443243286269824330340963337343
64089933054224748998708667212262505566650660766781683997555904166569667283175, 912590516387535919665624744941907415752205631548755936696289392944909101500
51664837007042020813900366955958635654664225521008484790805166252514395487419, 17942659274716904192389676562182242397032862623946971470083593361750051852114
56572397292935529186387535182062433382521065450769049166908747813382097036014, 59457563226724015118122236869177234827329678195013574222504932940957242950578
69988314476255570603921478585425878651978195984507676216103712130470641585762, 2246020896737706243608321663048218232663959178659430751078555349539811349715
51698742875485959665519520133772124080853272656551029098143087108446617767912, 51051645384040139165027073035185071591901203804493345889131863292677722095948
22964665429443898704581491572315466283843679707525067463739168662318955015491, 52937236314132503991415900837439251939090303275753378939159796213930950980962
45296798641638258496381237578754009672438324677755765630905166303564700733664, 65767228611190051224430817788797645117699689088291590499951214857633884418779
22131457149062417014616719268337075418817565642286549130011538524162714271343, 43872505490562617529379135264026260195629216315482058407925588673645047039670
4323152540285278819046784641564315081010987864158610512113781122499403255880, 47558938435647532075428527460005181353937987093695753431920965399023537626271
30644508476864709649359446013085885553262338978480100695225125087887413911221, 36111433035814874411903866099903003624597924525787165156037015152387210349653
75070989926966497565627801324388349809084720708811534873016141036549283642540, 66993297144295028998996969362455259807279970704483653097171147757111558559898
52387651441107189627326010767643821357411923087360006926541896442608009641820, 28410442174274361785330071057479318123385236394932468134848378229794073293063
57103219722167269202627475614168242961602536819706190277614690774725013130502, 41321405029228285114495259307899344681685017668121789589929049674282053342098
39411096250674678992364266849910871617427926186846127186990683169580277239318, 73238806310879209650454769125972278464852653598089152328269812217760412970715
20361952618472147988596479881024769957459133110107052177041207047229049689148, 14172750810629815356108576561970999732399613754951364624934274279204700153238
1322592844817888693211953960667112038913420206473690640796516218623194838881, 30568343807089631065058901676155153164654490776039741499531820474319014737232
6058881301407627032048404636608379452187472445157594691415359597092862892510, 24510230454075501473184798888634694269820883077282067968080220735691865577708
26106842350447680361015039497059178150764519701104056210753893725906105085480, 41517636834146444883669075721955322220638666941350415910127572743503127269031
74783651989787767792395239997578515592467612061202335368806379160990353021052, 24766427634406082103949208098700301940816517216408144599338090825724909329149
9741910511689890477856450794569382542520236225119414797278768482680871704069, 55660830809935572496013710797964053337144856810054177151341108479531719001169
530903129972797818341838060236983024396318600868330739766203786898601292704, 31383620212691568517967780655052675413197976054764902831469154882868754193524
37426696729008217676642681638623624454795475598314294453634707099085267746841, 20714017352500426885521086832049676338197936949235449283991719577709455931188
21712970484422796861961505955936985477689445864879433803045836359128242702386, 33356219578663699291664346636427342111325578167991463443070965672207517866516
72130169564723811213817883576532008655680631362128052481621522494355988129811, 63168898819374466113985258979956937186912878101743316824002403636378583186877
16389085711554786456348390154030056596358067252990405393678152060792043925236, 51113717518672720072035783002446342904171824746126290536407535603078046692806
22282501397572058809553727466503666966620085300253468013787602917140185525136, 45543735809435407043147358249717609259308498643393173511585292199683644177275
41884441810869611271001487850187416907433834577376987713236272822422956640109, 67672983691830804338823590203119930910749894839395175635029579607120976519591
58685538452859520934081153616717696448540366396625280939618873502005003069419, 59616735392116796545377818176368907972309045960067964014699355848398898189813
22809845784969258916390032263740274679300380570080238642722037323917082174003, 401122069063260851764172192201443184005323083830051907158400423479505260703
21849883574375347185433039294014817616889736508297542764241513292199479578787, 40470096661863498402508781141551714125925607032234282765761361826136415593115
41115144623470722209429135035446236228357218305824690059913786285128787199562, 43248326798406324242178077565000228578113988903812466749567638070609692867436
31650220739779417590534343920728751387050056419897996862739470048010185058186, 43597559736608906229353392467271515545387385312441087568131730274525217169469
58268870595054006349394063959729130034480693659430472414120625618413070507037, 48128392876823647023624954121451892393272072358248425021223238932554362039505
36431203831417548971962916185606196982256007519497224938760069278208476840452, 22541447340845695743843835088861850193180153305156486187749625966621591415780
68016072917473800063477862531094749747679729289050145768349651664505342938505, 60884966301048919392436033319399064855016218139827124989556188687693924470881
14888532153748300163947357497224571671654117466375800157618141796279338938759, 6918216624626447527175773745748229661516816669891338032196594983007213389437
69973257286302167847604925462088323329414870901481679408933519506564874281200, 34373190003114766976611000386966784674727248986372719022092767843744583328537
829920477420293038769164474083684585642067203803510798007361009599813870872, 14876184650753086707420683150356118180708662217486030643807423002484955589478
15899824948066527802237516164900951106099510845959108827744597559145636052591, 33472510701811812275607190712917607233721327366784005990496481611532969107375
43902973180899339099017365511842552284729126521936856551357332397670762095290, 14911503158505232166298443959247333574925806572073897403365288473458775429089
1791174482515221463151336475751494246610125754262371353401006403261089161121, 32362778558189779020525013931409897866015928837892908813107532800927650972860
41380822245056202902769232437643696135387345076816071613575908513819019943440, 41054338503821168896814952897604223864108922259477698977368605941363746401835
41401439636435204817605758349934776786138601111750446203426412212036575017230, 23467489707285616671630071831989031499632305796251401703240508772273778347965
18182078094750572126519261365793930706394475700382202485750290305871694328433, 70891644526178884624611616516186084095424591087810870507472919408145852728786
39279503240356887590745065353571751621197755161304852573794316475011372286436, 20381492174197046876726725454851660396698758946588914018926029617089860945356
34745043300235100288920445673462645760073817696732334751537774053650503879959, 37275185115043241538679997108816190399002643323078663483186302506210924289245
70400787993642820440984090103940106314051277070432069986520172125865132888498, 34404062804059803335067915423334752890551658413350595729519046056906357171374
1683988372644276985301265903447054731072076160958676436768472255189562839894, 20004509006706324985649318377424376948980689919569802055997227299024359326918
14667215044905958561916489456197610817820121161315620443651286535322407945682, 69510577782360599178336368575506844122818791972326293520951745126025202319082
46219855512701544573554046958773818992075679500366101499884804000508933028274, 25820154608045521887066118185082610063944299809482904151515554052742432953769
28549388392963859095710205983844861429042484269696634311342930142305656188962, 18964170973793186352955933026410560913745252110090814532074583984734695194221
64108390897693077744910663792460802904771360612097304763688429735585004993083, 49556761392131758605486173499839008478035269029436100515760757327885541141913
36363208285847787734962994790291431135437818630436886124404892756041887190070, 62780589415692810924798150397592176900283044297052886472390922343321493166289
67894899445433205883607965089800832362650339208701942055515009506720661772784, 23119729354011636419774468218960755332643580706373611850230645023736115275612
57794815045687636362880487813723358880025674110564110218641262236037694754080, 9818687072275263619703394107218918809512967807756335624569734418666384693405
10824031364328278495879886210065168767568694502537498914764466367878125424805, 7917671791959984869595002819452932985487413183769693263138241145263701901481
26908895803803138184374188593416004997231697308428772172376078066682804983646, 5728505299080033242141948039510862178277262531026833773676281229825623813938
69112055504982604170769836973385807915523218931134071106839661755018827869281, 29190451424781235189162744436736358430379913094583023431879704947553260052109
8714591600310490116350571898470601383980064430647307901030836702635061106430, 69159215826508953893643403965085680853817387193879383492438839414694758997954
23935614127787724968005617941061716848053822897117602808188059984419631429641, 72120019129937820375088202169333552405744875629805767226056453570431456011703
8205199634989753991455936937942117981774173479125308018835005837313501023380, 14544414018938183067808329159872948447139738973861991356569363606877959370453
23378422450506177473496841361937506770447388197577137152840352176128554847989, 68637441575076961289252058730177954894085518023820634805138153713748981251821
43028001162119276235310055011796597566652519508894760635712079305988544981271, 30908204878881276498753187445158303872223940612038073996743039899958475918808
72865113178897868701905857541539546962400397771131403404585856479296411648506, 3714883613748863533464605826563919230765998862986237618402226531054484964585
20344876912038046342429107136456786816677903219913879951491989690324520224048, 68820374430659396325536363122119155206352015038361943682620541943017137964272
69146948069556923905403973077068527080049753312578585191686995029127305784205, 16205503436376358345081942202205476698814550128894439846164170326233386981535
17556850355027894722676091674919947551225626325726876365329087038053034307251, 72499653330933781224941609131062342416174150433098041055677402971847935121029
29060948392841805326527482670362833972556687831118889124968373871981395240231, 56468763684304479944469114148982826065866725951983629628058034649478346485035
55418954917909045333045627204714510707330431229532764804453708772322740616650, 57756959285476895658243822530747377268232316252248486346505312536838623177703
46552950338639801395823079238031590842032556518625553334208638603297904639001, 58084197290657175137830761575645837884357395585265295756030066510921694386944
72055959842284964823837201357666061516115164373021260169468805553661570329532, 56678947219120562547544229762914529115823683644034493376221971337093364910556
23055070266401340456875010660595313953616303562087103160437924478865121045676, 45993488827611981364557292071466902415374813806346746198411572589331356094298
35761069301189869631181557217663011769772590468913880602701793595955635581446, 50403237886118852963988560226126105384771001683425791460337221514902798915608
17378884463377110988380808493515624002108085744229153435711060607666100386348, 43597685052538371617628890132292313846267357112726399775254829265898931585522
31313782432944720036098189452392971005127251927386273394388908055218652645146, 34531426863224972199051184899722138219912144102309112117183023966344509906116
59247575609787926739043548389734108406969194830366520339302211215684808217668, 11258533381802463603956602119586002686765595749248546239539661337726085694320
25152915124658258934029161992423315120828170282679071791545260504973896749836, 35971505186758385786110510596702805935844007474902074009424858290243825957087
40441362955642979079480309432464583426273441676002147281950245283012668478839, 57857795164560397405400492247389825586780786656814104147243796232894941754244
7870412658691652936684013034850576543364207918221110296194989348528258907224, 74920098249647543533797366037396332033868235638520902634064392866028211182099
17122554092295495739039937734102598238976287737119770108629387007834852708792, 53684483049360474183676791276714742334431571362456895703205175687146595422737
47959259518494514757315238332273731711968863418869820571772801674334757592925, 55306323239160981087288225394141258196542210736773011911199366042163312853242
5703717320246287559091717514753236830503017357239405685740442891590163196203, 6177319257555672201588224494138087132886180209808387328292862051899272211216
19476161063276046456095255487113438389841209009457872188067032784139570285334, 22571880584490205243010856770589192503763328116131085119418224084117814354290
35135638048561588272681303676860948487910806560660242027949086447230584952839, 19382312093565811424672097192833077421995685134117717711124119501005615444034
65298047729999534164876653030241242527317664031921026001874757225326992643997, 51768537013250245628767113489740241484789294737161295753510510974400968116000
74400115620590874598261987179737713821968132402178453694247705445818945670519, 42417572842437705733469991115332881802898777308036476227565408858376310065108
25312242505306415971173531795893856331258834378139749129591712244960940353135, 61708882184583776806234652368058352466431031101031036148507657296108189117557
35580317500955383274304678798081322686809957580364692127386237876541344217157, 3569335070687426515976408334146841023294021094593115333298467043220651270759
27137203513486504942407725005759253500815044888416555096027963890540772028538, 26230524278043820717199400307980407282801058171145315489776178076575509538736
67453296872355242425741807716056278690461099912774600515822580454383878191223, 25392875299490243230318721143632975043240930078336267650903123973344188983792
59903350808794014076472102477512562146058116324207411416000326797238313157195, 60704142265211720766943938109755957120943049667552410103461093919869279976748
62068708007972438045706449260964139442337324412407109775257185586569923779804, 71798331813732957189359965321921389876447534335941708579309207855586402598655
63943172302947397461164635007368564870235632942968652038343371950625589935634, 69164280374625869508914491122897038776885105488373936598096822044432236770225
23462815886922193141922375277927179368946571459370687844414503328875310056506, 14266397779817824225556611059079369574284184478680456206083953573431346792981
37217759315590796920353523797816093705485674884504696521560690407102484564350, 56527689129475241144105578562837532229485762408166234787908316196165302497645
30549078747979137138101340112101061958324971159049483059036740314540682698067, 6520697958561849032103403470853945310837012683693290796002401228207624984111
12882769522812566716086526540964829588003472129344803964925637971747958052482, 27179507067775979807006551908400855396507567809820683913700803763599609589768
66717161680970182885245510377399211610401722961122933891445267940968280879907, 50364504433805424600247514231183538265301260873841162602964875067172699117697
35705589634868682501143855409620730572715806046701195079115997046067379158516, 14356296777702109200043626017572372615896156408848102710287717616303809485949
70072677695943729650176403005350111653993502246710294670241541636416095490687, 3132265918978696972168218710774676505201188132888552722717606752284911506524
30878917721838366405449269579600290660193384946813938708580125458010432643659, 64949208395744982882963919577655601782100882553458840783007331047180683042790
8183916182855575989407667335821833708464715084909972091465336454757654985039, 56950187843042825912993961331740911108459238954537123040573763041133138257436
8341811826017682301166173938108479960011603836705836914549984335651696061410, 62541975089995770694871312592854190202423304520074515165270085911438483573501
70249087053666501376642911058297093267131096400821601158549406557193805075773, 47116865640142707212272152641879624727160195612648968573658413836462973671527
55897767439603824716793258989177664919474301270366089664602351867914796959134, 72556851444370887063451489359544028125364204769185236670824412834156423157187
28857205886237412020474143832648326499772234947299866504873095111694863473950, 7987340623768543287293638286466179294282998588777962043032427495484849902827
5568402483411749359375984988023468380298502287097390546904804919785998664722, 50999507997516384715336122507247401124683010411515628551748712228964758061666
8949869707106181697579219066598446551492615924445791961516459449924513192763, 25952306716703998708308709670638791751961191815554587136179597942460460783465
17530467834667076453898034350410242897625144622240468979573897314299040293635, 45374084957512759726120828161789604097086035137735124946540610770054776505021
30193203941278646970636463378752401027781654163820183487870330011026516778512, 37311840631803696464498595003797993324092479807171157729567280340416627822415
30376452677217989602697187415301039379040838807141970682333195116859925292818, 38795275416916047392073485761551949620944925854452514452493874116822246252747
75193045090234860317218474867945882889276117814412022457556420430821691320148, 75749031703201871458787651534862952598888160728681894205504855470177606029141
75872767546180603963548781327078178715463471095960281172547402102671314866019, 50648865876869219322514581546249833397225246821869134805946306778366120057381
52666554231992419005702214896952673617492627554982464689587968327049858727320, 9177676420879123947652114644461474997597161733196025790059609932428366095924
50857553577856629089309276779948024953885420357844130445494931371455891616462, 54749774262813228620877076175114842872600452891445066430853892356738306937716
7306662823095226130307412366722148894916825875917520465763886210901498227870, 3707186605217278383456809287742655113519188812212714212678206043759501051021
61589414876477982903542392997507083833049430915122590849271356167171834145969, 69718145201516548966402087130532826834117560003167266034835728420626026394264
21513830393082977249528618459985269783566500029291530624182171979830797749604, 2059523380755838731451613972276207182010387459256388413372908896235587989872
74471822106789507528337075283838321544577279871166566602688355851746599257405, 30051359561312342008341993999898436953214664869040899331450539769258148461211
33166797361128541736351147913962749902627910271737709166166383307796957141021, 9597784540258127179163981253801545782921646378289316507100420820711718394758
35904104314931424667424918036028114617906991458794746188214820755622679022561, 25299463168178918666583587859845336111196725225256106412309116951318365125302
73151631037004449874841064300571397088968286131413104874783964101922056589341, 75776716623634814411169586201601662583262567081894678775516022547327720027160
65848171594556443602240464830414389633263533427041871426435819615734838895455, 29151283083835127774498106479351008341778842125904854864422584498959393436164
64196998733628102641135925797565758218865646848041246549205026429259099458142, 23288057227499663620371104668159423853600988479301388788398013533905382803653
44109440642812444824732981198098972744364925707828145825034203827578707968577, 18348846143198486874447489449625941046688540073378085105837116083576656933190
8779121942541783781909439430208083644138409701441929546398288453467781706350, 33534554086482164616929600861073385988637081287096944545809058274936810086866
8037407322181309395053630776596818845677230521985333946992521191751245187686, 19622674615704272414007789633970856009739216747669643184778530924291226252902
46227100322710103649766495405742778810796488062165658553169210359084672670405, 25839323829000587913200484171271999318233576477390461738182381107714306554517
61772415829016848967910076204536384751961963805226892010579942925127830269022, 50812224178269141715026216745082767965083692420383890794687539424887216588321
4860552283424370048715854766800485384347650188470783145240533527775835406933, 53336671831128329723335497219802232273757293496051571442718492084488902916812
54337236495017324074023319516292924748657856524348902006299091062445693545336, 30825630645016483569074860518507848438104532389264654152490355621143917318207
9513045770383786356895067523045964691278204811833977160283919361042271612498, 44543936752534775598016477985090085071354255389188969341100623626953791161648
