Elliptic Curve: brainpoolP256r1
Field Prime: 76884956397045344220809746629001649093037950200943055203735601445031516197751
Base Point: (63243729749562333355292243550312970334778175571054726587095381623627144114786, 38218615093753523893122277964030810387585405539772602581557831887485717997975)
Polynomial Degree: 6
Polynomial Coefficients: [31, 29, 20, 28, 25, 51, 60]
Public Key: (28980952613748974270956419360848770180557326204720097731555091127070983633603, 28933602484327483018656474316583105687049101284719468063146437806513335788724)
58565790845900278398516431538261083978013032910291084933016060310802617962777, 20962364387129347066598051873563155803042716162515975285826566654308044676561
25751047958700712652304558806999096112860693563712162193453315569546226872804, 70721064235177675069639529486645987783598095597850782361470206342351073231487
50632474980949553216931427823912410175686897743566302822901493337382428023318, 61169607441650725146745289689518226380010883438179700499206957479145897709890
709008156780725389424149688613137138755577332296991283956691278145147150276, 57602523473713952156088587496105400844187501520099479505165089371855752766525
5994977476883999092011156722125905628321565069195874703675566837637844457807, 35584456744310184856024363067811785178438280314952790862840418829594261375256
61666074625450833074868801709331948094522498475954931084756398403790574903333, 25855808277425874868107293979802602106283003776134935964766758202134572079346
17555222926667930494546007125779821029942818197316662683465318299174252997303, 59328016171654324873434050572484073351127875727553863515163713000401429908933
59520443123855246686959255088557168625946224867769766679764603545040404232101, 57905352396421420562481377836537086606379227795047141024503330211347268190529
2713492033871154464720071520094487646396885398994067981378007722693924241273, 29150513581486743618079872074352900864642139163480537957749010624768931766683
11995176790419418481066142972507897886425316636502811948109057994614216024271, 2463050763390174156871867162702677122417578336033454716133036768493200304526
13663092457028892675470281989018502830734051395697470293055081459623384545805, 9728180584144415944897515233336477418591527707487730057606301138806097998183
1799731954679487313641753932818275306242861764568035539659118392602448664406, 21917577998177304497521453520333672415186414773107986156026264330680931692112
52728605880791610347434420210542270307173991410144360227457812174733968000727, 76881304673421544982172756462338581458983626842693730428868183650799473861245
40181861405356258207914608683562843301755600160956249034704867874521774891465, 71536013784562336191060788985739507637031873035808928501846492087415652353743
66472343979037070838634589535287035175529645297211417549868548944744986972165, 19581453055804249673168903863965859471394218151929820284926572249655124948378
26633585164542030008896996800643090652732442316070679781125582641982175516403, 44512284554558315357505320513151946152464595277129166285300053779582768507501
38179427865987686149887529365253702400748035369942191255455858245162180386531, 70212825476906679135850040404415468671206665419429018908038130939449001089295
8019448919880893405715261866478599764837172638548489921405175820070915887836, 39745137849069738497116729753276644633929911147037071260442921073879956099510
19882785272507888602673444327813717937977523352519531178146767276168142180792, 25374545918129746892290153107393819249551341265639736339127404082065707974882
12867107762929577694656127732022828658913754963621807344873358669914149884725, 69680727372988575441952213622172786289120813378084125648680230204720586131067
32809566515408003690266555099276513097279705516389265005101338825425712416574, 16374819943131383475344514292638210046368885486413709435969739218440119400425
69349970759175078831932199989881468275765400111529205351268961989649768279459, 48028545853381910751541053192904237693180385607887470560433190425148401990430
33562985075241494116474617057187145911138539994068035713826158995704875064162, 27478644208579004197093544333879621884022663568854971439197443731490926322941
48633471030176942558844858157557729043716085040848618845268429859228265072814, 64549934172214407825052727804065557803202849337879645409350280726514014558712
32211559569894981109523341133779023285186166027966202661529109207784383827309, 1321709681013628347572556495044053108594988877880116067098354180839509686851
65490982405780463702643287199930427285392134535687967104944540733933762145677, 1016315268297999640504864608614354738142583649889835166526346475194000137710
27640499142088656100559768631389551217066302602185745393504534958126472130326, 1106874257901908155815717353913745981842440818255543366305009308165537457722
54126939784135678881737266533112684468015160575144097329120204995829287795483, 54015223847626134107276506195624866585249723858701902926681589524632527574109
34439344917482237774108639219799925164145143188614807468376566604939760113996, 56242429016948608969711669581394494261024391473618014584214352711487256239132
41994697890640403727042046814472127037502133018642092830917468448346295363249, 68376907208587705318772043997698055906146699573222699450371508039159854679153
75361948486612437453765994642655621101751197829357484235369686640418256941876, 73650256281566777978056612730226564057754779073253939759026896895239800069439
53423080188883756598193472006956693072768763447282703268607389767506254828162, 74777746218246337611268116185771434566752539374081100269083359864778605308661
48764029200633705189953941875040174665456884281206274556958460712911093202871, 54617390126151538666362125494727403315805440688789375326627830588563116441150
28116918331961077857403621380732051543169663682419604965889186310503168373118, 54269370430974653640745463915158901209612202865026298140818853682892338948278
4629199541888215902874953212938570774836451360756124052950267335284568533409, 37797998313308945517652801350458833847963900103574594763224531636171625893981
33125260898235399621856007639430252709503552949721667216101912988274842842520, 44503602039329028972702175764699671776410138807238218634562749982333920236319
60038950990770844622972346649382233797370075937733124891631813010464646564491, 20645268393019931302784319487328730301059459974371129337952030067348534393345
39961417167349118310640453466167394562654087498395879782390649955603539419321, 36525489494461407207197518947461622847238739623756140438849854639843466802626
77117366265487020006638994749629915684896053671232473001899290372528294035, 44630719162784388053827449514100073377381447083669584054278747362403913693470
4147106611726007103728081270119256891106507323820660955524433081117349116986, 15559382164641251187373181137103746869161796003342815390240933299662795804481
64743975495404314423098426762024317209955109041583803761158687973388527768670, 36342117123709330320508194992719634312539153867202363356615859528773332221211
50046535819711701313205283865828740051568457501782987855071409926011042104224, 12274716155428819469913012065809144669163266925775339139152035076074038127448
43304175993024387066108969072738119153432337327868140017020948394299788225397, 55803343560878607020087596212370619197151640351379871000984005563397511487145
50570074474675764675084903757627661788778497835682589224926093852731718786992, 70711504022619267031683476323254672590518391941464076724614102743908419364895
57056930655683879985796318320954654995330154985782874044294840511468998787243, 76209045358485112797477195106653665781063907734275103119520806470865562085653
12827282061795543746366454773075675815847710791189652907138346921333412855294, 49669232920763098856461433494812762551131183550850367758576286827496007687157
65783396534524419564250025873968879402048750394135029045522186889844313725995, 25864516650740894704838022123076762545624979952317603191554033411192295324107
15380664759595982936665146208887290173770859148162177196134525713369811630525, 73456073928294968922295409429782301538578075605520478548886796325739098405225
14079930221106870387228922086843650836150331318972205359657326325036816446661, 24388064794684379933903688049933548989664610319245697676489346893340765662736
41209673111872973689671339334411311972666640122579473278020829941383726687, 34402570794216111348178957235913633279150014480555941161877247820585143049929
48702945298459534604754088678299113503427282216615184376107069955436479884676, 57335184273671221731136494987782503190175786189789463924058432386748919792539
34320895692894605650792124135326582420657878637629877757545151021774079741589, 33337424948740977669015266381161767190687069636020871069521816972874596730646
23943791655641425982437885885126123134555707437410226610662756688883075638820, 41858704233339637589159183430946580605479122473440139291331557466399130179367
15743297158547346727132063588667698899149548543275453096067904282473749237119, 41152480798142738519877165244994205011168047396683534762315273615189182783714
42276477128195321457529355258311356024272630947068790294871589221437173529013, 5299812230718628462344000563727652432264187295893725313051409960567930345741
29973592325732146785171035247098416195180384940949217034742331664427009502551, 72179368706734637519420293864236898941903143936388426799955159226024295570803
32817237820138145338793292325470773760538993871753172373434287424090535508549, 62177074883693624785978329851660132148644452999856660510077301022039303215733
6633682491234066019111226646055614431148345628531930648202083815234871524609, 6161017627965821290839998523288430181263563082500985726505262357280094854713
6138591524760651661769316993426400684329746384424740522351116565012518458269, 41345868917743504273849998249956167293034182990692622928180994567345098896357
30680303446946585085063317383962700381175207201799360930940258645828082361924, 71160753146121078515759091180907097885921322812125828561469474740511074068081
12334090386230152389284979732364283916280803898952746311394121843300466459891, 53683751025840521831460412737485424081649866294711881008726389355340979580969
35571631509748123990755275172751111035002435703602439448557417262115515886072, 6375622506689692232668307059700871587320291983699159653045347759941845437283
74940257235553137653238440369357880850819338387466638922231191453841007490768, 53904904709809960491814646032945963654054945808308466075857225404997010901217
59308156645543140137232762162556981328528474040488741312912668659753971415094, 36560679344182722195207945111229727584359327256959901434680885767096283836089
20735853758087914175841249330157314579729563820369858564006914013086169256424, 22694325434601350766260736066867457885458855224461301206612138932197610274327
63708535224953369069182592503597122539458397619265911365664101220686690259008, 70513713703161344707691492808020492655713329408994991055831716554785211465916
48884620164304651494794215952147688667229759821033654423315816942943279676322, 27804392839591346147392061982282060474809942566029020451608913197735709180063
17404072270376530391429171429193601537942849646057131390839882313251361835018, 24915160421646413361382730756248952807490163053587977248528366661859480070648
36766017667346749363175635699739658773088352371242893223710947233394130560561, 52568556608239315725021573437658822867801549754918786650472196747560218651497
29399005945342390838575127423419517927030321003603338986569762494866982187271, 17867544363614983407525048627172798469078816320835793049988483293721416668875
9092401393760740252813425654050632398987810662681603947920866462872781900990, 64963951325069940457962799899137465008225259742931558090249479198120613215389
76810498653432926271813059103527766492310112955659409488012203912571609910597, 67451056406366365674716844335443049538936244645575497644553160790791630858185
55238359942786568848605127710087495140679390103434332260694580327990230556419, 55220611267525412720498226401081181908944952681012642208055597057698153338099
73809673948093046906943988878664859706026179117740828934159708474304403321198, 11362396890150783510020575266491349013413325803054949839807133669557467459349
14651167612406235344458769308515320983901334146560748551229803405903712561257, 5979045997114766303813182892544281630266114371329765230240217192668896403934
2350354903961708701624050439128281676492491382187732962825589586148438507657, 69098921113202959422326892796293438043599062240266965328931708047988793026020
4741390430179135365815262956732954781884683191704384925730989235208510092732, 31475867960267291447951408187195395783502439023449368432287493572306372723569
73832321743777610706139000915401737923844616322393386088847697685430125426639, 54734661154910730942904408045886268673863397851289033006047759653685537824321
76244668775534051754970874154274207329207534882070516132941526700085008604855, 71049350684784059605854598073789119855441815680688733280945829065590085335730
14314465941564554985788115112377674794087486479753880518837192358384774283959, 45050060516520823221198562363092766466413423574426579620523672568928657513870
40347055156363143301976100951778521396969822671528672370085791499815647070523, 2186299569832015469314099214819289029651204818821182064327602794798238328870
15355599179616592785762537823878245386476709165474440591845151401235614031331, 74582133682536262130068824901210288531680867455323290831117995866165101234572
54071019840337383088094234778739532558862419832489322000869507614828620014540, 71238196116343745725045763282376752511551232074759040831832330635874424764845
44775451454490552174976873114198512769569496775211293592264708510374088847212, 20483880890889248109752356713175268541231698225678059112505548294080080145009
70854054665237976317958368712773692276067819129627836674342213780087487284206, 66797699068282135810105102235965953730386574127570410927796057845025646911967
29868234760522305866879189318490839861484553725616556746468965113694215249448, 47066492191223755907618446707516639415378129363193272805549724392881418030431
60764325500870187371007787359445569320593237544520280341795582207705365661205, 68371682001137339841834692668092512534595633340476331551768709443245908867126
76283179892460909102314114016704484573542617657826835337450898591601306581737, 61458384080905854650764358784156866258964499561370221541553338534025972028045
74969905249411788825310529313296720860966470980291798239258799780474609770565, 20956181992817238903320525803112579842951698537704653754304939356078148003140
51597332055549565069787594022248668741441539457345940288631969897872389481203, 2588039788519690926160072939844495989442696318246238571744327422730677448018
73115863664842680680047974077154337390403325600236926039498478604385038486397, 67094396085905732508040943129523496199410257926883027409462415013349297561993
2261117540178537334676567453163692484114370633528148852755230778007150691195, 29960366083320862710382857911490954984020781075415304245757001701660034705744
23306122942754283546422357739342178744403741443468913489220082042073242038095, 54521198791108549939242725122347396385704905598799516994585600398057268521596
13841270905634580783762133706187522837675059809964588014521273477557680460860, 35047888450809764376821067741184665372806349365829212525211783938193931310798
37782145452599009771320486687289344914481617899609190848308389671292475763861, 46209902480000606175994605741293018652235013932512552796317221543526445398399
18863080705877388145250928102195120909306881660317922841615794358763438486875, 63972456134686996136289764755135733804432335085729457304791218098757995043212
21276667132643580235325897564302342053814194595670909965064939603871993527919, 50124598599030150833078508207212047382228346291902279176189418784430780955859
17190275340313962229104014182649604639793726510166352002758033645526029093345, 7640670972264904660936028785602858509174190748167237176259737438481905782127
36510827230315506086750737503373409559116790291470430497116339264885535972143, 48608174390555641345966299864202033845359406083384400588922333440790116806596
62331758329118066455188096199593594369153608801492790807591228210917006613637, 70524405257038287376782579235723884702221571420769138073996134890461958704464
44920763201736036646514738609081875405656227668651050469730187763740007680632, 9413927715964844799707837356874139254838460367399314805194071337057031282955
34908575716257314171226798094968768104431562712888590863558980711494905163243, 53652275176691854020316404307750898079225176891755340335016911548983771478802
14186679964280962045055040326553377280256140501461862033212475245125265428042, 14863880001036590230841151095191356436180637132144071312397309322785603669100
61096559254779812741240410655713960178168715036521381625249380174204621848398, 73488414785557381445012944058362565408386845093233653670080023699050942448963
13611819982226608917717725726323957353321340869171697218681782045570601728712, 18976659211562371970407401205817505106768909118385464869195158425377018866893
54212314629758631393106965244904472949736852151967651019273113600259350174800, 11817419501755797804591056354976166454186810552714858434661698891409156315263
43390043690488466450472023032580778152729147364226452863978772053597248023384, 13062031397958074615588457659660615709301289779599351993098586809888163636407
65648750462620524190892897047256757424894275957777573553961235611773971222950, 50157813946983046277769339075442592455048296529158782378320179398661438662106
16828798160515928793089170320911728601966281605138583843185690564347913092192, 41327123404402966664554510654088692265243926133059636932123313149560170484283
47396756561550572427928544177359165830632557650011471364842957838513850452083, 55505014004221171051912487013683951101998568661770363246887203720347064172816
10455257832483141510739490731547748884620809973524066875829901656315891361815, 30285758434535062760882086009257245640351043259425336296466328514012745928998
49682837476440491145991802077999545105421365103416509195139094057958725502641, 21229318206548816946870845709810813224397361122494436370849520815918219757053
67995671059342741502027122841645430380348644322609167293766650481432934918478, 51643723149081886926618739021879149532540258386454566937159023267987643006502
19232280005631313113635788437783541511653124313458837190300109377664457525264, 21105755566170130046033977740712265907804633723654528725373906238075500709359
72177949138206660921380298093798448395291328316089540547979084415671750819930, 58039991333771443254237046223454797934001677458163899593508098233991839612884
2162525229090185779586948292822933170158782618294370240867692940887131466683, 5850024911959615913693304912561160969009792556939076598452472822285216201793
51587472099544184298862043967491086496673056734749304553873689878319556211733, 48439158495507240781874949477037971895911723826681527164453180783383848702519
8257092733800469563195424204626465176506136073931999689723826019619386404836, 25040584382534893974608588167975424105313577295854661215926604726938381660242
3342779793193382212193008635271834262669639368283021306721698959880659866563, 2765612253903502863986632399226728706180098356253499509755164597730211452049
60503202940014343089358121892997001096594033518011750874585347362855696070261, 75635883109350206335205795123055874118848375719337986872766431287408715703515
8608235308810724779072717058465305880695939883792034164539651481360957749996, 26306361501603498722516424330570993315415235292165605602539174574343468815416
58664008643551550357565589165778132437508081264354372678212226045766316596858, 12944768203953341276883973563303017020213894380443734390458774147246694961211
26018224875820775151250673169322248309690891754809029449768881840276626196098, 34924111335251474631673163456370072762882389725689795909397366340092869679767
28343676156029219843340198820315666049526167064263973287029518750226693287190, 23443967973433393696836748840816971167608485657483268689055630633302865443546
63374755928822746370761978392695283942217942690886086313762902299110814461571, 31182715322609557915497041198479899111511037579722281544355708076200803754974
48483376682388523498407720698930488791115232965647487290644827969627445841259, 65049537710810864489254427713484889605556354440757987242029383105265481005499
15140236270146670890846050939673346501630273528716788530532199128825053197227, 70367905551339321940066657674598689016680034524877892479804137060017502976716
36764906411502665694304263448722506742208134585996476833497818306713001857419, 14480689289247738401209214176246022033913384502260818886027819348660350367800
33100711382572283317454997129639251111649994217455818827619661467780516982414, 22166587771074320505471386180367471908630305204276358059534776092648726916661
25600039134231638901155471232220592029725150909019226199106281684777920902767, 46905831277496930638984689145111501254432085640529909729863509610240561637634
27679777426804713555761389303260343439611616344939220255774798669021466686639, 47808289234062721533980498779863959224810040311227225169907905563387366930320
24379635427080074256437377085723122056215821439620687252142079503433913552178, 61536628116268391955551715725242505382478709639087492084041910264392736778967
66860019540463934857554580889013294101207832494337378953385702187386257198203, 49549922387249429096485363247166365152383729814032820601297186696504082709736
54830231371737209362967001543795943226183602341734594728553834998982532824814, 20673066930991757355067938307073281149250618258687111536803698884897973641019
70372957698826822973199924245600579723590126345735071375468303889885921095503, 54344451189095808603024903734852169507511761663119653573903661523468225528046
67823962527489916182344741670439740858196383757715441599056177235445224103342, 2607772898237409366556877776032032327022570453392565062651164417990211686094
12496332781921078744094555360830079240660099092253316241756934083189257521020, 41094352599446645307029222717427484704204181976170270678647461456613817233794
31021441241717706444144970736595229085880588490192957870124502304387774431024, 39722437206001637335472342781686005450937230922810363022205509959288755875067
4417198969610710569320645876074335762763988110620685683606116993393026955066, 39595801031743172239762814606192527457682322531456747091313186857376445492830
47874169680147950614725382435516324572608161794464597748456802192071635836539, 42176524081544251608703362699660325862754805088630232537215906242513227383174
24996738588760701676241286866631445093758697821460625511752549817933881406946, 5959329738977346252919233948340302794558886270499881069662774274762465582155
37143119201737638559724688204012238712180800557551607409270032687175536415324, 73610346044373678960016521139503577516348372181073571557256892468032423611355
68835610247093082783009276476670189095803087991945603872188576937867741107859, 28555556982551196902475544941404024793312371614321889378690330553639684434378
11181707980525074313318036217498166437622177231142796824691756556156392044868, 30186685226543252974258396013422976506569771597583798532029677651557445544580
16877847698504115798517313382652957236744851496354547945639999428620492393537, 26503874279274849559108622605523764272297784640484618192358271049197920287439
12089573218099693507116830577884236426801311708424689175562100686504271104350, 37177433606626042249903272639611742183326027485099585320383410373644820147318
27886306591682428433813627803083472162276608633959680539806633709627595437679, 13614224688930728825815751800846392604383261890219233566119373183646364128355
60226043183680397719398674069833527942881025105449015317647599105607288910974, 63504219205482306586511551567260566511710836282839180575410498426853340667306
17895313354978115211097834425378359155075218359939870893902016389878500908475, 49806685927526015970312375516019958895808948308257239239083594520687687982243
9238984450064273019996736839980521766944852173850065520760481411810826784712, 21187184299160162175223264990165748332481739699796752356365577211821244335200
219817900905549478833268209718171200588863723550994798877094716067827360536, 19667655559750735398754041414114919922997477789960286210194060270716521500561
38980946860908137745558478413536090550411653023377659606574766397768098282737, 76229263500592506231830231457034709453401673585437629426404119492256692320506
63407065002146563693091892137232192999119197735079656251796224352436784982542, 68353725934621658223557558734894977125891236767338698910492359991832744431315
54516166725704347087926594258727297852320976962516109607669207590335336661463, 5650601277940236020138575980260974130687499799452154030868428464609757894289
18860596438584548934823255093027769343027513873400692151677035921372744578762, 31565592510214611076441984865602451633672386146290053207026704414111879257346
20683235158676878076562730246013765371094872899915109026892080772581343871554, 66798363777631641137640221042037543275250681597591992020921562446700088501838
27470022147917917721333206903070030994472770553232212196586188448268935528326, 39977491846170831487434326870263637388780533982639266423543937010767063512524
19219499153937807823959126700921256103045432866615078804858828815581940462683, 38104927302289983933576037602742146404052095116255812994774769981456173060819
52527796214399136855245020023111691502114450153453238415679986249855234878799, 18271646232811576077293822144235883392065718005604963766624621593087289975473
61121171159218188764857509701021790740124567410218452459380071514255248427283, 43594145701183631789278221977168946216304886542004274650659125022121991205930
5749556367514908154547991077077830908514254050141200274588558539179506448278, 68526421154586949924391186345294093146853320196339211048892586443203337827036
56169866169041974646026112124937419186404020375223862860357176239321721517938, 36004961314977373321467191169770717438277841065484335576391854289249279157778
36221386619423244519445470439086753633932785495094811285894354517307238076358, 5907173452496691078442270844315173635809006857551045502998501492673886628464
244855365617708274466451722443882462918687056375629760736119380698944152012, 47747225440129555224068583799982788065853739852327757981745994767776879959127
46022865713247919847210500245759894888242855124997636768665770216779040232510, 14166578181791804149322511127579385316912887273435854729402180985381488014446
587876213857988225189505369521797613947086856172714673609982883418088054084, 75890925560256939310594857609664943052563245613220792079470245234477847276476
43501495970105742441268890768612419040018175030908696712195526466022930058919, 5059071239168409057086483649512022675433534387916241935779839206810903799996
5880498346503193554014899499751782067270068712132527197829777992490987731637, 10125250649693683210665966802413580504654519922625447456044021787472836848569
23981815814601404470590550460841456734214104205663372353874509901689788341470, 59989831845532849202383074003754214326399004304459481385171073435077447361116
34715650211126400911909058042434323293436612362451537624579158211426235755912, 48137553673544761823041209097552070312660916734872700632209392485580970965910
54267541247164058627727871834588843503446446998265097291367103420219081396015, 43368880438304899563244463781471402555194467809713607719148458571103006866452
15963453602172936338156358371509463975518796092311808151944127373326647538456, 44489327724689046584526124751930450185046062301845745075060508321998525453440
28452283696415778823061826852534456984887877577756953064681619469640999610641, 40591964587724422219593809837439606002931626130351306950228717723688456674632
24643454350504397293888211365361919209264698706754944592689347735917013115843, 27336784724282241061983634846027672425683967148093823005217562930972302185451
19264117611027974329250316991852593659721129531623337115725855870003195973007, 10551388943961488058480878524860238685799526311079946831750498694707255222353
59213425800880376916944592141053281127765144913460082469538863250359094657077, 20564669205170578371980157258920162446043737751856267795764990265337025024565
67056883875761112323162179133135152729021495401405078343842924443243950897611, 58055838994762739214014020584537624161107067397128121367249341957170589702062
70139710920435475524052465256959291128752199982749717915675776834085880165002, 61505160950094938720541339312082728006799284030545309798656638407639074226992
8237961347376412985490057737277822831097430704153394858080891504473878234014, 32624565340171780222515562800065366968263906050612536412460582507890281748364
17295509496914769136705611927285903221639830796731586223537626637871269268631, 60332672906461448700913458027714444939950760155453842463271759133905337270009
49641315188185802919426483321076223584738752267595365869201302985753069599723, 2788994816551340094216021535076899553362052242967057136198238464523648998286
54735054442905069533604927238294153407014099428249242442815249583039580200527, 67130079028928679213100372514897798860379039615433302017704751236369234338385
62206622976036809885455328180801169893392974636456110883258542749978514558073, 59109147292176932226567636035330926096632214666460930341562712220965441939071
11877108141984715912407055806044465489379201897469562496523593273647443253382, 5315883021920502141450868880524566767979969957732025473112414042664093804484
7551959603084557415012851423515265457201834533519203249814794207340141099383, 29702470694506869321572933958340591630200669879393657095510989820334494516770
50099699476441483557594177511298440539976451221796423842733762559966957368854, 75669292948941194723508487202506644417482982069529484886958289932664514875179
18210414850389751121539901292202114414990726344947078543406653516580707787425, 76447993598813423052102026465301667779326818473871780439330909126006876217483
21979235750569265090221755505383206916754852263430345502757773275747045552749, 27673381534723989770819703562652236361464479226764445587979874590141648427945
35466934750845388000355005484579696920969324289167729145110309585227172513633, 8765262357882611289198589290528871059614805522807766006472924993842811601648
27252674288042176842029438395736478074618011135264633675702449622111580244290, 23106419391822202172432797500138388418349772688649742829045652172746745057019
73117551691741064142910520888200551594335128384738733344212522293063128943330, 12759037959905398975802470868551472722394870266507533979950814453744910384864
46629926306302624167751954773181578659727060264944385002792713821463669921575, 12475340195529503724642811554503126008817841770982480023868845426037451793315
3053580776485623651490878337176137019303810284224264923912232247024848425574, 69578223731405412970932147602988096126546702492124074792332105352506880425856
2451592364098435136601141592946268220056687588349193410869245186381394758876, 19974631028677813424131580033389543620760414112234268582459575064135345784189
52149467881089346628991610357769815789714616232474442629241740373008879737505, 25569173435354716076160308292519270468400874029173151777487831835220094768529
8105733025424836809933770132860335716790338571893847686438105007897725296826, 62420312401720920634866558607357496805388571919318830569416671892811436100037
6389451906813144811930791492956739839424026314807026141149012503084783187059, 10631930445898653637886105036294679996957590172908716352934999709338137881958
67783510311528007027425116599312386709990549989570871234308107116463929061275, 15863140098728629926288262967736056687495408251773139948233725730296448022016
68352801413516853529857950040044007478108378686394937121166324385268615821025, 59305106009460843636052582695139666981611796882671902188697082020530829102378
14045784534715800837301755853761836761365948313876736196455861954573825116786, 42622261378309589380447023724282378463178199567281089440919597419262014558159
38148087022637049698078816297923788727969623959728981843758671333997377331616, 45164169548234935243211237978622089775916796953530865420736134258691872062511
29734137058122099174571369342963462725661408847105330526579048579014074675950, 21845291803717864907336513346612654797633571783353347674484352447729238885272
73538614895557579273254984564456398518810758137148704217867081658324947249277, 7094836022878879346776062685619698333631607337862096955076160828575009838029
22906892615344096451049521494063030396313067674824709094606870621267469445833, 74518151601505441942398478206811475383115584208992714070282387025372585139508
62942088122909063123480997651901135774936817915410918030979165565987569105118, 15905161863856639497872322387540197290276863268535626664976881207648549966013
32151967654932687829448822002818238079702525605507356363961177987289206957113, 68876305139745537368929330863026299520591388367442843687827599893920090316400
66773573059395930920617144735863449863362835401868704055723679140391947054674, 16496577467369105456201864752448489515244162727826253330835162768916106035904
61259617628724318909439764629755792217567795313576435286127636008859447496238, 33303509275191291695096243238736439942134550510721159582260840883513500269168
59619348041863507770794801030221881129329408278746468257094625164738544507653, 64353546973302179004739054291253083377636625216919311457038181036068280884749
52813064326886170251637987468082193172243193967203465907234486561928058588044, 13681463111708968094774029686772631452959012907798159343046562404145641389479
11571045545897787740363440479764527004154204676999254411829009086490147961058, 1103176979101480676946055377607765758928716568899462315859960213984301036405
54737329098941887273614418153890797545363699941274013754770647477591937456216, 37481559319935786184636569553204911581944772755777406741916940694280554327301
41002046538086118969556833203491045346652569698568575996665446312692760646389, 22136390409380269445229429543538955870090342430885923839379936494233422299503
74553925208942907874031729251061502737769272123871769913315763693843148874088, 72559029592916279828837822782295434404454224702119457305042978612733095818297
3022734297223377886691353742125707469361579985974434541020943111796152891080, 24806686025781670418492141048379889426222154852117653144487815972116971358977
42114516781176759236500049229229784561180316386055269703476366412485263227604, 12992734107307716380605828924506033944151232050631445114410633189125155240886
75636325652961426374031155520381776944313317181211832083664123639933596872722, 49623371698561838898002540001631725589453476305951194150363991405907387187383
34195240949291369754907406886897782776999313731896420104778884543863840429572, 50602496059543677215764628995378390415048459503208022837349352547886285173494
41502563429351018592619849035855017646535250724874614630641494361793076974442, 32423532032940375488741911103106746539501913214281479675332988046945537139929
45868270379404749524149650033857412607077276970128293581533442989628408454307, 34693324484602370221895562763139188353577927453074847748904882792479417683664
13048571947361476710865136847997843162215661954874891375221554994971631924755, 250305558924414718289352441796759120622922097373939888035786387860360240486
60152108094559908887140814277401939456858941126906680687395373097083914641887, 73595062267927163531802004149776989464098270670282235367472457651061700879784
70758805461583803859346310222919473678284833608857135506255167331541144195890, 22415965407546476808781791939473904881982684794471202228410834609713044850959
65924136969166730631831824811883027950998377810477588474371281616152692791124, 60078560377650915223080141224260868167411544445385891840801209421622741004737
24724716546320190330456098364726284808424559571160678852682104735558287314008, 16916489604446545819893604121058645784666265413161022605725216881464494326546
15136846475399741926716269721551051766436558671982663568085785013534373093388, 44628739115071656316216745887411016125719487886636519738129036341052462916894
70775579221672556611790565890572613716922776972297663667490442242753795143920, 51272380486169476815380147400142314209076425978446902573606921601849070051424
2210057354672396021605913692942951588573968609516815172534124447699771101184, 65843068781080798994715475709672597504468590364114699055234520596857303998865
15895508015843895573072423555612897066466495495196278296864137034506768301893, 54956121252045841109894946658583436041581494128019999439934694476940297341801
36507901876194284131046616345721120342583526453674814771072216177444787594866, 22652018626427126936775844130352158573595744889521191380172282557674018952442
26620591614630606263022216676650712737282405594066676948726283544346810061607, 5252523426220245952826561217392172985821181248513794850752368373064860776959
51270052137902561323899492015923147321948735805957408529763733747440583780605, 60680142518245216390909415628149948446610183949755064223835325550610857115151
17669085166509486112662332954184039842296176150884411755646230607970981386695, 11572839929517135697509233518804714105165004551152864365392041968872225118993
2577179310441380507984071522550044303016339365371349124155515726573983173817, 42977844409779856631041595348641928126185457848442094286450458241446300009906
