Elliptic Curve: brainpoolP256r1
Field Prime: 76884956397045344220809746629001649093037950200943055203735601445031516197751
Base Point: (63243729749562333355292243550312970334778175571054726587095381623627144114786, 38218615093753523893122277964030810387585405539772602581557831887485717997975)
Polynomial Degree: 5
Polynomial Coefficients: [43, 31, 28, 57, 29, 33]
Public Key: (40704298525252785456155005060756294679346955845591270682659885586371267494250, 3394964695802012039248652900080684532913809406672311640507946817462707687714)
65224064833458611705945745194243194957723813748112086123644170354884683421680, 35127178242861214501814423615979238309037134644546514845524002889848523235431
42878560630086851784337947664476734503048304477355660042863340036521537403679, 48002652741902096960735478607834014862533297833575080088798246575729221302122
22640894384339101378359796887080356740250925748568852182755548988120614162232, 21514729709243988412703178402402364747401398435813037088175570154731037467115
58597357588523555228324983416690801536301714954386681537303305154676065296657, 68495041629611491902227742562634770523063109895177902561698332479010293663247
72422535776062250151953496243778766916325551704679391094532336301351594296008, 15927665211998176847034149938518022590093153026194937532538186077458732279601
42727500584318753040653914330227184189928674231961789019204824274476125285255, 31706553864755346338009761701042728355488980414975191555049373042786499077746
22152666614760444278282659839393956694624958233148878685569970503079426573205, 28431471049207755340333372065382878513509320894408691850045388006853318047913
20018057441123793381372267841124364016681284223981880875151186924456456363783, 67079577006844972165250348419028727911504861576700743064823830172056353165135
16013350200463995361390135965222406797988067503663523285445960203684601430016, 38729748630180542893288318726796462631494350042892119861001032868007475449484
58605187591550982345166950230363223347631042595562173779237147462935845973399, 26680341710770109259809241203603880471787188388304091060272619090125924719617
65368425200334524067417866884502817894176909339312036936933302363405375187549, 29545522998684266914491187396911615640973681125563960413472174454699650197006
3407465433175715575304075784461451646494259196413824721834267917558133852040, 37548250759268510124394829518909151220155408179483056895751619212145049608487
26295467107487468269482270000623590606561884614636419295758670712056642941238, 29008193951241417683174301457058512516988303558576542888310292190686588468041
44347551515823404171229336471882266039185237865268074101787228572021225880088, 42773038998520339707132165994731546737824611274534281902554255697572897047297
32921195201067399868055116590138298404055342468892358485052811340536933909422, 5320432929866900020550583167132851822257492773888450096580343369802990526780
33411792764672358132775299612005530354030411439055828104939985626635116029927, 60570986550489315034288023921601237239979377729413579770859023101601848365642
76226046402017461738905896511196911852426904966684839212091452324833822623794, 6632806715037270752759603630627245941877274225541245358641874148518864062815
31112884899076751827058885940533954613209151768076016538227486636293875485493, 17052925646735578656112062601515282953688700676184450858896418347764423155060
10043543823727665201279240534620755319296289856065283621329845662073020900731, 39663072411219397211964667934480973685362693139245889197374059752731834189963
65372756625739429820377180276016160522487672122323052281361244476272202544990, 7694169074730021311260968963733009159638511802159180174813839078259980662438
75112744952759791088038572674341260396087041809942368911370701065749982717328, 19939802953197433626956105536775968192788662787262440289705600932391619889894
25185242958622931532782530284652176242241994264542600648466630787756645095106, 16125241547120620967643682930062452054185254518217964376288519159712974345471
49691026300765117170621427461186841787193826178920923577183128733854182562630, 70871805353998125360396465248853425803476072814503365738234952851008301667381
29472962167611039649963616672256488613598887815135726886253090504208259128080, 31854930227235042021615585591429669114350451526602641717592704859016737487038
64763659319691535081808696206678628951371384070766492777255744463564238225327, 8053412085669720275005297264380924296849377400568268673563468691563311950483
67704346701111173731603390992021787481125375531956790007156313313096747537865, 65350513865800701697339707748615689423913818366759698095369517799778414717460
66643109202216030447677041297643395231681676142578493671628150009171381571282, 2941925057788443998573236367595884547612361453827604172607095105838101731270
59104591314888542486658631351589143333215625020067071289532222703805944200293, 8855832006086857936504706918590554956522343297724290972809460340610914965202
27067291725394482571817641743326209605146210717008919174684184576958365207704, 13456020561352556666496379857902943561055532175418359923679673865309237643845
9200925254254505063543183963667161828018339818197088918097962235168896024159, 5341366150051756931552370798232602080621265270110528912724614781634376680922
24193120821205573671572558156045796614250333912556045877154952410669928780434, 68327371347576808684482506293634624529688317343163598008991625976265743179308
3406178355000565835829488626221967675477079131257739648350422489840707904271, 38450852093738094128160381034025188910100129063599314244575741388843802411471
58879473567355255247261014337108838140288861124973516149140904728732179508401, 52492214493949359331796882517057898148937202747367160753770582376679792781678
52889452574200839786908953708978584394726121143251090837833677298559927058109, 23024166760178674140615489428965630292238361157445966465228909392785455713825
59845560488033854496461075088855556700630430737690544248827177237627868176109, 65849029602463703797981226783951120281320887476736595554226629657528033466171
2483640727722693724977335195720926141191425161958168160201220677609003454582, 18162061168148161020103135760662594533765893486015402394441499634824951120721
36637050532333291129740060990242827395289581331237586335489527946221251898866, 9515894286686842261617960953782391328325680554361140331157884848135075306552
8740611751250899907130602076226879521497013792028337408600868485371072180281, 11106384866040956037578164362695282378840901938131587966601804003340186905531
4698598431305869556629419547290835241858346802574332964416361535853493909055, 4432111352237432966450350989108751908506494101253987171864215745848764901688
33733720582683164977675146959765899511683780759693966567228366721892663119227, 10245689475897192403750011663382553297544787739802066288067988210335250562689
9196135073495451250650391948890884213203944643597370475616339422068766131288, 37282390802976278807463340877925470542359384287135510191804251809692275019533
2659698967776262481847285981656647973455800269954380550384929621059103652359, 70131297347429193807615637347835857875189821785735752636807832901650939794053
59348195658197609482115719390158747475182216640290864925888512040282167825789, 6172647742675966212587783426030181261464567203184952870056389259152782617521
26172946364492719759375191292661850858539295033300466079785964354901241936125, 31312797215866886954155482609929039119930042534735213887540566199639281839225
67976490480604401852347068087767499461506575685737345471434256850333312373366, 64517694253455043115616884092264394814033689789388620179489892754372454160973
30355627076776706663895704167770052394777562759053848576041990325338309103182, 65550292094647873487623654885053114289852784756127919991424822899529455843529
1843784016467546461098730649091259835945725417681811623739951943432326292120, 21718337740727941171489091998273557459944349412901906640687976821428115385524
7702325250588667596677085743005560830113857251570702357326923282675575272796, 73177350256716595453888596626094442675951344240498827853857430584355617939637
24742684504205499563765055785800848486738168607422256331053127705480378932312, 33811386963831596004621962040412061029423598344942003575467417704599643883934
59614998266908535291305827821965814995600392505164935679280403408684104429416, 10823474476519544477353135984347637258019812213894831582017173543085679169714
44135169304412157119640367958564096810384454038148138154625507600030711371771, 64909563202050320904409710512543237033986535843287327663650280565588382433044
42750447534269150149916740911938207875775778253025077206044563469058775031318, 38919006408873915744920700839147758674643679664222635726098700454470370195389
10764410050549340384712571141931624831195203073626647684013277250590461260196, 10612953872884482265130516084905078376850059964120948676222605590905403168472
72184678283335164365189583568172265150823298792899543160637635405693974272729, 38341779660061514777609814139631318777437233502513012723013514904202682797401
21798945262614825216741987448469547061801971407408076668846087525029598318523, 44210572661527858508174320321777924222121941280111559664926451897234194701216
42690055456421096030541582307519321491664635398228147651460674410459233073637, 17963260780308321063251985962160316539104869304251640075251965284324129906548
70016785663209351704899389181667295701252825984286389200036145770878705325919, 12468394201606539429163410516698832623864181677170916022775794906878660714524
39374741903923415895609961078197802368768158612306470949936189052692564580682, 819692944961389286179274266482484918748228868295854206145403970790259581932
40306216793075386186196316939276194144215800362118840926129497199922983059671, 10648450925208800619382037399968071304414924336792008090881862807931144439420
12255368169205574141599483701240168542936636772519201739096320927078485400598, 19361604403533887900938154446489262994616662937359855677738797263662227173839
47667496348546541190572790867162508296853619043010514527012415301163891108269, 13264981590500979970192114736734061916358470049949068184583515343550162124498
14217551984843442547471355181862837223920784006823473385071915748729704329183, 5394753343552873655638961654447116762486906101877255586782076809215056169955
15475219601757683993890678522484672172382369484961122859530392463001922962071, 61676003322225725318132431241386724901874548432823847435686273422215659773276
33049884766465158659790883560845544068881895619134609036096374561129707350733, 21349377346446558606953790315186317124881571897587612086471287535714954845464
6873904626018213483467553472349230051361295344944326231211676864757967113852, 38517154284693707882216971385219004970752557873937588072820321067547643972102
3628087932707573771210324009360938321832443591398153628402736592269529916268, 15577689694724312971683491958167525491634414473670114810894068254801372095248
14492681902399556309276195506941079598419319214990088513006842476917189504603, 57250380727563429459051741629293365547840382393348531157448721933541067750259
18840166113903506897852832097414729276764746812042433928675370183912985132653, 59654009451076442926122228245658357870578100983252406317054087534692031525979
35750010390052078104806688950870906547583555430417527071816972091734428701680, 48277256884613880617740206014587752295684788129006149813217346553348946149125
19401519049647040791557725885467676819280347736865211821902957247924915701789, 16678057155291847976400638177177614881382788338625492918613259587256732051338
2749200350562277360672289936519629667854654783790391655768105425338665306506, 42643621021259997894064626074810633858532446842938092862271122047041316342229
16054057461530460590114376712829109616264940177202573552011687891828901922136, 5948096720356082306076443625048211931213596795359483637944426275090395372102
7765149830778367009525049452792814299013673472346300098410433868639460673010, 5721333380914190493831914526771661933682166547315679060849962552319261504029
6894442411729820089354533495715142008278909770703862037002902671474628850664, 12780549369938313571792139711894929425260705751704015190880769642397597036382
67786287948085554637529124775010328677893997216250795411858228670819912084416, 69810730934170021503237649130346824967160811271371658756952259173362576099360
56611681918407072094915639620477523878570431075534139411556148609263444840331, 46413968017637781597338101191189615587227301069096650336672929407410998530237
73268010753750720227552039694448224677727657824191975702803308139558304123331, 67612700249422075928292691348968650910997340502651263176499594642343886871362
7645060799400577876038644228961656759893457676555560413222218880451798996271, 65489178430885812824929670740393807213775428362075025011145177321271865156313
43087448839057241964833271553563895006984258913810116946502262278638508146422, 74446623127819328569669734948883947728629918018882829897844205056995444468478
46374980329743262922032422235852039611988383193952954338463448334019587500719, 39965708692720071798057905707552472412770091464260724636960711133582129107459
74753787785146136308579873764983618111027895272791633679653506212063513153360, 62824621419993141002244637568607432408379908964574029556167038035091068765174
68359041859154457037680884670043678293388996335727200636211721732359128144872, 50752936137327842192852562944372260188883809120541507387728320874394466052519
70567105059543536673901848572709337384226266421637365407855988361492075857951, 35935027107177971248517485134044982795543846351876413435618883759051675036496
21027982872768984502802814132447921684992538032166250238549583789918728930846, 52398580556577859025419918489657732970494415824217189559573750367314512892211
25073713097761717458051473005141357182421619546191338957430189150411881836126, 28091309203745920298064390402217723643008304432192290523983843251776681321297
42621427479513377843193684595026820325373439229839825074979726238134892799852, 35931996126613143498668723176609974070973549992982139844755435084403219643978
53321079059283814425370272698207993882055864719434365796939745448644551016402, 65589368823564041985076136595395169826198359837296728162934388616563199592817
28465873615443247109902084755517189940512870527788808104735360125174293327550, 20926122113153641103635929113407375369956133561936994341573431511611007080485
12224464288419953331977646821322408687471106853538353539392485357706479396130, 47494995142244569481952565594925826180907184163427184410243184258045184775857
44086027693065245310571371078865006558605331419966318746723984140402167509109, 32965429609139677746024749509861703722396081604833730273753650959161289983268
2930484673631216727189728915720375872924657462239652381103687482386673954144, 72952059846445200753542833200346393317042624432477399456403708048843502136666
21796589094076141912884070722323009055545440882122010409882542572038961480700, 31750240915495438945891987741278582052875653365438967292842505603759144844932
72666113345179888181821295785448813806086473420138724218182662809312223271683, 57996837127149425726858704793875093473376088545223128727103113317761931628601
51361255036181165470309502261024035251961054301474764341281712824865511175888, 7376005757451421677793076874000142241144747343404986235336915085418736276977
72511361760563913353905262293727911962832835089696307394805934621988361620669, 67357353500283052792044218660396112301510819691062123455388923303134985671483
8575256655006217238895307451125195757781656829544282859473665480494539538788, 65559035982405915698901818471913191658618737312091647564870665052182359311562
51672027403138776857805852476251120495423474789636858730599915522318992988882, 70445079137494758569625075466191018555174213944471103421604862834584279522228
33924915050342217708683804347057594133711081524524831113207436314584625066188, 37789628710702246659662124417105875586451465378043184439205653904892170321546
3250570370042672001365955812018198982816613722474269309445017408081643741877, 26973133040287080479505511467172291036277116246975002782443334521331979331997
49318394225054844349926951201902897400062614008050934195222433913944186520268, 1149603741425445178455716191884066370794979178331830263200227961747929049573
46989428385496718392527493109249104078418139323306032915635480330537663244545, 36487461908476696054893848601302151907819353257247336019942149697576968380391
71937711422350814365783019366171041433566930698936442585196870966005695180757, 39155329901765398146739751958009712620781141627484524949575470651173370655926
63345751417178782046189891304988462156261512930300189016525204040213397849957, 19878670693584827954131452529200632264154961148935902901281425598317697667665
71615319893344630208182334969392251410571496344320202108198221363192674882415, 68862644404553556383926846854906367622368391124917267497258194476194973354277
68494680749185613018619023348545263310812711544672127595909353286028714422307, 203697913444620101491947099493879843428963808613131643744513431320822561487
2869391655023978928488562800233983095624803655204178161112596000842466581013, 63727091642321740883433804628620106003342250189928823635035841848174004909920
15232747806247920755002448268085946892961499241582177529821012967078070696439, 41599623768885746576102172851050904552044085547866062920557595273126000073047
27640534444758809237008450386358511175296382300755233649910942818465983878508, 27657212715822175817936018029245228023996516514468901714103074137510869873836
15722599901027946289093131988694553961680528825589834890741089878889500072282, 73649613999439233328224049636246369144436779400570639051026138344314429180447
51356145248749617440390819269104224668921157692648585938137257449735350478105, 68453675513441651655741013092323731587379459764675790252732255687414262961448
36812954386143442196614772524226975020648504790328860026255080481529151098038, 69435023163761204624926345011746910646808863527008519856535133984460529783812
74468882618167106924666978600723531349667305143445254431983732718381064471307, 31033032196983666582083225491311547973102117398679510266707048045298517071847
63030098358498822471967036667900729670645979198235049705354947150052494137236, 73708706416903392573453036744399095946374102041468112514395662544042643482408
56878226006512000814244939126762322760339921134175165670177309473974775515288, 40129481657196547699529915658282002655439243069235181440946350392668354919265
45117189500498545139786488502766358046584646410970489142554601133074148823781, 24502683324616880376378991509979250936274602051249013652515979792050939183120
51251382107073784068286311555222531779265673589187998610642638381669966379396, 75686826582444298231211213399203563863564272830214825291076632929580369618921
39563345946766351662561672600276490371385266143358052926005819230589923049649, 63629617675520096732125865872476678918775803842270872954211397224432286230721
41554599562396902684260118514911035644996476876193375863060589562612500105176, 57180620705065861145793483402635711151568902375721926897150098305448845605050
71252845591720492959919576591189108688502244563240150560514935301831592894967, 67369834182885650495184753047778179391836887186978072501620906435310218010922
63959439289594775273503089870013475193368187174923525971011610217020554438143, 22446488603441949259066161442575942677303945447965969342021647247013646016648
43173810912213251432250895523015255359052067381427653068281719233519263136407, 1518656412045304079929965455998434350854768616501718264081992013502847998248
75422877049218699567552938378602582112463602029537148926862528584574713874506, 193257204308886670596801376894248947592143707759792617805030224907696247027
60261176255439165167008911916468268168579774012718163525140304587421514316890, 67640505827117365491576487221103618039704700833018321508066757027553375752242
18346151044052819286081718774465989940658866916653829233180332964442165944752, 50026788975860530664830299101221436678302746908059330227473124580770467986453
67823327851652858903878770472706971271533425813201520040169510155584169624423, 28997412141942235334068325582391340300932245593585670737696096302799492333092
37500382260763368117307043887849960574195930401791833292967132146448081404800, 73351607565073231220418827531165249964923781308997137295170643607349263467069
43499918089187617204948140209104831359362977009246761103076711364282563604382, 33492755047090938709222942576256251732585068766910861066435329436749370038105
67737572678224285316237755477282999696969304312976551252468178808888320547101, 32599373459784558373381836814070139938509254081175858114567015573614520473559
76158484720873157802781093743130386227800771376266934715147558029938789555895, 26523962501751593216600630942405629405040129239754473714735465436755652365521
58664515720494402309553293146181887522918527516838751858247403501686445455948, 57581008621371415930921742584386825999754312922255828267294754930983967521283
52879721953546552834271257521780153073052620759180436566806183621961438688140, 2608859510088425561924100599683803449539451562177888644482028373872826443146
60562780314477107586579289581030050962909311987058519648348363636171604317260, 30019083861592420920599781398640964964644969585490507095566511045575722140335
71005087323551489704570876588642229539801573825381106498197626858726871911585, 9213450759467627291897416031517653290077945759496217229773026190585122069952
21803558027505955943039885891717611944901938187035204484330006135760520143999, 43361438021962829884366500666387853982971949580043307885912429174319632882762
69747931009582322480108826000981777201341451567790629141527622387732470643919, 34888312778704282978430498871363001706188051204059625752318456644989082276506
52754168776631952513281549829923433547518358481045793661925958643970926560426, 14654687648854063047319522294133176800933848250599759285524244670126343898034
3788847719861957888650750463589633337303348970917196435204169170579786871075, 18034833820382638175878295489806727396876679977502466804069509560706240767375
60772507609908848809761509468801486237881185208684482612587942975442015029554, 38948949615555392444458750282486636644506911566782356287220282150307241663269
61474686681673208423073762121742022635379739927619482755252865097369732683310, 18584719233853585738743762052941609701951210610480422740712836315097888906231
31441173192783159515045529864974358308963617692767713540136691328993571007226, 65670975175132604242253443728866492844565928868686027401245077837386722608012
52324524909259887487118318605984304492657981812818056232773649127307253390939, 45980428073328960011252577433538057956708658129512757263985688340043915158174
50373856011693950881178139251448649534667904571136695137618527757120177624546, 74837299825770702581092448043736038798977142858976758679707825512405074319573
32110185696397167730590098387327094424967798320250384684110584886050831633751, 14158602511518043807865320530448496578672421454853906555003858648330873161367
16360651329376166110883683595977160382567472573212129275992807312657155225325, 33340216177968513235415414337938997264390161199461912804831755470497343952029
9256731033764268670536577294105935777298293366807748100221138993079174459328, 33851809411328105042091651043754352021311384610450033582543127211520650119954
46458898416085396088874411107487261066836463623585976341388191328638026924360, 73218866561089123415090439396841950840236846698436966982416256645761855418837
75535816386333397018215575685748048407654375259944349401935440964281320463515, 54091758870865943920927447100038670897986589091525267827968093326483962331090
32302678398847688720527412537186912479217842977732122882771560661240489853884, 2364327399179523954845450639498416351656484711791330103401096559630811536081
40673133768806636494261621979868894662585299148000846576380655973151170122359, 24328740761338233685674456353133396984632132312559675880880140155467596189908
51607857231107750007798141631255819508354908064018833860431799877610204383214, 26814195830281744878509879928335239504819086055510768962748160760751549466103
27256452394216102730104279425086670417624686719200643060584848857489895995670, 16302771527922087792612884472839665231379166214166252812008141437673396047859
9011421454028773865311049678034692868470358309378312310820457980036725720151, 17270306457061644038807456060184001353465931593710516347576835808715370735971
7672442085893789994330151405320200629119224120477244591643123383831864017520, 12338607379475428172382762608555012399283990387624673657972216226372563316752
49260524964273713783963432448933964411660230168564571095256818344758620669755, 29406521018616699685027767295708012479226889686297795587955843835541625207884
42210528971683733940404311799711428381650913771288037168698380303674887408081, 30532027745915040526981989909981580988776758510175364243909265329219821920867
41600817201023576478292622833552937129525548532957379415854352275593059166647, 7779647058278172644866436799941075009540961088239374356991484433215957460425
31343394661134244194776371206234031896460661545867783130076270152255982202402, 31590434463769474696799217619046841112285605890613205012710278522060608308246
57631766028913058441881905182228717659989461551767819785031286943899800543506, 25365168461897456870505072606194040260748537871437109536469069407530508319644
42535460770118451514146321164943621275947827903094928953641775374474282174999, 16869971109011107025358135643772991165730855049469426981410305241542630066348
68156854089946672070799939826111551468258470597902655675265490949735605280819, 11286189520049623209385583944291707902823096616441461343315500529005269470097
27569168827650568677857572801336788327664649856247907516421588063560892550060, 25771785737717151204142714806791414182285632457615392648266113605391530976597
75749025806005958601762822025663013766802932214245706508310966578408111723265, 27654347817432594185725842642959120845681502647187212066737713980733293641605
48099937892142571736575607001110473882101203897335597678414518928456576376632, 63191537612226386424553332655248571245709055827688935760348399856999000047767
10655277963972349351802297108063271771902594555710959538872474322468852373384, 70407375264253722469445709043223734171902901796280262972375865680485627159873
55730387971230271681827841243520069240384084534880842808297196656300988909004, 54064658823071613982455316028097153681303148640932995291703287437278648211790
69515372658121503980287396844023607017658055503072345140447757670465708904479, 34993365683519373695993761831999642931706996730705166001538336833180500020244
67103660238032947562708981588156732183330844642743336097988408472734378464692, 49432021308595687572347173717666692963982780223552435415600194433119905029577
56561560372671829349271382145990640494627796665934775159662619253719342995913, 38183422203996521297671309316224286658129659928479913167030989211067639106048
35642800572080592009263270163363561613402868222826588460866415453157164305738, 63300567379132376405154504582094625116708470049866197830911480903881410108858
890054520277914903142349105703101325328454282424617000471970049879869631848, 74637485159922907940901647911005860539466410380860487750796447875264332639658
26121860987769887565113169380131673933299997024433145608535704410156573061337, 44125017554325676100578734882801578590157255014586838483168691921416913147163
20468002064728493745364221552437199714466451723528032496646657129924234800750, 8072955735559662233065328761420019582587824994937776799804151659357955448101
14000608965967501732269023370977191209103055765597348302396487940461102971069, 5724589829265557200155748528325487249114256455935007207190965849958485321590
51877905320122627948001770507777353572097038457521459108954689932971814006925, 36808066901247149495759369185574921230522558752206973621660819835662766457504
75389321184406410989962892934052187882648754923104415746101079711293865944290, 4952632375337713250089157004332178649093299655316188574437548966842026377828
49038746362293304271844169737858710609795587743762409198584436294187433060133, 66891391673216161156178433397467003500944920165229662505451727491161761789293
39164441697613964959467749820290282828129705160344998826898888369489095119726, 57127863260415263259761760983833804834717054009099346739402059673105611078014
61605760911487978876886297999161840626027908198418917071680983670628479870244, 22152857244856640237536086638343248374664906448908441504322496435889363467855
53399538055597971153661328973611869167276466245779899348029958387802729828927, 11999783704832253529069269420620273409374654240005405160395112319509309956934
25765912065558115631169585182115028641642640576768392402343964872739868456017, 53979017750482576212890491325725674551419268334987679915831882234903634215947
40068514090155723362509982664657224956511386027354359797443973893945403066230, 68845398918953350102129055023209822660084658444635991672579201118633002598968
3342035783882840537682045310977133341935447968492873218330522525733096389384, 40234824488627425376483326380095996261823580509639512938870386230749287655566
16197636335392136202908355263831942535226253369341202358317782751840914707066, 73258553824382426157380380602068474775915047785715625610200273443007461265720
63775973008183957883790718157630170383936926880319105066934588777705840903885, 40491596275572599777348886771187979884085397285144756300009158817878655471781
31235237587272252473257287312232408910669133401213297642732807367600866587803, 14286434271710685917242101940017410917743735033047847934630271083781187889444
74811104323696515302382797917952136779887826341967370873434243687973289712313, 22348139967192367241385301346530679170179723146314111328485442365481914211704
13515706289641905793915634310776074878250946554775051237066051601248943527268, 52663779733549367485302252548857301018126470562992467667705551699088292192694
71085700286801933160781007497131002778670602859025487635217370921707276593047, 70039887418131385455061906547698094702868326158578234380690757466556121091084
36907468589231653771060553762877706470421327762339178762672137591181051567658, 57277455573697521882145709356964879215675692104345362930110420924362122264500
76582800019966709679689304932329852610320068123548632265968774104296559604970, 3593439504088436926322671844189877735790687910622096157561768517957882895557
23251962848982514229429801422061550108848029848259722536041302742209464903101, 48458595674729627158451262612735523467059482822052145484386784290790855468485
35010108232782920929569795909688318115944639036155022660686655298229069460522, 19634642514372538416440480190858400828542087049360472704500687405337885570608
57556234212099315084549124352724051173955653980812185750247426713632179502751, 63148288769629779243111854491203713035533548042944184763877475517260682479465
71421108799538644006855457008216442017638796242277582292720288594647933923934, 5837614670627213769497980500767778512933423553033855501210515072249148316941
23784485448284278338550462969231231962442508709743878592077888217953833356767, 62454355007528068712122046875249510894998947992880844499774490597919460961204
16871923720552102903654646244736556921281892489514555024962011157091132353607, 71316929880086014671369961365351286046032516277795693844043692884340703576282
53645678466327992497933980853763838659425933666967090221080224120844072454779, 19290831222393786133156892196061438745148545453321799770030879077185663162688
46075968326722441842145442380665950902738142095720516095653487888680026934582, 36293115194147483563496271185607389128289072137824504696532252109000848385446
1465863181932889635311807882016578151122190903185043905412180801530827554674, 25608290191665979934991533211866137801711823929875946099814340703612691857236
13810253024254029072201224854065880111009919080857679239095471041260582208050, 70710846565875325083423945808636233546264045332308909597690501573177442486211
951023635578665436455516527435589968570027287625042017116292103793730482842, 48542633003904619073680927967007728433516525854591480377947393415352376278183
29000229596051160740805170926318836592010464169746490816266366990460239853126, 46009362870774170715600679150882459268716369103658133524610767590192772292996
11263566169239477108501869479797620299203918626457051864952751697858678227733, 17059380312803680413395831302243017441798898775743622404830689859543060067105
68864526270207025097477661496199571798748240229034048261010784874059923989356, 62803415644574695722645055997267519735315626300327922400538180200178544569266
36008829675804709088939414872504404366076334561423182104863448003951977121974, 31600910982662678512795944019310130159381072247552521414221984069135988078714
5151202852720912982587089477539518600113349103135320612348320034113715410437, 36840338632204041449264426375945686767544150794026890410583501265952780076126
63367838128628166213940755866268343977513127801205769035834020269753597368012, 57669227397676851655946628039497859563081514930223932471420406934058329124794
60989103628655071409139853648486468246458079633185828849280856291466118615233, 38746441431877836905317954469640326052772892075206609339640898361557149892555
13098026777218527030018799323481715614044576468304233886084401093003258284267, 69247705039344905731139131100737948547908407349001733038149626429484230407605
28668233416551509800081061948285376482182352213984674376499740564745484935123, 16671660328699612475195045024742134627875988697478436679334731882637792059905
56069673897933228302613608107867265666951834304583349074144788878239873467215, 45754846446906846363203984034523883901318177756736794016174350541868233386653
40708834281362320861848437424870456625194650268542823319722276564233507692605, 1189510810501860623289457214419652142698874953790197853471998263397410699623
66265882891417259395327418648643862039397594923569617332821383415890081149022, 73100756591272621137063655775121656460671505356575924456993286268122276265151
62069332081336002952575417364422870512111328871390615132567122965875522305404, 16010845593917732524518961252341745802615896774701738677515512893826543445033
10724486803351200879152142652012747539828582314879054664253405647419808618571, 67558138613453609277569252097964327755666861356351917810770101297220121810749
57890286352149782972063579256461829732987640273154926321967661674851762243306, 59225283039979928548248198870113626967507698043331916780397961673283054829566
26669713688905290106659886839406821262276243733067239042598101498190144785936, 3685378898122212846640154344828391962432136825823588416330413274693780430683
2536494863265492226225971310350640083864108073662150415648142306425134819569, 37278301414896470004720917422082469075542801695593189769161645918104341420607
3590518258914549862646706926044268823905139273634278553792440869703310079129, 14621801393803699871069170503456643968216163873076085945850616167394096571925
13415466496878422637116791776102973781047350972779063632373473001218051920037, 8585224677884538826247297096881539841966439552824852803757779710142744400405
42541091308751660910462451172958701464907974081668118048788225653330101402532, 13896530146295768737346019424894368547904245311725173120070465272617012474624
37092377331473459502371623076561389395718338699122608152746665180334985609815, 36939259423883286664669326115074768324174997991331568079762840453997916129740
45401826698562495770556343813488308044808201666471799912826870416579881383028, 66519777250521786657565032530764841882174450200525987062924227674011423678870
979244386101680347748804182142855296843013884318673509867017497165277475735, 32365624409562417240266626565287855484550988586794283633855933459972364765599
71945863896761297214761671359165695997037736245385186795012031772979138387951, 70813183424918182984251392919039342183357787460178416382620486979437246413306
67060128160982789340353843922866616100530646883506473509265966159932929416574, 515559908775002250724445955033758411101594841478746200060583591287449389236
16258425117872247068067676819271470673530231684208559456683815727413320505954, 16902280152305082211373647013694553195861582218161139841369076044569950200002
51768791622219234076561133110393147370939903467587884164563554619993955252617, 64793344516334171698135959101617907356207889959388113749744523319572220339168
48052602182791590794397452262371895329747253037248476051053077132069303890253, 56680758818161649001368586052069334460729367963502411879649174550587015942843
62877518931705221201385754285310848050769663338261242546635113191357583692138, 20621908423302854493480461906535859196855068698315308946782667411586627324045
12438283432389338051886776265224607501537867107787126824445222989876484525426, 27381740108022126492808658339860200824113486865461465920944632203169943823947
62849082250101011772385376721979786776323975536886795140960880178933606231919, 66864965977270674460723742195024682252466085387246040482549669314000419916668
23753126183195967154627369419044426292473337108590722372166009099783666614568, 4838867881701355199655551570924839766080952304055362005621985074825547085611
21324274774039922150365504793736591186425381131290066723627379280673513565419, 65565806205527492006173304102134136663267395814712600111542104686333334052460
35371273514848656121007523691069173393461123102875105515217695760099346624922, 29376547471171132430535854695236588780031057705427282625494832854040600308044
64363562732868242794358154062429112706594361395328423830001334306557606457622, 11709014207891791717397813444168394455793807192067961304565128655825046293196
23619577921363339417566097271866903846566737560112407204968597362621172254195, 28672117038931370115184547158123533252975466161526820136234281286679076088765
15026498342913252834472140066110561534934721537900111277206501260358154865304, 61015848496850035874817237399794319610134738231109627576615754721882082633572
46505754426666451521480347551090349306744174929133779040431273892210495954863, 21367150945320528061441399565396472395990268335948909943226129063226906540227
60670395195378355753598381719244487809390086771914202957194124890380504458539, 3116255389632851139280504637487996388609544411397626571026427611513501751350
50365919677032548253202563615836482206848751097705620392506222681535819553965, 22973199567357763011782866476015686086807653920714620539746854661238639901843
29490787744879983686554582881839667219280297141720280050774929790882574981043, 39837593679108175098990344265031178126851566056295840142799486771410853197538
66793379741236857043721535452272510672560593389615489396555669953084802979119, 28093578848674669758778213815911136194930969538820929961590759560334743687015
3812250167255825989928979438615560943189703870519345628981704471306813100472, 40927506261450273035715849285729863370134032800267741710453802031341657669335
55628168407171675698098318145677305635904214555066577002847012141289471194263, 14921732050417852767492762985185019189787032820075760926119686685075950935094
45117681002712248649427391156247506151435243191597339845090761117045832864356, 50913712263666502052917619596920749095195039329894762705203940304080793356869
70847016780358784650847743019962956520742785096555337851116855321570671562853, 36764015620364265720374186212031878623765293179162416130340763896438897574945
58495978541657853955394667454329763515453974306505484327354309048204478284551, 7433234098656619068143284242474011884529748274057539336999111820973252669427
13524501153784112341750420022502265649321038637259887746064382193133651696228, 67110071369604720359494496555292162755506995651288298048748004482712691641675
34912779531504602171239329016252407149202406517239219630743107589139007759020, 74973815454601024514051910683170713651745992595893731552173236683929869850560
30945532887158873170969151201703257284054620181590737337214033484627717751184, 29932512838993546301180248170054051459686280394970855690341886208052046969838
61150460429938988507440303840458646802234577634358877231245845493859185936942, 47839279981182218424735664154614944539246179789805890350416117916047163024530
18744772351136970245968481248988261590362057034931492205833934363336532590169, 41104733640377824660394445342294539184075675538980070250019807172519133543786
10407740504196000896850847413055617957091365379074261573342657668660627847343, 7230838851253692373142307145190577906260810628501404879057546686396312645250
44330531352660655685024498780968553243667429865569112878570151084630933669547, 22444179650953699010750674509624888519700576075892560181840734238963057420491
56709364479943913283706691206639778154210337967860695249883001296055634165759, 59001940611348640417633281541923113419808423824530691366356481540338846520073
3899412429751342311343388136910684796032523546337890239976569609612273115659, 38467298656124203339349174099742266592412637636389213649270797602945896388608
25005738699311072000034806238205246098350926265764007270150114195892540339065, 44531771616392320145572021039149155455934191077380081197186801367532805953732
72629524058905166943902094392779777257333705756059992614334150160323182349625, 69302821254119955896971231795325942473336820358266124092525802656915181072373
31247610998104231570491667448128192428528123402211331917618272551153494982256, 29140305553219075692792627201652974746419176011272055719216945602058632659192
42711150514484536129201978107900278283478505579701851921528257710065267268867, 56215398343018444914816189110927222144622559856473101761170994808753917138587
55162405129057306555965504662891010069228381741651307292978345519789114033354, 19743654862725896830961152316441276509456180690468627186529607117581909299028
57781116383087872927809564416476554261015512191716682862930471230699357741277, 54288327131456322578190394838989235182479521076312509732593731152600151503373
22879134435869569896107114303212009599580503615626186428944407463479752466351, 75719760556916487291886404108980097348582410938612012730829832410784942849349
51898034363711417628683205550253041715199364891489106235251339863199912254765, 16187273869818226305223057801811221205455765877789286472209579465535951236252
19092985915721204110459483991148717820225931004947410004495506459009866668777, 9675319310625958023824462639883977066205894467970487501227614015856062574200
53180802034433817424593603228193640866850640679061470505469933474085062821764, 25118674206089663123064638843387244891332462132690574356425771395687241760403
1911417781154857679872314444881789179883431375761787967333406807957666384311, 31924636025761173072563128280893119862531800854512851737808482221894778789187
24641284085751770883479563648661533516114452003916891634572937190411963518451, 45596541839557142406026253735261277499698797509785556947883536069358028427387
28497559105818926393035904638939304780355911518739037470110215535016669281713, 100531972340962688309368538823916587372418785131547908610208127923064730271
51657324571958893217305835167883482107835444018860210073525179865054338946443, 58830010995888466245329278717052075218584541338416761850995982389995742537361
6153261544400259542484430901963202749814047986851684901126554498295936401869, 57111248297393046967475233322204266357343547835402600862441727864309247444793
62811181763669241141836413876758240406978843401754779380394953439465339067005, 75182552249027940231135736694692417683522313715249504758139536370310063675439
30415721520644996691353329170830748375511647377112765554263097703562434345322, 32239972095622464788807394241966081037266589101238095775256569677412153470118
15582742088907061036380551988066378625981277533225286281237123242000720219710, 23666696693001036482380055198786942018289914115240692087917949796737956252723
19949951200920065191482701576971748843556754216253120488543343128622199225642, 45412985292192643971182071882748881022949128247949606589197645903361045147900
68029253731467964082118758814362821394170283714465898179792912674316054164326, 7581256773883495335872893421962257812798364397530197591748009228022617668989
28689231945756071502427194797229224418837397588498061003699017962016967304134, 19945417769009236421237204085931364775278497857933089454793351420908162523238
22248668590876319338962298789152287966919261358574583850894690751997422459542, 4891308202014453690364131153721093049783379185009947134012045971870901750023
17694314297026552834630896117455337448452736000653502058099261336551118841309, 58934076495667561037527980782133174899202830345350521853382774123752518652643
42502443090856111773326561994580700347514614285967377472530077956904630429340, 26398647238716556172502373843222959821409387803871839098614450371360018176433
64921743684680499556033869930803911291818825150670334170830830223232035632125, 41681595956650749751685480617965899331739426111699215735499876170650949096921
72953383253696690927140091452246616752109023593033104713547516436054423765357, 65545921104434551833851105365885974022829608346795701058973110546722648786924
24726350212152554095639958013297573077080683043998279475424316686651315131271, 52524857427534443263244537426167128935773310961740670388840907014173836785961
37437225185163011334957925006964970425196679251779014519096525258721126587597, 8181255708553661529184251968881277797636941054018308531446764622867220091716
50473586854140346052314790162743358147404779141134009603117578090733143821925, 37992005714576221868697879414035541806951056540886905378940935885841254911570
16199386171220284981884192546753579614829554796524470724866347535674181047415, 57341036988842249939484433550406061653298346430189409221624777461419851497307
66706297595768165569148678563640047003587597605191561302272198927661613676142, 190029627278407260331782123499942477792392142907537764336276896879609742873
38108193920006199455009607492721645360407665077686838379120803798577236642092, 10918328835300634661148385443458427652666944889969628261943676706264936018085
23080296689863113520022583194989877306316478659157528330388942694915433153765, 60412766486048926928272188496816749061563674630643907685181297355842667861935
3200136323246029168193598963289135391249046944322643204381592868264262193952, 2746716268899930091173377737818029677183723955505527202653972343056135590903
24218426273656191123175641081003183968322669011397119884539371365464073997341, 7479517410447748023571547145005237454507736038201216846387902205059437304397
42963148308539656609931881467938280325822618307234414306746550171135337325100, 56904247369303690802310002677489840316841944542910282330907141979227128634801
11041750728293417772748792784845608539716373908894138035303865550511658067902, 34569123103471518750381647658485494091277318684475499019819484016736990333383
55380624888500156170712402973855820901978825658673515748867386239281542083691, 32068221835723514154492606137309733970241466443208563540742119868687103851927
66464155183580752568470717626913198279742701194538744880088289700774827953303, 61259037143549375676076941590431433182305229506313863499234256531300010213169
500002237267621513574476541930740416076565040433055157091432143234978674536, 76394079711165229710999255688980121837679294448474360671297809672490960713971
40795252292751334837693880258458747544316421344583087660614170384918582792219, 61083934154237188154408005750451243635179911783128956338045310116574390800601
47393284699640755250238074302682281694307841762117018919470923235251124996332, 44620421251950822943080757294030412637192843301018135149152779450311022138334
31135433207930749982789037105152214414916488646555859105181496599167713141334, 19374349734801382428927165565941383821687236500471716694829521108998269634831
6070609653569678008683125238759572918330222064414009262780452551982782472015, 49328977848530775693926766514450467587740075441342440371664474613360516991765
34262003173512156303112389985283044688759757788782235754932749808945772235450, 50331628529116291619990316755866663556173564800031103378153445780504531375035
40440503860281411923511726128533749213665946896784879820137846567482610873981, 3520549480382681835765410134880059468995029003387255437779129110900522513852
14745289771418938333580988409793017971744798891526898833439249897634595966125, 6822004647970799176912043714083251607650537132813663821993658141563022679313
21342644154654026985830406436995236946964901999637696484409533870593269282599, 47657453341055774902907649962848222255860610192889150980270473018534851634210
58746126793581080907774491696336618457678743941810876021182915654832597382211, 35806687158001882532146368753838297079409927151156404461210932890764777736325
41303917028674272989175620702904478324857190580403966010534220848194416089726, 7034213285361502022282999751547473875112750614096431068305073141385506640020
22496461345221793688729495835334208101480168394343966970137114690219649862939, 53175769826803166107021069196537512293049929377866337517832751292406336703588
48302911559860813994465184937132639135915793983733818284531513227251228091910, 73919472388986515091429859235618061436048604969721796740836667865485711151958
38246241256463375034171820598184092821853971552086771987723779094937190256787, 48357632502241736011307058783664492509870338777654033280354154125894890120466
75358715351538234116985374200922501520766986979456215955620406748888219317297, 63801166852212407581628820437190874800209960927605389463618969044026837266953
4590967608911226142423029728375369082543383975415141314557061324512911191432, 53084245667767825423742284665937782846695428990463367922787203493903281574421
