Elliptic Curve: brainpoolP256r1
Field Prime: 76884956397045344220809746629001649093037950200943055203735601445031516197751
Base Point: (63243729749562333355292243550312970334778175571054726587095381623627144114786, 38218615093753523893122277964030810387585405539772602581557831887485717997975)
Polynomial Degree: 7
Polynomial Coefficients: [45, 13, 54, 33, 62, 32, 22, 23]
Public Key: (71015232745512392971199443816205503131313934221235885562810931663452739972071, 22548215464541600930970880324765326372396588107349087059528199529208502393654)
66111332527221647414717460364838078782756857801407197086290424495429215715133, 30373805531006647401424115544674115660553781223457457171770676925754828420889
30166500862543957856088304437572200640555908332467911316166619438297725690208, 10146340852139652830519126688004894732188435309445984689729215070339843759460
18626884076812338794248411446676400112085817493428576272260998138487141878977, 36327193235879463950490772866655358754436438852302347747349216116136281105510
41898701802256792760919916237569070155362877338273160360319837118552680897668, 31975900931904553994783075800458081121041402846880691594657680027402247751117
9548178187129831319482748834666566168848861456838300767349540698490027210611, 32038056349671081487513663934228631538122757673258835656003563194268397081751
71481041350475514721793947027231089154144530950709475491264965522443073215766, 46590841343030276171857441856759982255847382889985938474724086090181964922039
127021959386172715089519204220470144309450355963317159534043243371881561599, 13260327242602383817519591506265981476784491669632273359142345773032811931351
30592624398522686621765213362799645617674862338541426543142046093792364743649, 68533234917951352354087542361627590740079009495528468853693190817571036775417
31247546158448278744668957257981639974257466869669262913127137771731371623608, 60078150206694725661856216994499664221269489829758255547449543645827163234045
30742282795069148232557052112574215568645188166229935863309198440685982005505, 67904176091116350572509847562370715421556440072382194312313265829793108128157
2520415753531072012025345865378080192869002363720012184765527686909178830353, 50495291380550788762403164559062370623250001888218415419573829785284781821531
58083288909088203022793538501212032123309309436802658814909437593564376333793, 44998507044796931201495636996154383433941846541540171850109744442741435441452
68911726461979616283023035932614553522893976256658512142216291913704026302914, 40764019196261450968860917874353082791190853476193245849962502428756185229295
33233173388630193248171193895560006541094116665837884709779357236950257173886, 48324586003809453598654157811068103374400356151585897931151069704880379173354
11077513030751263152516338753901406077884851268452107225059702771725841846225, 38439827611472661012814399189219878023496169557554987008260720760722197669712
22956193398905892883484618292582672078912058110633178569123316585880811223114, 34544431989981086455041194418515739379757079262981686299522403337523334908439
56488500106439602335184552649858395570900360017353509278233258730891546597566, 17051369956682895055410862610471772013206519864089646552807828613211257827287
49517467790495516378094856640320868789652523574766671396188625648984619531283, 31896402792977878328252435995155648109172843771484488134938341130084384146657
18591209100095123664288485854075053288864314412723880144724582215096262870662, 41943835385564639680061038432670514441714140422928524846782622342562962045036
45941115942425066811948825187552020247986784943968443350458683412616909581825, 45012690004326177458689573396378198086477070921165461440296525747077975937883
6689876258741622776232556146203565132099326073625468347259464524207848067370, 62380951364183516557541040599340016455278143239067003377394208587937033399302
56937526553730776806120018964728975580096114786018926266898315462517267312647, 8780344936274307758923820452730881703856777107575573701801463421081067565972
46082459407914690279262758864674455894452055767743767044382137289995667772292, 11804229476285303961051038547642196294308917587292448277708412288889842514609
21155184718685789951808914951770263735361776856252303221395343702899233390628, 17122255966262721375745883484818904550492134312490465159326604614066459418974
6156029951659457838337437472275185661614907303876816527898649263248370477472, 43243321997805795874387255797035026837894456301187330646064491034674086166087
16136271861316868665955933681719777421995156764921463725964061106990068718983, 63220003910834843900484990902414954050914151664886024307359786204684054616241
63050925481818923694990673141516423347984017893646147379128333738201107336930, 7759277380464456651446312342141705514401088529563263560645190965933029348911
3002246906591584820147704241920692634476475993533940639999566964889357998121, 28311776679898430471948213299535624929244014824578534535272881953741833651187
57769037767638250080770503251298455403944534230154684679451182781364302279105, 67630280390963291055408477374784627193589086207298204527260819582363592845706
59430622874445278406011495515706108229904214629135136986411537217121319562270, 2152114189717313892334772950510894237783395853681537696647874452231121626667
60513435462685591190761909697293435618916216472913205996609778663266398444918, 47061273249564407800259881264761240027337268152642498048362909826638467785874
38482924558065430613122397357152912988495332323141521763241704815483601353722, 21150944324604235858236126250525544348778282462487838701565677346223422243427
34713248180206440484722464407424181035743791085318949892450259445257229507579, 9751422682687993807184306399126797176302773748046775211672216307579824260515
59464448926684210595874423751375029833138584607796008677868693071120258379529, 75394892224965611118243045817193914464536862498726851066722404804324093289489
5205836813742845023573174528501378700440128658429362696212816939492114336785, 7053893759278591566139687239852487415079256776852562352911231158083264509155
62850678837979390412655634897186870100072759968826367461971406925949887503774, 67097298314763471701951532903143525663096430436358584903050020866508312575926
12271769493653467559760211236378343468119221658058705184360308789652175165330, 30106330374376152939234178037600337729638305915199047103160651624566723835828
73241191060561325334566971337650052548477370814039295931924974683152416791018, 46536928892170453332757747971864601221598374168111505483488098446760160805598
66718432385714645859450634120755861992203151196435930151236347905029386859295, 75798878542547808683770602958589050317209267714383911959497364314031530885366
72330262655444026573444411962927031728449132694513544567095108711173893482147, 41881569745657768596583529079180956536072608040766255856593384738536573870902
71802776590593350416049215740225014588169127020175550367042711668708885481526, 65653080264402174250776479272129384416135162724859715100755996153145629009953
74151680265585051826069766292272303071177067989854468505383034325026570361881, 17306294838948301048683072156062192996927823898292788387373351610640569848989
59858160659978409773640482123837075485542085679586525205136982989527213146639, 5771836871736900704290490051368120258257169477755347649569636410407222081758
3330518530482350863456384626442804082155112842987505413607355809022782134637, 45733177096212983753442899956465376776895974634918586414687211335615457050689
32798801770310583373284544634792486406968448668405887687848100505814239381821, 24598985572327537274035867379021193324476777344836726928333829027167392940440
15671274039972421489621763517937884461756150480848586285950822416114559693332, 39833204963992808671593721923629998021268051681887661773936218871887761123772
18177663034288946269522181345819451553902990747707715442853588725830132972724, 50390763463094573891264232174175919089143075801533275695013830899010466170165
60764019684307127514220549095440308031610221925429260049085908303946866182662, 57012810695875447222003280141779942202591768015719790594332991847332152028863
9315998616210374057895623345938752373461376916942980002815452312468607975569, 9099400385043291003630309374202995685366802407780614547304291343214126854238
46620833481326615827452604230355297003210678343072731321125230418072237381202, 72652874696118876041494598610774448468499402625752435011383985564728740743384
57273830345441254874556329677606988692832924101851388783917042757415509786486, 1309914438121157632495116718822060147188093773745379822482515118376168682107
8025711716657613522339854595701290786212823896251682842225558783035406140172, 56516453861280915288585522899655534868415180880423962756905257159780447586142
76623250861415674497500164893733397471967433118144668965557689011397993850207, 38867689860410094441105596935823587152735888706696077717311771239834373256434
21950163757936790545352658898954234209855619528894258776712193254896291828941, 17515306613773805107972345857371004509169074639714507324493806991836667289902
73014708889873852998314738686882664310532509757885856357479692560723069273460, 7265790781681796407460924592089124399830167774885779181935384100761167531327
57327503468468932836629666151342144481615430468827925413879614162184960527985, 30049490219712455876703980107753596470337418354506480970239746486070060341822
23022014541477626118073610279488566633935093935631908846595782627986894159167, 21472305832762959447058980828645894463345965750416390064034553089765074161309
20439821269996803800592792638558044619745800141698014191663958096094310687019, 76610174851094777437471338916584412952933111174005664177866082794151246775801
42158129389193228241710413284675449646714147149818457798638067267912432433155, 70945267238642561450546124402920403448954831834952255386600092498184170656533
34593951843017273936346268183352442044975221373897736251164360535731253263137, 53599651358345127358233460032147934201585050536199120864878892825182954718903
56083251720879825312528614657963053022484930692351357173658331265905317039981, 73479157550950982802664788359578617222184171133108096254375784538926675601356
74855217086472083971114447458077743621483594433920736277639132017032602484084, 929104686635335386865888439565498681251168310226394954414918485556937680798
6599110763577157335351519984523646988991116925709469228456255301561707595450, 70710291607029837922417442194910749825425897782092699616614454604024538529092
60483579918066078434655618664563575621338563741884132545909869467079097071734, 61759899098670367743711275287491708068031637600989661031431320375426081213814
1610328666487654424545325887700525759971117317452386900156619466396701993566, 73821565673060248262387685982976691140317351010100968033948301533355735931807
63718370282635703179182046372059203030021736269462610091805972420947972565086, 16560817012928855621971023672896272654782106661672351569612483687060265505723
13201366089756832926428180091549242834703447271304812622128427081683158640340, 13717523588414438822949540371420111920885710462804350083790850557967301837414
38108655271171435416406971948621932519598558732006630179358161552084157360999, 53302639548978178912437379681452275207759247305476063615436873506094552334932
37392399715083957944729488306230458528811270982138810803275606834075570830080, 1732904640512881627241486233926799577367618830245685686209214488360285655063
33057606163242947046898616801437753457526445200802468802055566973510138763715, 21477212022905440155807417466641943412221311779275314301448889990837161855587
4643918867171063447778393291961150838635708231086600226484481605592929237920, 46085479786109142666497175305332438689181973532674368332469478385479441379984
21038608821296250824657494526634937756202555662363235450943954541252589530200, 74807827586459814348106946551700417927573850217569832649272250360759013666780
75855026072835969498255152586093757634861485989471316045509604552591545183592, 6899272337574749436524460358206268322118075138162892905307839976327427931299
12825038456241937211118158332719147983617810377534642871393967094868834499536, 62259261976632765673576632178655909414107270507558573161160168116343859468080
68177248145204960019776416828510264849530589060475585307256444477468676941738, 67161476837928123381477674942121048518321178727517047036410981035645761387985
15179509891844312756040589047648967896336226841417839883983368917145884292131, 31466436476257429532418443302421048290316497124884359371230962495837478466929
164520879858872993977150506828923766423195021977488955958107707520873033672, 46058859988488372294095653185996292065372496639142961209782794563516340231048
2236217589630495159413798608154892699810266454479800934678091215982388800218, 35761373254500872239463787704053493738342687279551631925565751037014325877015
15286201007053988839107618086285577298181473836005138300181992071733287361149, 15713387938951677145275956750603094600514074228585136071960228890471277133421
44623562209178630448219969660917067499119588956577629765772005420607858059938, 62512381683065109316053373628741651404186757897035362751951431238288995196874
71439380105714002578403025141397510679289621188176243027941717953585156330220, 49861834962942332933663711814911206944351977495305037250428463520120757113114
40718888549970189958301630532042349167647823940853307150311780182727875032052, 23553479117184167019840696104518574669917566206482168217189469739766323577769
8927791023092517140900902142840027483749827967140530101596230027915871497048, 33748986821725886197413815532832440828710198654110825750575630304154315787817
63017518401207498739984783616910225394509461815008117905272798864455455455347, 76006307814893393707183086984639280305218829530589996748864769858637671729405
37783143350755523213641815796822539540791681567918848898384977872893588898446, 61759579045566989489920717971896659310071316543285613612651091479694726663249
72079588594317338545966977100909016022656247237171205615392256109694169589954, 68891416899666757921467020887284157978115205986363949867377411807218959967296
30595287913791029244870283910692241873433258583638586101322483400663909608859, 74860645444872804200534359220791099081146039948103730471267855786138625268508
36007859286616136892811020445969567600534596116858590916088361671917728594899, 7327802536207465283360851415754465388581904522061173594474613423640496612161
46443491291333026089288356192526060169213820617859559281350036634491847516524, 52248541340574579717666740014054948751555748605097730062333921124285230068541
6994461663426673362020752562101747291692514699298277003902273153240775843692, 20668855229799428093579927316521265267763771891064863561044491142879618741465
19149008891688142708235199799244188129469471050712993161928152951967105021964, 35509655797474651282407406898685109122624757256233491892722024361257534880790
64062715475767056721627377225064358891399742925249117737787479128847711209284, 51639220649081084020982061603877109455448981513177806558803472670262949058109
44875668453187524109100773868479807600986896130109619719264934161169321572671, 8804724383236391991717025558842229380976672970628155839665279382362655635221
2342584039601923064290100869629104247706640824041812090090045296491854049214, 42281416304345897985176558239903402570790721807831799539072869814341436244092
12428758813761111298589378135627630752383484864326965741447521696836577646215, 30082175550595587596316076420120026302883798979766577223072872297606294742361
50576219720483543544689370500033494662994961149085024806613486345212422339937, 25151881519511518906495987354296904172246441479681239341160781493714990954159
25453791946160942665022666872992667144319851878300301099624385135942095951730, 42347928279596493169379756225501486681458730125969006572318692210541946767819
43155633143690382942890933346600507729786521136850956927151845917270901184220, 60911093173299309384194885110745260196051395069643929713416098890519174802791
48817273398235012259237499558205539409330074674566386676978112393520313708583, 41395318708706454447533775389411154056823528156817356555015132434576983695964
24183589956834128476026868598121924213837265659557526728895199579349045508081, 51249004207668675322597752852927394315175288073034627612816661100331091475627
71766994375200018672468195878682353596807354133084114220125473752843978574906, 58906214268786472365746107864513639123300879864559066379044657184147953315585
24310379051802447785053744751511394985130513145096992464710919040959109929018, 64912148391748403245450247802497553992255911245786018550402707794003109100826
57355885052477693357230323414052440436182478477946202782036118302855143040718, 25459914037832603406997737245667744392951812047620863497043771394111350524523
3761403789656727260054334586291730930936573173224047282499279206837444249585, 28410984903529962128096343536568119683038435130720442402050867899723764295145
32152652399297226333882142065954373767689787662385954771442591212446184390022, 37218263228791236187404591440668213740469399073321324036279478682410304338831
27520282961735931751168400872229365490936583435416103132476530353117200698358, 19543806913721522121013205886229574828194379099216747961944239398207020657881
65158953815573690755557613309047593707810506456162626138817334095621642805979, 26189305337019252124313936778222410282551800630568689637404485882010158335147
9080921117804006817717390215492534983987169697106515419805262284916388454816, 56315369786607422919770146974500612991003837003030707101033745024533573972063
26890886510610429644163499583074244145471652623293052158061356895587754328479, 51392370210909059394487943124524102796851094474670522642827780667748336877691
46733920160893587411825150854387429342337664216951712219665795784614470424616, 49770371350272533587309648028793922294732353139113460928590983996998440621048
8529664763133295251587479935448469781539158709886938295579749490693475932550, 19308470919225075512357721426282057334929646155025140674224888670130145672343
508858388315168746136969612821870784937753641905356723063994828395502014258, 2831225451438385738912447608240593558301027496173193533048881909661538327435
6216615349096190956237776031979686846723647602770789072278634269182222111012, 56466451949959131282152205613015431677047141429411858637685744387140948323135
29200763213351631888266085651844067523799423024483256667092599105304884766727, 59093889963827700106248579431358808788649876572353913442835062893130714943730
24315258704245429753110887376688868557731041093443475179414726892625071705134, 34540678350977959151930271502458864317710674419973679979085365400282089106289
54042062204739837228337546831000673044417705943051464792502164082327728698802, 28679457197230761086883954647736569633424439686367842930477903851474623755613
52347884540605237818467329841099500843525677409014681314818627984182085071138, 66687173650942995289726338497930985595879527697908785480690226114823094402747
49171640832215541578281331951388515852879633105377668795721769259323103582171, 61692329712360571257340412597675311861753767058578831481154992856451568580947
24090740346095549847696157511016874229771648423602829926372026333509235903423, 35691323117915942818451315875478345876691934271071199282263394782275961725785
28347454550282118459512487565257924742647910315616192403761122328657239979947, 56455753627291196495574794245123879717107741996607514857610966082422569750655
45342867327812679401922489356007017832865283562079949364554999759371631535322, 8430355143094325925401227744195843310013361086545880585707591849772670997087
45650903144109134199043319522479329548132876062669337057215756558450060074840, 57858649612855412294404831603653100992115845583451232411788940884859710510032
16229921728914688568426823971903706971222865780415815072282156099928855897468, 51848284173711910745094213742009472592604671413607759868099971378906615200954
75177584000392005747482404053951046496257553952185112358429405680132761549372, 23138069825161614781538329008875349804755138685083173394852476462072961442885
27627138855861957467286453309154807613786168820657459268575867918788151183183, 57592407185528307810175505902893472546814988871175026672844942426539142283531
41840817444173629173524122606253277376631527904150061491663452144905486785358, 62435905729988479696786309388337778317735869765550493004296396088348350044461
71140045368344200956897627320681272064064801807603399804480839283530626808672, 38780534998266662512521377992740125212104568451670363161475041309592846538697
49057366008364145796816928445192568895059739064245827372339393061184754138463, 22103066985744098410114182402394651866098508794016061810403970889965201185264
15296553034492516726155331432948019087432766682865575745098307212380660354968, 55309896602704322514842656859993453653510277817446784009595457244117551128007
76075064454941029767871636157423219720073354970208759024006122152935401133058, 60716161178351427292244060081497249102662520881178878585729409029996545812190
46784344513067417463175018938995242659199600844615170402905689313608622920152, 52636806446987867936730348714727470732931775898768022370169355687701222682544
13841491979381277364465047879365614140196831021600066824728862191348042058604, 18340838036571948793392418863467782664309108739156577998441467025576829540499
51186681469498831492879786332837753243590165653084678827550656966036744835982, 9626104967035731876843473870956702368746595626943678720277649997266608557516
47957112302343593740055500285236695440798171082384025129018647817118929522748, 69659311452216717783270131375738656598448237766113334871216275687846106632594
45364083899425009202367348255791598327733015397356470217881127723299513824707, 12184978071401760048731631021496096745435723683777819552424215203148829031378
2225268124376481713626813889277932386270681225999852697865725384548098147609, 6881861340663499233858499167669171206328711289543118239299371985235535603078
44954970554964123528898708476773422277332840940369423476441519001432677500684, 71257255371976136449983791381024551209576475947996674117783587216132732141867
13550716139380575882309403544849625874637222902767792296516952910065919986973, 46031719146362842388612974220720728863217115541013868890238633403427433447513
29125507185222200727113100098168461590476226364028806106154479204912774980303, 23164413169411491021407653017143270370011001760330511792146486430330432457369
31529024712057226029639335768695322914853737578611185897380346838860110071754, 28937643919706970075779614161181244534220476476561347111877565618319739737714
49576166750032456455570747423320304150830949089669230587155499196340366925872, 60790587779107076808196692345328657400280947003113020895170752655852484914724
24154693890602604300303844647116370748204693788029887135335992363743490227189, 61918968926098127329323491852885741042240453139372091253650812020088733432614
49188761699656819646567911481928195154022658545857142615719138903802846449291, 65387448136866575655764136628250581075531817500141185174853429768138297426764
28250671353477732540661127967101872887202358320336097939419841404939468675772, 14889194536634635808303730200953158554052418463425928593144512465862236831723
63597223748073286185996504482231220802115692771058853220658091177861593320108, 18358554991943901856706068536251526839017064850763437074453030939635006817160
46357281395248410141901550058257611686799604442402528043974605652692499034419, 39492031420931696403856786413656450003998299324283801372896101614507289746724
56122902243839500135064291667099653325030461274077130301940269035986190799458, 47069357140115113397307652297040620580455047665824925292368833194109355952153
51888271780155038268018033532550717781779078407618480543237622918450695194997, 68840384405240604597664698158836215909727160036104734352133147931001849174817
46187276827370064843737094850317523013511866099891803908075114760801480235663, 71794064998997438988514741368691882936707489403048519542890091081865322138413
1409674547618011676396335288503891100190227255576525851380854067248040049293, 76000319015216898640405607815238272277186941864355845354207574217691542148426
5220029361799892487247335633302975317781345516869268130676899196186748147739, 1961421826101496295929823452631062526977608792751094975753878549258902605170
42451633022978599542600415615232389249412617537457674854988625669564112886187, 18773603182050738605846789921656680056773287327035219171308370146693319658407
35855405044296669497888541688388791397607026856596830681420502020120116465854, 41346087593837590247706991429695673506252768264448341221899730516023514655020
61898698788550041950024494416942368542888938454620939139991754635014367094396, 54997427939044609694457684917989979495593441069213276911400018525749928459977
63911839110585657820030062662420808766542295203683953147322894609626073644439, 61218944088287981315018119770763448146868510881823530038425121429570915039861
64066532255767136405385433022615146393590959071122607363049471015213849262607, 37964538948307595789538189198555469118480890080799089966103049828573219476261
26456953738304115748063428529034080988827066782068680691095346389579799509261, 22490158426561755484425986792510189334857303332532967763169380306212107023272
70239121044903620567646154729856989877882446490896059376100691715761658030158, 6343597111133083181187866677929531631195323215879558694800512572674388578653
70034209072427206854306871794202403125059895094929633036157741825984040474656, 64114708794081464625476242793893786506350299240176113828196665969918858976135
2880462410413780538420278198506166246884751277607805719102071231014609817766, 66537845640194931389281447328510086062131771510283059184021467380471523148635
13813632078404838756177672138795245527814026765748336837224306308638955616525, 45233011823163687522319660147294433964161610913608831168588411057573104160981
26071493630259760547812060751987015558532848485550380962065534905056271896013, 44871531828378396500242710427763602822612655533838550884989584484374457797779
40500141158600038357030684099912935701615592692432638735127310339296442072479, 25044332668613592835945100259212107489423264828900467497422617195718084407081
15088551954139934894357848427895835711196947392360223784657082419738601653366, 65399993526480455822950723089950331020427140939908439152364524441090080405771
26416976290924096087815166516487569837738655860976208390032294040112354416202, 21039196529598159495354537142168367111405117595017427423754303170592243302741
24100763113029731653554486427865973205383736748816119546288065843502619114102, 60318934174995690108281063932086740016722112216751290792622297934575097916446
49124667605462435962961859835997889390973712775790654344081699924810275657810, 5088718206346354190987601109553891434053269299076478423306874839600550343838
23733448273480385538029163779012646942627134397391344481353457915871215255269, 17526879046711339024165040755984664437801113290111509990449278240273312143083
67097493523941616949308327897255237740329815566725281612691316537421272817490, 32609529614780706203538993695903679038675085050580049901558572783613779210781
31086065407434489974466529245197341773344855813288565123596537679893250585365, 12134098510855439235540898579038164705959301932377312552868431073054701748226
76623720412962978826615985376363140651550053189256157642513158722636789732149, 56886355816204778460675221950464722951598485230817771478926111612286822979831
73720078100974318944549457512408237766078498052193545227792222393810330738011, 2640286949952962112158876358592517846612631643825462166178117215870518395031
54175863792116902100270705490745579091297967260855762825824698764052730878854, 16056183314788637683548736931197056093993685460734818087818732681877743565381
62030703815497369229457248331148690616925291611181540156916682051184511793686, 38626852061975083518414930279922256756848866426546605813411009032624752045700
6882361161257146791418609196707856152553997196756035678853526316891530992939, 22475154536539300078605311074370395220748476022312966928976941316803653036239
66754334407654413444050984761523825777575065334047846424347550049856194520221, 61887870624177646146344721162872285518759826612901894474215785164145568080479
35736856532683670688215804250810745999322406461873657109479159271268272732485, 69233134181176464890396396045523494210703135862128520028257569334948785719298
46664976441065839328318019487326576256411683926812333364213515417964436978218, 9299144988929240354998090309290224507284594070587372880767541265101540189286
18632364516168079046850261389335737750009587413783637367746770444558698888364, 41087362555969203437195595347801081506156776162468212145398807998100641609277
59715872990677284761172425021576246502259226152603165859409322906527189072014, 42660896769764350924357293757033413809464645900573863410998934669336956646062
1487130922206155022277039396400581302483740915706717541262916218865121651694, 41471057771755002314436625517215158503115367317752002202255493539552297298275
21015423261897027393205630771209358827437086595360111282372714472481343659469, 43539425790911331945983734533132734485053731178383808284077658472613230425570
1412842707237708298314090734894966766154024357471048832640513633373587979083, 37532823016006220045711554522404921134080379370720611638999488365578132029967
41863135986715433723295979869324553850663420606331720502602284802529919987220, 41959177796376116069327801662857870007158859375563651023357808487595834567175
68726533829610470165429337489706709526092738511443223707449036188095182274571, 10510265151672879460460779505010015102730591339378087047602210269655002116510
51939561230438963974410889474109876664457369080073083310797239905226351852595, 21966080055282902303700936688467261895837898559349658446529352137815689011973
28541996255992391013830011094505945587394467785850675305278520802594140123656, 10007534780546436153904586015619782826351171995189724297948087612156825111467
59743051451043892468274306470836569830040266916916721153483097203243542589172, 74148512942332330810885652645690057231878665915539504595312852978007438266339
51970089719331575666452555342563617016091534312036495025178533549489452622455, 47268141449555459198202875650308602331791337420597843515446519640125719647323
58866230659220363553594395045959641284042618052657808222589505132370546292088, 21828538490087153023276303979578992784744247362226601099496302420389089064317
53240678367585501893268022996626069396556368788573275881054895024427991882116, 74362648351562510913716783741504539233670261971065502541828369264195369817468
23122131395334824315855376790168279089963797502043825842865736910963902069289, 59473330687173747247708541853612425580482536693652527634506936915680852618802
54512219916002026659532345538293607275440910213554009060651646730149273350757, 38789318527389069994582743521297755239737434659367800162816363582021039693270
67881266853834689705769389302913564698670867432379528160506122190315566993666, 21993242113284493406001080874957994589239449173939702392557239475209721476162
73080383190162577144266817669168688706412746152198819026299000727462905799906, 24262970515454033226045721448444600917864308429053548559086855563220548471903
62963146349364027895062494894666651401026491375515195089650616040050854589882, 17274723379258758585921771291738646116472355020656115840701151905744600849690
56140423367971979258123043754037861883431164519633080000575567095610830774068, 7626103121965076507722441974165375770368143484450742424555655857225200711600
44658787127371598730618130044130115042556388256628847769472660605391422835656, 65798389138240371738664518116142940556174745832659594848434367001718416600724
61067862645252573117779293348826880498271833978113230408329512301260737689343, 29465346201690432605373778597630402519473937258002007814418653497681035473037
17848973602020514214601455589323532257313763340430817869195203315333580177132, 63165350109143520716890693310531107234100322620692420981903125060500990691546
31981214251030708983114987668874094992673643902834143034921458736738635282055, 56110803323223363857503505925370423153207349619532809034324495755714337660873
34903810129877919872435203842908518401384304958755370214125112933059166168930, 62706983794296565755446087475906223367796500175456029650883749851614496345896
57628782746057701199775960363864768558644894719105601755068320116236350461436, 15091110844396872827164988007638091352810874644532565665619278581313869500890
1502428893376804682745073990255717905666494914990515791111663365815620568847, 16188758304450463358892637423708541129353015322169500568163523257758165715810
56077087832612887548129351901520340135770113926698025877462761148463510594565, 73106364388134935788115475936479330412800808720687471316046835801673132774850
36639077413026697749638756272861381556762971848060249690550590769298494333536, 17728842236478597323037791213084016725090051421786424942443345989718307758501
61994981739802192016142589312077356227247933152613330640038960117649966905060, 65807850145342151583105134142855151440408789869697250177821434070106995263544
68543216147814991813359031470669100132976683825535085627359520124133497047252, 17991422541634605485579111524166051852201627878956303796648608833532904511213
58454729668136010287256763544860794142382753413501539582775474434094595946440, 73634642310657747001234577350535368918574768499045737980124529321652106773946
7826867522442808124741503448629851580176935283662103390587394643527062042405, 76833290078213562596612888841882383302609989829903466706311124382450813704622
6479428235716142609610414421028017700759714530701383007414018537297822250065, 73012071549413586479303913324318426926895304512711829255221555896882926864850
55197671894138573601759694212214712912174879809774455334113280031368111200882, 22347575243934986319405058904760094102615288496924417909388048056898465606990
35068314613088165756370936525362348569246984979384031700426271560156105193253, 20850830827086922708386590507132368082666664496425204564307309241985492886581
19975263527359934119748820952214036723919224115801879886124601228851580550584, 51287575901313186834958913095602650788044438039230655211694515934332850093564
38883465843575058386641702830822760272349083880068674797528099103139181568596, 4039518288819407173930886043910715709886550237652070581525007167614826163120
55074014523273494360481430690176258704151139156451585280583405206698900588394, 22257747717114300033722573483549885145417668381774548504162105258936670067574
29371635392984283307672625771918854744041617545439898693185881510031599952206, 28293392000156342222021867746290787348275305888324422974815790460749396477885
53724081862859784058642586361915998492454575802092449914979910559988810686265, 71243649215343586932651466401404067762478642127668349136864480754526579606207
19707217984676029764930650905465149535717199940119467294837202743441566769278, 42435658041520767784210244016266069924630010720662089949414669940849111128790
49952161875765499483169124322318283947087768790426374967671102168458004770247, 2067196999327994377235590937788624288233768493088314053215953489821607493554
21398068061076016497849529765618325518725513698732144131628041984555570741330, 26379459862318159532397664152758033149123321955705095035213795038924262935426
7581627189386266656978562757434237793745510989890747642904911010555766095283, 59470680070312303126025707069052669122597751162330081258884718254792661510705
55194964941437071557429612628003872780131710262215234170091966033443050322319, 60802931855655627731488962611861052649392187453910131463901481855690501202571
21668716850114862214886611412719656498987237864253652338383931830480755319668, 47265558035607251490916598522112474720815859824051755867167859331182128797789
34112401942368082059081252712516106883569428934495525817462665837168188421060, 74627028825889989230883331643025215440242144935066970791905555852895266702160
13999776517840526724474167332154521304254532807782170682637040988486977070619, 2269946981265340444182857103587177280642804489975278119167736224640642744559
1954646103685103908308152312742898123214358710446896762002178431263962262447, 1108571592262227283080509516968762645519269159174058662507558947644386772930
58312125074925300246104130227029794370728943265543530362342735170497440634316, 51093690342171999373749086607861437134708832673642262831670736414943070412862
14662515946557815010877622941498448466945794855976913407210775945378500915913, 67283463515619653055250574350720583258997664207918509206996088047253294291261
48076161840444313778158568130045308842446061692621389367790511450361757984418, 18726832481983701334369604766796821416193839116372226066127529670578589330569
38490161270219298453337013601208538545467798270787645267082380857419988296246, 39696939701769952448732915853529161562253125648156225651859745764592224208568
39498037906993246333056635528236000399124177275276544708185318802860275900574, 4523580109871540830366557959976971225809360952354893620888749507447690625661
14135296950728580287735071625625351909825432161677312953649472130151915863282, 44015575305048954342197393979811806467271944604993739916615408563161798507496
4797505016285016130555616561719240925741407757746864430400167913968887036246, 73284776394571807240205710448063746390039682533337051415326399566097474169115
43180740862333854008320887778490813526921807017906228747655588235713671270489, 17418262941686737359369032972378083849088341386810113686383306903458813774438
66990872860772641885840234352863103594721876712436811786388548674298373550258, 15542249264463390859611816528929269245138229616568184878270093992939975990515
23393151682671248789894153312545117475233560401462246324129809270063178630047, 38450313063086685626658843875526753533293582170649720496513035863717620646856
20926568162488692747072669146110560894279857277408005095581488212827062828713, 62565613886273883208939782878700892224723442375146267017441993134143531126262
46026436148708701395300193853828426562498700143971283995185440003200617592269, 42725930267700289292362720765835699641042051248879011437552714784338059978249
75150742221143210332395460637151301704911392131194531600702823658200814331667, 17805370986948491557300296007088728627986439900561352472690793591156124148128
22819257370370677843191547318489050951157277986860232798542509849347425526077, 4584621333613415581323607499010156588518769043365662556954525771866522835981
51927455644369007167309872793559314400721918545994776582187185350190283008117, 27852890914988270301141440309677319162379126540719963768343564024005073801126
34262824611540762288065203286910421145725289933910753066498715443977327631905, 43542504816342257844596728226107059109890128091034181720573978711341359204175
66130997641606769491362378033004948717680696052744925881744620449458488039736, 68497124475997434242266744809153895570757470458278518469728798553040724386248
65580592226465651193807189334437195874436259093772403585490140204584804497743, 31747788734702781365432631554871791290221848083093794555923020983684307383569
16767402062725516176253276757119458173626816179680502389814884361059969167853, 29028347685653402107992997216059452710758695150973742623929821960116097469924
11530485563115498865158034150380497535637882170708830326940035882615712074091, 58293006226406573085803181657262196607526492479930886466159202275631326512914
42473003297113960768002899565959816949846100640775562010447353475213420452658, 64266053435372591253479323633135662510268418626179804395864731974483552249779
1725062158768173878113716689613525752649346698755344558407823444139771191496, 39313790131173974154374651925077451946295814153482712040652313668446138520661
63876074409590186444917773610469763439314818138391256821765382796227146648293, 1866221701275932678484172556566880961498800062589194026574234272580941064119
157995599306426462208347496040052817439744403307363758165610182432554879559, 54242775465481063807272034441938289307575771634430971526347551815446235421435
16860883733275845871548855824925647772433044935950059397123306660983394956425, 48911170673784853146273799609347065427290183504838390731941767177148401980366
72980541201432390277860067572210082418879132880005717785777281308382353691378, 46577544124163899406041041895904585610678629117165174203226842268658122211360
41589193848803344442532207138860780324160696032613746184313419481290758490836, 29059380606342942671760048926244903578913162946034185066666339525599823942477
14051770156949833570952527339445347536347083139859871634900340201405767707771, 61897350300414787715068463888526846676562537544318916086761828631283444596882
7421086529314841805028428391203269803791606182120026467453907802692949365669, 62518109818845586842616424728498900909445156056608373711616963947296868071969
75421254461780777849991021675993205421776666716900587469101531723163712874142, 11355333621194998126346694998581843466940846919751321712868599162051596944823
24633657295230683127293043184191123226325574618916645638751032442231434171121, 36081444274546639787372269085423886925102974625180010528179770554170576377248
3668342761350211617811380255759215406230060225797210247652139754502522106487, 36847812847234692200589831900201791367086164058640156710125883502194505216743
49998485211903616915762376048565951880883250627809376242454153902514086136515, 74814967506295060177846124209750943907766412703653794856781338393024156168811
58038636984492535073354470546947144317620833272226475107905064106001783783146, 2024730220032978572030112639388289639795030040133215508938654837406077252929
23098290274548555423829427182174972587313145180701429778666710742488088500781, 58379850716850412249396565466676145867110473590874869132948892859294300600254
23611934173799717332110519979974897082417253081535453567150423285037478511864, 72716859176986560583737859808065341005392495143591695761917813394396952280565
8412632008973217573945828533511844918352291458404279106037897906851489148194, 9121374063334979325383326505557340488413249197929641677138012465960829374006
49591104614768881094731341226565126403965061907725263880149125587231101900725, 55666793261685638455829256003302972962492374603705865218296033866869569335856
39535109285463596773776558196115603912761750920510977857708132582577481815756, 23782601154537212957879411135137837305033445198956942547230932592186410056943
56091986395521170309010765779718219710040795055294364325795631348725486565789, 10956301249410123463812178011649148022482735408522096727570895946966725553630
20574858876330485833141787054695355087881848726137054611863460472799561994789, 19826481377675613838154972486328391514400795661527786413832242695925568866979
45073573945361910341582198046733873373636782335351803898182453728064982023841, 40011069237903798557984270596444057382739122141196802793617932291913789849206
73563472103769562582158246649274123976507032306963478205968000258735036631310, 14707702191925098150692512500100856316456977440348653842373395530225340445357
9358504228349929569613457475842988528734998378233277013648663864847652990746, 73240891570022491635837335332559899036906032062787989711144827342490854754078
52394513738426812462802700163954423620873218637811476341462324443691904827678, 13622762259340410701357517726856174161823955954514962712452132630227901076161
42004879415399399427165745753394658338593154663765196174234115907816859943957, 45394541651359977368278572254745161777180370812992147638229801636751680388281
69482551374539457374666299453523430956898316814795309071245700574124979232841, 55992404518162109571841602400769726081983097275050662749544207098078401641317
75896701111082208586783458454155360345002582836251255268174579741609220796342, 19545995674185955188256168800472330170143340019578253484301176072978847639185
37048279310571315957080586491208243444899186001707447730543736081045785256601, 36693717706496152080221219496194039685706093545752340696306673567287236268075
49826014840494992405280227661508735984399047445627787302468332674130146604324, 41171205355777768598306391020213644118863768663530842417682877284572826242380
56688840984799842734473273979152723829932229036499550999226805964357192332170, 11524813390224561612300477257432302406421802289748984551988179986580359475824
37610108293092804671396585584236312794326083168328689032567452984907278578112, 52426538225823289624239459300612177736403168487646032252768733418828189063097
73150047962155054343277052005180688741752999333294654696382651144460859056003, 31659306583097348005253309703737958439316101148490431119989082401405988681928
24438364581166909096392767579473557465975961143221727303656680454535794135742, 69807882490918213179090783848329270218045809950784912935185758806423960430134
19692526562381109946478326645282611741977918165909785783593667007786185422831, 65152198344653824777317756241081494802487539174389540201809180282907990216211
22224916892839050142231313524129656945880126774693686098830418611294996982514, 36141535893217063535821551581531676178809134241882397659513990507450877238557
35691447870147857045782969663143975062137541338557090566435676295297137650927, 12534765408410596139927807224245679793161207371148760514782454826867295652397
66474852111830822014366949873944536375352156440574139560474476787229789135152, 59879128238999965260360048942068536209061932174761991673525780285553031159778
17243729915491642184734240419246879280914437285633804656214136595268649447300, 72681372839018613682158671582551156051241588766040398102834465806359027861545
57017574713217011481374957451544258177722586646265207245017200704518640383946, 9357812878468110637882862795910895676942742589181489740999120070648755547750
58198725612297330776665020166572086826800049926368143628837495375118687662071, 7684082325830409770910155876667678431287722326198509721093341312090612571131
4830319477597025130458710972568562231274567799648078970124410933806043410558, 20153692266633252047385969462594851328153322302784078628781218478219863857571
58179119148016689767338527246015245956349623568353092120271363336331061104909, 18479497406491595708960132288046766441568232201514196584650053083135034563097
44337142739508025453186169871331127900174006698231517869132328171387791412348, 5183089506245128025781456089447655490752546142695990379997850695788203994785
39389583213086139330804546780896963775144072891574866475603877430077718484879, 75654320872713424342940607302630660238605401780689473176148756732241628086851
48113941810377761298621019866496208085957939565804938431263292990659343199089, 54304980369622026661688645144445532876454504457680296621533816707252467178665
18947926736270440389380912746782357115153371379659240144998744254807594520758, 42848664727803408323201262713333941525614525000888956107564883722284865289402
32082857581035944725190497801571064198199058824112114621036626499528841230540, 69282989061621404487655413197118534708718345075232493206073600133265132877852
30188199880231402370190331011271653255596494788575916164720241088814857159531, 28953520621934847138715287486917410211600676623740779351818496030662207329316
67476607283000570397205207043631472818682354037341238688562977532944010435884, 48035794175168392223593043997322008351121141114440613582314274425849967307550
4278637118230409743492636919543321983468147645558110084591017745596604211784, 18084967634770336189158363653692168696822338201561586577897716569508460868139
42197055433881006571040187449701881957341853086864059921433834042249870760853, 11415271054525022471246780485596215519081554158919361397753207237120149391386
8416748286181422335454672910804530950960434201776595804145333142045416659628, 45823968110549290170269273841906814605230653252169122887084843919307165415168
50721462007387876786430306219954368567652687230033883564813105108967324936372, 39495970139997654569273238930171953786406125029687591719655406898873246766868
67662925046242630549677307401822153300122120898581822048966947951510781900753, 28918416524344529898431161359232851618312311360977720678015031289338958998513
38738753619242860660704872811781515638121482355236123359279136889295483040260, 42975012438753551658554871898302650298351003203579063998319456663557781242627
62634158081003984999329876559778762412934768414117348811115506449658207886048, 37150197998912098590055447164600594111997610011019990262434866004320008594626
3802522232075979898075830491892544815476924581225955517902249375755917946712, 52377951678289824260538326843475398938758578933139033478800823561819138622371
68835027076976640807499621630599176701799120042933193365543405532013158424358, 36106273559421453362880029121523894668244623008469047599433178472152278770053
72681257887414257116647544636836886124322622996741679682360976743013395212426, 21863412254980862979278317025205279979979602173447575573008839750801323273777
43061226927160840897100395309796224952381325360030276496675122810480266937521, 20515207728354687375539188384627445413336638459565350076761661437713352420644
40134452978387989582406239724411216415934420758606506361822234578794300441468, 41344621605023949992705339711126689314347547978399311404675352512128814095164
15977248800779389774315968830129461538457310265809475742728519771498361750908, 60497491228359567915774953090806623999040220483536272855285297282695206469340
11689432800534850268579864377583213822412736551818560483423820845156875919963, 36534506155654552076152782915665670065012827596233410936732980542900861419832
65911380711471039963563478422077463239246454060737860679334399521750548289176, 3495342471690254625493567133832444928334596913017469562724042601917040112487
52211361798424266813634108296749619099875691202014267947617523025620603450819, 64864324900849407006418483005691112810606822858875579160337823750427352243234
7418375946101363890192020277627542993183007682804483421215328869175904535793, 71116119178707289566632898801849652273935823239522700766162410799536956024986
39575653138699244881059805604700833461815348464412561976225941970471977009163, 2718334374832496784727404338560033186091493539617030917812799335332233618376
33421611309796020207959186538844465295890341745095816705198656656548047418251, 62026618956969058010899430848058300462962680240857377431923496028940084375178
37947890392079983784197638253121013030681710695401820501887588574742331772051, 70665165935042132760865199066277518413309668376855792008706227401754799181348
48910766758140841529312964309102329103028133762674809670541461947960436753669, 33046801573602936257312127556290784827397063642651196358097596390291738261799
