Elliptic Curve: brainpoolP256r1
Field Prime: 76884956397045344220809746629001649093037950200943055203735601445031516197751
Base Point: (63243729749562333355292243550312970334778175571054726587095381623627144114786, 38218615093753523893122277964030810387585405539772602581557831887485717997975)
Polynomial Degree: 8
Polynomial Coefficients: [39, 15, 50, 29, 29, 13, 36, 52, 63]
Public Key: (62909534335718621486203119562505139377863459997307394880234573457346949430139, 21247260729369616924861042232022583632417098996518758134279400403939385357767)
55129100783880122161774455067690168538450402271265993528590677889252641068628, 31449060177709370384949469310515818052422054604209904142945631259067357929166
28427278509079264966604687042552397444765437894765558344896917693731883729679, 44272623137869615554632979628552569460602884247973132365852639374757947456376
46882046555422865284958265203197556044663150324087654973952577532115593467556, 12129434916114745415673250419723584280585383720396447668319679518212441192044
30940620873997184246403797674862386971600768469677656962514328678488100761506, 41857597987814718338166028202386289407449435697539796709485338185961544453378
23592784338784118680693690497550773599024086335699351011183738114581056018892, 21410996609510951357349845269451870587571874135348229826602358685056229340314
4553560582484821616724140127939899628211264956950079054551766712495880285127, 6647994002527333993657325517893602469321773650497503683321554155326056002916
34825488983662481580548261173265521174455267769325241783969515240392649187506, 57884080483317034593906452695752828139692481881836180192673261566925916870096
5596713975362031069992726961122172186679065331404926761995742593726937018099, 12094167648552571339337770307810446041425975370234645431596910923413913263215
33018185472466941371043514997575259350940004947109051574372061465276103626841, 40461464016374507556269391976203393773356663943627145094641504624672783759507
20238309102253724685145351653211167375330320924796506936652880164688452354650, 12637699239054620054816157842419664484595865158100877092164491310587938563054
20288791350831564739556524613149196072000196702291589523031300866118073407726, 2859663689110584287504726554329971103393286421894112808396667841221059187566
51163365712113750949957947218549383235525789233001695966252150964943495858390, 32343402861448223473102978877863056286182737825563942805383531224818400708949
74518791992733438110933770821547856072714743300041644912063429799783811848273, 14081059266341200770870439091343221843199675043329265840250688706347902080972
21547517087229168397744794633611703245727601350358418952035300029235432461429, 43943571817802010840937608131449699583448318939878091092742070432230714597516
32443514656834989688739817184021982914261201803524174646843904421595382410809, 32846275023656476218411106394369802127386446958703411994530746650731200311254
16315175032331175154246025539243798824694263869114870540402471122910534545427, 47708455057136918059949693133296909176370656969084733163089153213589389192088
21820595971433447807400430786442095870149685652005719618416315124050477150449, 1740050029630643216549687469576078499482723002737089941506088279249098558160
479059031233973217781783706537530071761450315262664124187236046711649981427, 30112237737194615665204317885428789500913434060838636223522704461302521222908
42246666309241055983817840201427693892707253024070542693835285856103975758667, 19827471561233388956884416994324125786273937721523652327786037997681746129127
42356276056966259262000457202102313852714920526718877857058913231122967520617, 75012610018983910342233385560337388121084467137894251720636267004076195414981
28451946802756912304423795077755126687844236641392434293421394984362221951520, 76440544496116914037028726745948336265861602204554577876230600008722419880381
38252416612573355893694940777698436263667164012039225007289597605485163078246, 5344831878989951296749506804053877570499643902225086263075300188171649579232
25737523249022271794571233473324919881429568257321213008684380260730353755236, 43009377601507028393336697256048299701257381619580821570683718149626309206621
41141657675994483577802893139802125784082142560792912278578532744671587253335, 6729878727392637653618255040075579500407914656499150407241327629217894720720
19125515106056045069048881914708039474416403022596617968254702989197397629168, 24420345542885789026385451202720484843057738621917723872101531005294338898879
38654573680866874699360111651662166275156843651532259298245156659008976400663, 18295463331576703354776444910434964885759595436334129116439848759009936625243
8733613243429581393554144829032056881034048993122660377411497505423773366784, 59933949225026099586666201540519302999733528965330903317896901999030921947708
14407048240461534893643346074148491745663519326201499061998230520673350912994, 29876739266428254982888521290900900877019714571063232721643165454434695353082
59808424256076287974484987326910485530829751527471725745167910751587497737575, 39919744413591916956878798039730498412377431335845052934274044187740764186556
10720629280873698172748788197013433861328207753206521650268890850491946418069, 4301828013308829243699054166414865866575003867393081097422000444057430352988
75982024362344379004198259551984774779176554178614005749570495126033323315110, 57014395598273660802002643249856004231776529859034946750499992669450573827379
30925726849442991639986176721845650670475961860959435280740248116833585234987, 74868943583585265991118757948224047103651198695052836973076503036170601162592
1466458538685922671245408061536298168880491601057758258357608158686425608917, 11763480220413999588460090093611102398902319850056726201908179840193829971132
35021519407228235622598953495920683230773855056333625840514301585107454792443, 10173073602197177528733015694757259931603782358023458108404109610599365923347
76859281055934666311820053977795092553225492732236504854988646076120103664772, 69688057590904586372512812503888185249910964926214834622410457086374523267357
56703318090168389999532651506940587712648247273504876247920048796673884584460, 57030258805880793293555074113386772423992627195259128560094938067832169243253
29792199287385871008302515778040146774974314926586440336710657872455518312987, 40750256159740830215175005813815929756581612830324829121269914150792644705261
22456795064682984416851637397027542922496983836694385937232517799717994057066, 53795689367564104332061646348133976199767435690648510736522470899324718256848
29893914594128418007931675997015175866869237444347603805111435957917133765953, 46053048502026253251294427826072860011250391157398566071669096876763323998577
73766505203309525735437109633041163010290212872445701941118892554445396336615, 1049405997420757752038520618566202530530952712379400004497752728562820518646
70279416405405128946713496088489048842249997338365316561231405750161955617391, 11739012461236282060480564660584599938431457581068091910637601250824931683336
71188800849025374053740277707547479116372970948884461062473538329137740482546, 6189928021809246286818604188860976290674538894289290113625916574227659958903
36262307595386366397634030784794067977173247360013165709239181748437732943257, 41768920768602001502140656047573196201972204065972801350922775056103771429333
46331353471122547250086394124912780185575594422529601429262595683921323423030, 12867880898146515444913871997593911299930237254755042817920944205548942293196
73273918178153356238561039338455575793800019492076289529298954592025635751939, 32337756397663985984111216320619810469180569912961529952185982399729473185062
9712754189727430146549345688213447204557083978278607933245604104677948556685, 49818498515575677817781878088662055546280126375034107945744125990763928870203
11439722776084898603701716332125166772122812213840843172088816844416918283746, 35683419492126741236924544519642589345661870561405784340155562398065868910938
22500697061156117401812981346201219578617751488462428423923354344993944092465, 26125588143436088236332697484965414020233517372894624614287301158750943145556
16768554725449332153883566941421516733727891869368374628370009045051229918428, 3663871405955507509734926546595356765629342108498301162779751570803661328821
39750466718655460231953475284824706053515366242989849725543483717907951657381, 37499738129883264777866046621433746680485441282247468044419508626620737166966
2483640727722693724977335195720926141191425161958168160201220677609003454582, 30756835917501417850632801700369294185697994078247551492136571770964382712582
21351364245532270610681001527332582400793394882939473055602767278836082077153, 3306382033559764110471529044478394852265000881377059479002587990723556306619
1485254684021117357395395093913184469873361846185749509317050771753765599850, 52564834748916587880919891203654380363514977066189551726186708924028029171489
64926454281852381160867593838831275716444127295631065196530424467248176997489, 37004394991997448316178219099792745768676212567656002530413693266346889100803
50217219525352592785130869132096428220070315786898860321292811737282494027115, 41374578736835460882847443857455441739361630182981470559175401154096021312576
50572556380215015695542466995381857369855734378691863436314649527394120725861, 74752313257762994710065600213263637376896583969421050939980280717875574109336
71510865856569585028233650063391000416606555877116280603211535006092777820572, 24281018809542140872020379431681123610990138731528855106665041345736500762022
56548542811261117909765511871438002709646031013569284202768469593791735011328, 19595577226861184349803398146161502658055385341567785623231001334902892448877
35762093405426821839755514374923714019874333979328595668771181781497523793008, 38560638615285808590664194204880126713682041270992455451182168186496991553578
12967170114711123005891038202924333425913896044999283996185639871334433683726, 19751480337496928961777951248123453658594638833510604498277902818026414494956
62815454039692570088514211965970007104157678975673663002661222273857686824171, 36396172160380598488745274237521991079312385728825835526265465564549787077127
14634010618974109323763776315581222223637106843119839059849473356913156505202, 58754976890578217393310443778839921631740608942962086429355458422885930765168
74702610790508588378912038513039315380023372370480732944310851614323205199564, 14646177195749576235420530435204985107216263272707895449430794668259715646427
52871672829558033774065513935199882731653411180886909145304944579011028782001, 41475264744368242263824005508635280859769886551087198762647245714362498156058
53882863120217113607162080016585813617192900787645064669676548038403202358037, 73852307032582919458206760095228851959669657250734666258153017198850675027270
72438931504557299784599536612799813299069864419430173923748260570903034839475, 72846770728160594950037182534666461949367311377515942178462514514778925439278
31491048287207815162314487367728056854890989863273755461291872312273437764438, 5079172106494143621399673382653205589042459043335087476254300650744313108978
70831078095177713426438380100018023935565831876565288206749468557763178871702, 68598016355653409785843296093518886574051755011008158577131424679250009234286
34423685062649165459513184005143521359199730892052572531064086001045161347446, 3055388917449331020157357671015198088403609023470285442729157691932218599796
2881702371076112880401230004709587999651107249537828749839655831041198594279, 43959257915180255554395092800763750918738882683440274220597248638565471539805
27558810351706791066137175193272011456636114026503002017812429236137650620650, 9925071071722267655541411289572948199398584952908845846664353985274221879929
53877435628053508762730494714330006394346234453354801841771061667743074642790, 49833261129391238620021078917094314969584239738286665415162327724497301312411
6152662085713024244366417430112765385900088674257441375192986261426326958805, 43810054714062839078512420354023770924241859153698441981663434106080148991761
76228263725600877853861355660867605198883543107328614527797006215249196383462, 75779505435398035261009839552677152479336662549033113624972622853646448940631
22331142494593823218929768062633693385721804749031258864140967641302824068833, 54458739925847752288441353568869582339806199070996041945747590149268231261497
25691959101094304085481391587598210287655232807900242527263412830875273559288, 14978499036624959389328936863609733984466537958426055032930643675539639916206
15016680840009044124497010111350169940746951301354308037357681561224384841526, 21585589068455854835072187411879620712790160240020642638480742863361146548965
67766743962811904643562566122120347934814351199202303510137551150891708445556, 46888851297878668322792585724661082743299073086774030791931662426432926657725
40117415213932927572394618111005911570634955797873420509899319374050499029692, 47987896114070644509860385982841646756759273248572404634950386724910877011026
74878055599652247750076675496160216864833580711734403724107372888813468340385, 35530104107548362825748366148952930654754978289600459799874596005850867377516
2565873811959414679714896011665715499116181157672164434875080475939364944839, 25101266656709414752904212772897197417114286837698742089029624528105820471556
31963599964200844833326497667155280634145731894261069464074595766881326994626, 18058300532545079262550524733329897168406937987123766383824539840647503083255
17637810873502795685572998488460874838985248703010651850604993393987651927535, 41181665467272401611141005098354649931313892387027898381211780530851624994644
30044167580394709272687518028976505133888373020109197595397093054287739193929, 63442331183233444769315872127928488471412826858514208862777000662375208585849
10582347204937071058203109009405762605082028357360795478178291541353891571679, 29330982317221383858595958523669828480882793183741706704273781552270150169908
68458401510955903707915251190159580926350510522674728123019174659208136035015, 40017230545833153297828273910973771127508113231085668708938762426950833964222
34833462565927612697933916760792056280922524682435515663562377192817080375036, 3123585338932677659808770588036932126176568898166018240885685150445505103131
73248947509574151028282839036854406780559711140671177350634585342226828440166, 21204683036756701261301592786116824326403722401226955791820849224787736539057
64362291205818023101337278878826689317744434916466444338680281474439581895850, 19073953895782099113356221178176337430551951348558743401752187917821202798556
42636168594390377020457389272116861457852613733396926790053026641869770169405, 12353059108658331340890882147379579060079910589981332063903045322565134591925
64561921305369461528569435256202097775362988231216233788686149246427183050862, 8257858618669307218768026430100879572892781067663893096673740700537309404256
4433842180906888838222378333082965349026840150404060776163783887345406700025, 19238454187352543040631931643004405011226853519237260142963602544532299898321
4235617537722268368116858085266452573460406497004268647636594604113699400244, 53500887952486685856464437759612945273814114813351883444257080447105912002840
47864627595605462318937569724126850534360164024020647357388594917570090626558, 31147932981333389765985931600134099872119382820251229115346970589232044302033
18146826459616208316430557508170294683116049843951658128911592404743389195704, 45025813530514197576285878543703750151592148646281647348073107536336833578831
26123730595542787065938737076479498823223274112646636686398917612507004990917, 8565065787026068080070456088184920682266072664287514853956432217140508262710
74701208293993904457553390576643466003397742184274825047708539113297133252090, 10852317686416254982910278730116266321044143337633568793356782929169730414967
20869037395925708988604419810306660617633681081393843579083126661567595163599, 67904768518238028713616613297740820105105649666196598544194864711515811931789
74566352873419689915048965022832095431754279971613192390214143258406455362309, 59745970217059243946234427840336472114297841731539757404236850643013433969021
64245122017305870021888301820971103809385394149498924061962185023978233148401, 22770345441105700688041107040240229449277436333506684038062625839054972792335
5187098594052109454520504800236349556665313231909399131295565979901230119279, 62194927577113923796574776173657681462967743265530290133060396429769931289011
56986130249201534200505556998469692619339769727221608961198625221130083850225, 17154495418154719421487390929010861867976734838983978621560575629842400981513
75801037681119252987474595437495445160055335172812576897473630267799866330432, 49719508942655709569263318162019254970351065056059276074751282287755904498210
17472401478562556611464938965620485462491269379411188024075030768196678709920, 17959446151845315780187921048618141565383490885865004607566807464163359905546
76833762695149643878743051367889776417889808870922392664464853743269942022659, 51214555030706671541984226628108526907144556985215125536323225418722479084497
45473237837042801733492326474781360558744105612321879449805481756671175950537, 21647696951858400247016664687082560226777119848630687245505256945559607151268
71781572962566623117992029477616816368323650509114106248266222211967847607691, 62973596315010492422621012715067771270741538730299750333500952959345948834895
49971902601338635701485426607015958118183972205108980669641115280333561058687, 5082786844865868932764293882215683338201561720031150128799799265229248059110
44654383993329798349073866164057182787452522510291235257947683980741608692328, 41927241903898808841531992015634559773770200092605491212465830621649095485660
426377781788222206372821386916636392191238331779475532764607925404655961367, 40931915405927963190089351520166720144053875096840285304806412175081899254220
22937872352717815232709603975857724240583425420116286049081818962020917147072, 38046458760142490785779726529197076206772273151091987712006713412069301135212
65598711012215637074135646824854241325023850110861550433611411772831537759336, 3420850866902876336257987243169648482784652976831832419025087810645672653909
71005447191329784775357941120676315931133289221419360216055408033797834232759, 73893864459531302609418156543495795438472004638266260343259141794909751474770
1957254846205670929172001847880363734977757137212441499978877651776454444254, 7042092951943099540026693045096195272480331778201848334015634671871490037539
35266447234835844958033368311231286510456316118360898636629485702657696275096, 20652389015126115225568795468830777923626161549980865417983046472203665115232
28069011753997520358625974276478797517596460099767814417538000575927046908705, 8796428795705684167313218011697974006438145344669944898334565385001528795752
10121442115900478610962645118684285027933989200069174958283774172619169817458, 7461522671958094516568035842437222841050838484676942927441731039285533665162
31788062227246628431058941976678822009851981814567017338076844254751396095977, 18009071934321673987040750090064453966410688847834179164517779850955892497340
58853525608728299324741887993956458421183829109911710163649512890944104891849, 32527078387081623785655863004560909206856596036318106013845379936046843012936
53847296389191148876431428625233566028452753624869421357605895291269008761889, 41932967154230568593608072541708271340333756090683492640729469431330629383516
61043095873626851135837541877219362374438562016127499888472187087316433413845, 9227193543927716367756537766975156168231908249986132549623239407099810938437
33649507408902335060434457236289696397150753869605842083144296518152214642822, 49587248770236741329851837983139132436957718891098340617331732506016417017022
31641150183228303394648135055267238085537564337320394588827357765767096918208, 55847040826235999601899949016257881387456167948568636826854932937860258575394
17809541308366160971739084162493853500433145737584931770604695640441667608606, 7785973614301600760511148136995319214676305238315591749359278881424454382196
17172562735221982245368696681362482098454617568589996251633991763201210347595, 65110142499661945197521089744265654028376113489696836898666272489602699930075
4180707177887274848667569619856364323091827845564484098279570922682830878001, 9020780435189544236959937936359013456856804824345865808589039792582314511536
63004981715621545578013208833203986625904326607505391297714373725229407467547, 15493478853414733331183729026444379441914886641322903137686652559647449988333
15591106034122697545254240810468079894150576594389023871508399657439565458414, 33349866374497550393426924475681670404736370485628693863702950539819222095317
57078368646172034193458135633519297436839437762937772349661076176289255042027, 38180641283303040725170462336790294401191310656143875376173535371525821375663
47089821898732795316163591874350603874090159100205826714635642313639067998916, 45411635277627927432897589683071919143012275719756294562201952757774455086196
5684623961742237330494106980535788502195461890342524157013306270313051529337, 59613925148829447092616505445371411893877536558303617529755786026543776096522
56852782101338867426382795942043965001163144890186567081779220224992837702756, 1806860569047287659319741615453909515062089270266830680199321691345587898575
2939156437739045983357674439410940498096898551560714758619180369020753956108, 6746194414859861775597298779490145565071656043132412631768684359130107376058
56972828116199460245833454106738610927982403878657943711984349676493801607120, 49778483549362548181082572623321695456252689978317760258012064339098146676263
11157535170080560239167919488736689512377823801651349703236448402640289301543, 2864106930618231802228794679118014866269047696764349058046136978865798897390
54346030794216993825323243362719393503681449126795002707436412436593984718727, 7775907041125084126606055325816907140411315037477647987013574396513666902929
22036495426805525038829249453855369147657154167420380181105632727988816652164, 72418265528169506875397769227108826314750263201189846851973204212737403441463
30457511966941365757405315213862880533648694183927296850576306764691075912018, 66586855504357849607891338807365438033665191654566531868500991281742965449191
52651978505344944648146138104485462483665454257430457280487791687677942354932, 26682461860842596874485816619866160716766332854513214907397761429526756532800
30423300069272716115341878464702901351117136737979425643998036577310906599358, 7076285532809473921607721179049797462997474667636451208907584572341399518403
61328439426961109013102134997398041965336081120700814465398603814241720570715, 53603391666335583262551938991842817029260409324451307720127254907135371783356
13830959664567602145665592691097235562832807922892299413722721839285877458453, 24736709038894938383389507043651502246830424046810048025096360371804940276488
29673914636768801165922308746932169979770553722498621933555660583661908939970, 72905495513784008670999822450900105257058774901121234423700926671707131861440
21735593054138536481038601792635425437634019953302511811753853813202588394808, 2499264243499770644903904260048855159645990554171548218537613567204116995326
2132655842081446281795717110306089093951938561812846731252031595653129511033, 69336953102644050814939298521259590684055224649572173113276965424550356013207
68399461342242628053257029967242195144201744174836757793651632972663808434307, 10472250365883509009723414036306725216212835972510087605342352978102796490402
29908380781225333624699069785241625914651483519823427411717388340571849778313, 71537027927043988037761756497828380688272787148587651684791529079224516808087
35036532187907144991509065551879083492428383918141552621865528568862346276134, 74895267062312699097052457556332903100798608033334263590596407649239880960372
13792379583965558284657895947509591816987606581563771945301390954498894411711, 19463452386434633111374494308103428115896841608577338662931759509449349192026
26066427808343520161386677106472899189780328285763871133264623327976211194229, 12960377161790975696820568408038453490249653090883710097914318868073951108385
39596935704602707136451251846730392961432309996282146227310850073433541727673, 75166463711292266278114994257532409400749229462974525708178023537647483709688
39093164416011935040081503475369982379261633763840340429203322933298710510582, 28445225481644841744720975583334680412878276860328920962643665956546333014928
56210728220728338613395480886629679604486166901157600335284913948447542830488, 10808915075038163903973579321840982365599649327879061054615942261817188933576
50377557603218503973726878189003429990272621068065210900486435354145587910899, 45374084447392919818167489518243182407206811671740116009991603901807516031116
72785774841004830090481876342942574956570135767303441698796522975070298251250, 26022680396651953673439427850880344024508909605993527051317424567567696085697
12092845924148964088357448631015344696163288338531010453435589355089971356775, 10318054760369387218024744161443806853394938835475110779100901092521954748848
44123270134471944298554111189350126737518974940972997794618991068592990569262, 4814493289441555219643533240741740771665840159871760783640464390811563249907
32904956533239209383369515095184147202657942794594309779109369678443868012884, 76318622012442161941933687477043466485481499922281821219535466813434233843039
60603473102436897045332309311805033620755132883342017941914659290271459010801, 61523741253617834420705360329599344783262255753259341579140434807407029074733
37082732795520403096374559635196508489311998499182195569184313688582364719046, 56797686531773154547979334634092554117986766633264506869883941873688048862561
51023424347648296508609601402918880012429355371579477227714758323567975330005, 76722375207724124977467333297695456575043068820789649848788506663421589985166
26708176312117554626034034538858183166237221846124682252828272809132715648106, 60508247385819516912349134836590136903531845077697465825978488936090075795760
43449415607955676138595689514504129937830421737523860942901809010364908695268, 43137555459194330110100815502233024391972411996614026913465139844780884062760
3940983909876286810166293403236465421459660444406642687459556777819916715715, 75528243919074577394386558656456973505514032123539792817051172235599416976135
71753638032892818361635144176829282542500193556217827170296186038050905127284, 42864029150492492773117551787137446775763003106304208042509749727444679720090
20619896385474979438328034150888994351296822158599830461299880799371690632991, 68433588932278539455741178511543177837824087119368269085830109051208514215309
30896545477094852665691896126297882715712762961055179406408410261442177569517, 21808711279143484052875227748673991325708256007746732848242410980726823511004
9376159700235919915109647023860378291822893280760493675374114873725162478870, 116238230147940272607187454326618553362627598894263022700320582270057585815
6577473017259233900619218919580155868253320445359418841086126953464360904353, 59277107630517687645898964351808571679114170070203885224726531756123460302339
47372767082844629046315350993302428475203905945713515288165033223800548097906, 53653619659047531797462747095217459606906048307332233707895534838832092353786
61549944817828251103387102518649234975096091245803851179831310342422341948130, 71316587522030433662838017799942193417856409041232818607990810497226470638078
35028370601460589068564647351755737988716912687730894453717473955381092769026, 35950378050789848872723395380172531784435076449687953741230808179106997784713
11913409577648891892135849209479900895264797560744730102099265186000574141053, 31931963437707216766854495594620555316299633713112832352033908601598770120292
71994904982308576120504234529598329845812795080048558244898580412761242852024, 70045436599930456967532078738173869031448588031236129383273514883463014754680
3261528990963048650962810208822909116822195962696103333173608249948102320822, 58436902031222399531469209304889497783423546562356152876840865903299963780672
39997835635942620533302299290728681475336984461362335213067579129895136915809, 27786733742919250693388695165418261796710962260322940052329726340824968349355
28595233500470028016133951389869450160799586069510995236590048936134936584756, 57683698529699309683168980313808069127561317269337453173516726088986533195059
34505177591763828704281572617730594316592210105405878584431236860251179851232, 41813534708897950717337380378316711157795407024355851381046115808039965646045
5884289112472816134878008893970252879523270403746465079189588423270822462821, 25217388877772831992801080094267499236335129332730760686671980671901998748992
29352209485156463068675289717080581235979984841132414518137661982416919478742, 38976690332707110188775323021835699746244147146203897906851848854910723866116
22699926704417681127401287780285500732732154688055161193139969886352743734416, 54219289247677398901135849898119836588121493455331288296326382764720985840833
32061990335509261826045081405720120394081226932483393474434182237728562247094, 43610127319826561203333225247178134952446306461085137139429135686433490627247
52058519451330509949929352838751518008042859473616920513053426417309536600443, 67274543810388255458170437093119891191700806404722132113004606421922667164143
31255863594113232137137794143837838256552529142966831257718432915654538925718, 48853337360253058609570020379563508873160384318777744478318364677708928810197
12354623030884057987214681707819468227493027715304217530657895062325562160573, 11588284531081784797097266875346870486108029034538441327143811205064608801746
37555370569028217994544447925674699594583366326220201157443968696931553651440, 956339918291456205525475000465594648380064646172158235098394380135245174751
71634373038711533089214352240161594795487738416182483352552418647628982656367, 56247020532235752799275036679114709690559242288679090341069536116253580505469
5479903761588188004489627847184680690767650723467462076462875592062616746967, 46079346851256984221982317447142984686622394095144794761154046766441505167260
65124568956708620312163646241074526721525972842942421981559224124802797500665, 35126134798566248389599344597203305805277672176479806027285606489968242471045
53748665519316966089852450150190985051368938490362487819037823964914993208326, 68334256812128843832940523686755276010636622447485087366990422248412155945093
27775530059270360990149929133965009385757163527066583859028353578232170788245, 19778479998021713621834265632657356341323364952513655404723919174460645052339
13948066515486378613918472314337580892228486538101367144629532471184030933705, 6097990945721890698043164584357577795518899354860608128891859627371955237075
69714001519890477667301356726138173771194271940146984201641181747897665599546, 31521901368513467998134985963780373955012843139292058026143276158102843420620
76856193283420312728088095630200631920676180219833183635675591475858100681906, 56025281852602675042577743636241372210346050940944809721673830674766891648139
40539401627739127233269747762836633776851306596805101194089723517641831052849, 19178575205182818543905419502730905292073156957376728360951755067246604427537
18094449305691326486308173106392946416232329225365509103768382550286805624692, 51864187587124219992920367448357689713205328771890454379079183851083564935702
12809904756691052829098267173197883395092593409262742265686745679584213696751, 16677258893880693684471445384641007705921381547819559166133882646746031570341
7686528443854601960265204015730996091818421549826610926597415772429507543096, 68185965438459276668428635350912949234900774177689249702600660935014140089684
31835414846863076662845423922609592592838859905648466422850567695944974338003, 1857727267246119873437262847311226488042493588879939956377028337192262959425
65232491908278967522526892973725123053107490437792671884137525741241973004679, 16502797468063614344663471661471015700627009150759969805639929337699123519615
53186751849497010407261770160342555406938490751200877205499195696170080060686, 62788738268107302421222677240948259715608999044640167753342541003335329269180
33211245557487378869077754688630897759544959587204704665159460280829510949913, 6342298480795449750606451364685621811946822352334399176344170941881011936417
35725929876167721969792564366320511758205486357291272444285880796639837485651, 76267536049510645752244979058092940784315256173054388379233009135321788398968
56042559715792694752685408561253907057087042391827283021990752591619486177788, 26315655519276020285775858251888887645093807957013452572900363831822250843395
46214794000343955603221415236906126372618491888642725665379040820784166151185, 45590863994851736502103441778282185549669877759256399860899279402367043062492
61471747237980461070744449406207326968783404059835668696256429968084393160254, 29634047435062568823387988179655535272819010660356201492590835333681420926770
48810317085537204280228384797593771593736640994640738383097431374359586051883, 75664027103760516292023377472164125561780356756708461387528237775996886993135
47296007047829465258672204777862278278156929302141235147276701809220901091074, 53451843823693559656306368652234011211477194696780696458639172192030064939385
44791609251219545865049208040508462700820853947857294285890976347714266609127, 26131189062311454374096314756318445999659621047966015562625886441678326919679
44416661116996382882022550959273965908727008255284223944247785424130158559429, 51242895892453397683092556427537247359141765244615643980199598432939395432150
18931947053515700950931393266545654818848604190976940748086269805900196745754, 29518489994587406632924146842815784865937047050963123024763485627232277483018
67986775296231641050849657662803415090202864577958097641383317291505082620470, 73153522918599479704285797355811862113553855691807556264132503163391875467915
32619020070887506046289012381226151299764385901334177597583518356823648801730, 35718206693883245171713517804502835654195943728887114332131774329413758983681
26876365254898131873959482850258982029549222445570050747005670966034498716963, 65451430233082178510972070664452761743446157002567292219400778898641804501259
11735629654548211989597759961515445346242449150359429932259778494936817244766, 49251851166677037631505015719211435187377003169481569750014468366915260571263
32554761753180194532711658096327170733526349454225835240436698264060285820413, 15322269883462789785465119055832110434513640738720430132080665809299576328324
68162654700115132119558963366024254327383776926891880093801513170331113216715, 5076008140628306941381522868954885555308000106674127780774672341181235274044
28614034155286964400906408961326182344134567386931906841069235542754495366321, 8818657332925965057331683173940869243592206518682286849466632453028456713867
74521229244884549846488488893998326468721076460662612086958552947233212045632, 47730901086600665396324761458597040872076977134420660969053656704712079633860
12432735143983801506455380897473863337275609777194647364191992603397880511795, 69055644195239056350560082113673791431608306147883044315636417968821314592053
10726343773460351102046256996928940987051673460691723906234280225611962131159, 76293087774417663480616391605930702642138008961077778158175408780494285141971
71732148376130267584914740555047183376573001706969802213012008809955777006395, 47093381770080527246170798938443829412274466934649269572821875516907803884928
4923814471869446202329869201529229132169371683402248685303764669634283161509, 11813033031492266036690677760785678903249846158095354517388712471450110570254
43234975239302934178320991379652376007201013997557583867574908525903845000232, 45201043203680358242329266359481183944014933022721937338702070519745268257963
23007961311903712138432866111028354837617278534499435410475577572061343672356, 19411068579476182216871794684425254259308292302996979577430791256018713843290
831260969532831821130441525690104981890275987688461404709501181495991833529, 21694525797567068243008526506690111392162336869303614270281109021379970257156
47934876265338186819528801622643686958861380978920604287508681116136586404180, 31641949703576088073584892681205265766866479744093329787268498008170061970671
65134370748823961864074650661053012148922138470684014022890732769825072046190, 43282421579408058804517933073985058404468977808020527939199983389551360325634
10416666582711544667732905564132284796182015011670939429581102132435136229493, 55108927455935993704883943941088386807491870882736650518443716161178150772063
28513098338256311933201229807190144126087813294480473561013729537710431441311, 22436678943245881196705902204245135518876965218779869301720416265863404376627
34863385750074848442692500826279016170651975549491027695115961242690334798995, 24683985937739906483866897791887987423888514012135689662942283167555952030027
23045468732559573514471601622035859189488230406820820817898297540882372250162, 40342384877429802132119458973061648220896093202326078076177045688830405628309
10311141023851039473307884783657272864343105564226312470207901614850251997495, 75134313374304386808055447379962407557910904654746871433955215434994988033557
42454779418470691786026147576426513791969989617032348533710922926811465217862, 61375801706186581472330226909988347872570745351617834062965293435887650813704
9513497020706906358481283550869795689795373761458346008635118806103981405709, 46057223502735569721865365888432261413096599535056387974261422070779436623810
68783136454312766915270339525841353970623587567966528627881047545924552685777, 64393116789277695944717595268430717842205740699560457524101124044353987738228
72396507746214358267679106203567057367254865137148761997179546683557917362192, 18525893151987901372441316188654421734171502624809372428486993155898384929879
68424816708108698655798930017199425721183894314089262068494005334979047899999, 52507002563830825446074866153789648962530482611734604765065872338496337443951
20925903990705591287992837545050625942948290413588481661067380229153544107681, 38638714670719675889586019288600962175821701865838738825134970126557824130723
47531341905532817862362704160518100542770644395534926267843018708450920414732, 32253982260499181983931128514594012234598393852733949066613468947891529798451
25751492367222247786009874719636367327010569204568235574687090703420436818041, 5828816863909805899619856922721056955625562314313837134989591019549801952674
67697530834603230069505795731933525312616461553445392342715506920674059202339, 63607039164994035597476163724936100238629851355429948585625071607514449019678
17257939368659499732033518277208800491799404977949097896259759021836885585560, 10465326831418875812897828228535732783146444243328019900666820887305674411414
68563763294895393370258808500857201420618586053577067281150956398174212033032, 68224293602092013226161249377429694193615053751860144174135298201075031990479
30001323921159869549702969646514053048311206240929718062765613653615497731076, 76344974474525894673984520434219731850053409580541206129888993062629976332629
46385690869324906787862611842184617937854030176078623583793294099859814376662, 23307657381132850378470820312782595806527516807815453732700614961219036507474
56714856523726138931656908367109503342662814203508174229530893095997430839147, 42431668662153613318933789664616438227687317664962870274424297434104877248304
70182442634514398249563438916467719755956642431003001494957852911245181955031, 76343417248729797205432202304262046748167798310111179541283277670884395581293
76355433997135548439849550268341112273864547440663857787263024485532314827293, 22880434339697659910772298642787744790619073180159798711818273338046392398246
54392680886608275540042675052111542846535496770332257391466670151593728047575, 26705293143001285988050311741282707675324490428829487817184023627404515979217
3398907151128550628965424597956760635727490608060057549901661590439593200733, 20402134285968560781523651004393124720209381830289194338623970197859203235754
38412388776368397768619586807209835100779585635063554887443076649194075310524, 43754951144741842596295618618587626247793761675714604313466783797646342088409
38178916480217216755741320499744050709753366817817565901554240226222354155828, 244225721630400544189099661963247802271863000320703019004182274661853819501
38285681058549537286150495412605524812807669452638775890655754652193129225822, 62392381235787651077746996850524581945128813240284517324951391897467201784512
47156253425750870327771791154146436354274784769917188258005068787799340697221, 56345571868085186182225616667608877304125769903677898225758380034342491331777
10615585451512700647005324193713988836975426709430621081134304159506495107366, 18780149423593393817919719533605539141373266335023739604995889619494552055364
30716059805108258371591540796547285969153266008131468059594703751955290321523, 38727318582860947978812646642264272053672882103032741745647942817665589045717
55540607317643654841544995951175167739183020849727347152957292592555757095786, 2855576353588252220117109689373056442170043921938578463635758314306183062630
18370826832432110336019285441418600999884711053020864444530841719759977458873, 56257468699643874250485458689663126272972036742244408962152872301929203555055
46774309236634396510656350688880655042738248922418351869952116461938972266378, 19671859474265502090737314708667472518819919234530531381525476488228367238758
45571991562131964584274323267750252934413566876412282501692397391679772308634, 6953445672592010043873821107968704696548458510488735624218334937012063922312
13444668835733650203656726918189319478544387535818071003664418347034783115064, 48817126866087719382244232333337065085952198405695548204589519152502963373495
67725599702680242012288178724104181540548029424330413051699718553602175563959, 9713149486181884962611003314518616277369407472181553288471630995621888800823
10625415463181724793315988746250090388370615062535401695996978264117297446153, 69624369826322604580349154627350156022943425913390085710319464915560638662470
60231135122273766414897629935491455843124062156970138108935435539126993003053, 36934010431378504505294696496011964400013157500624366735344057396937090149995
53512417105678117715611738408270999105412066731758295909460451413041216429553, 10908447850510640929396744344504262205658780591230784675905155341691595732441
44298456923449894066835132133084164410774702088849225694026064471136547120815, 32640455163429468294909837882583358812687364802296234058995446321399077354744
7279140130409262704944054259071999700895527086076330988008498650158760780506, 64825390002516134028283130476337521308688027457119721170233249115439265200206
61389075109457816558118760769531245885019816903460942489263197419833987786828, 37883427190084647335353744294418449342329079569190584173079273865448302316836
63832553851912845575731428946056803234319784515431131039592221211426367552095, 56158470045630686426399150329897698197392228344991656665232856040062087588516
61344210081701669071504244281535605983603357422227215007564860397877445537269, 28897366582016428065321016945393063430649965334843513557299016441247542183161
66507141268466098999042411854648353789781063767164475756235765575325813320596, 26300857436841442460881031739464286962783647294741575262080108578698795458962
19122989588195170554100207369771925262552811549558835060832656056533173533877, 64761452140426777548131451986373070979204132105279459155472750011786416720382
46602916256982955018980766316629890989985210888333720195053750539701469578163, 71566163902803963505507325586531078028247448930950861206466885060825022856931
10884017393679700870998672905415197448790353329246967953006374941446817696277, 15650733255530384592974091070214720016090603186053736502030922421541950750069
38267832393353732441307091834556754450563886779434467179570072282246110648587, 74779974159009420788144998823034530642555408978944037882345822944611942479640
70831517753750662081050198072510026264749860343503525574076301048187628512401, 61289146353878517558390951438886362266072195606273204892185774022537464924062
76800167450988473921620482688945541128533333487278186592655549094369297285852, 50074406835718702549663373160094889647903596433367594780764989079791717778800
27365796990816784310964025440825955682359744695405430645779850506647232369246, 29885335273421187563743113184103777835678568945796828418846966360245973774206
20780262419963437186670623291474061975382082540235404485461652931980062237358, 51885041369224320454413362203114239995260301040507908005477734980186621301369
10995970599238167512551193551418345793091783429675606527092234962917382559595, 53594675699602482148927137463819016072709507920482907727717632635755460827572
51190425044958766215105432659972061349337848637163935092171869870761818924818, 17806763038480518922631278808569146547096199940946301975054130688592957301136
26852586542678245235272453203384437907523551116565936443929784769305710777151, 44853409442249682067155587128903454211855490255144325082764556980599598201111
75428240971156242022011110942047124799402834823317777301067996536424432937492, 26708994320260268826627931548701049304590481468435941050753557477099045616798
60931223754567891515188220899847992885696626966801137239845092662146202964215, 2218194397075111569477202396931458590876116335572602938596080994282916408030
50228803802028483471608885232128065889011414181015555299120846831539234182411, 65675555980905465027828595951840185044580907513210837166075890023137360597683
24654078803863820936851255186307349670263320895814016081511049099504823727813, 33647907834946829265617400650714821557565475927500210006507349614675320790643
58832912484428500706188961247533761998601285457822820253697357657571950420885, 42119895525891683505110505588982980717488326054252165668174446186752831639787
51118741798891232707450703818920190668330667881284196800625040513955581193307, 37622834375752752525770551281756261094524478582051027850695368098534726166490
39176742826915781974700051406741015442856075438941941415659040504917674631294, 43970406827388202972562817878531517236796065567549977541923554850772061271848
15523864840919312386489100560310932770320676155946997121317458532089044128607, 50073451083456176239529907772270757178770399559859648546570798369325994038565
3106541747601428238030757032424129309764253982207951036268589196498420292131, 51465816516524698435063496811384810966053119462837523879843479101707864876023
52813116775851486924172611476852333456072250840737953093355823502858283727116, 8117528986866211688922199557926729884846792560565714066250694274367752243872
10726672092346569397449345139020653019849946845092568225541807425184978049089, 72989980632736308036531349967750335268342562206077786107904673396614855625551
29941442647987535640581519713651649393782016024182416296734704950088995334458, 46750933957262590230758225870052960048023609167629443014268334836433812357182
58820488567814312110420718591486715099817800202233962956527684660550083399778, 57521711648478972684265816155144589806016271437231943849350846136249542547259
20918818238418766544713424447092451218860344652723298968282582531909386243521, 71195454572629572621572699695333945465767861765631795295032732867604205831524
19771529402378765685452655189148033276306237587795515867952357795614515645102, 57207095873788695008492146119836294676379603626009245951822196849231117136808
45618948304010496314456751184465440788130497548556689768098264899204841775537, 65428339678519468003760832220084639996142462324788967702749962587057429893270
33419684609065645609543431888996673193077901254891285169911251930185858347220, 55970810637353471978642163428422413167698903559934662434393719231815779119133
49693379646629740696705918160670491446640381397792136561031185193221937438794, 71817161320706430142342745236908840775905031240738658674993090136039075080070
42097879700953113550708720381038281237834266267476954307645972311104478878445, 54147023823564634142016301062743307227154704393188193143441890893559369938586
6752644657685505085446709084787289634148424779415190493315074356281491875206, 47713534024957889294991209255746176938190752036527231328034585501597131993122
26977227523762016763428586639529343483815310476041310839663016684842611930085, 33357116647518461114729317692772139717831845955683465082913367912651348945968
10818942076181846020885133387417275937374216897488882112692089123167149890278, 42699416900796880713082921130153584589476081562719646859527179950817138470574
66601465342481763663001726695334788315156404828985630347270098186772868519769, 31377435261815373280564784245102691067583232975871898660530962526113353062971
9678623560936107994722592317422849371832806787156175379223944623986149899525, 64114506497915950575874634688498344527754288245076667420868157486190037899085
58189126923682922609542382008180791246309212163035377824422624925530155179533, 20707331682420313756733877712331493266307874656517492038071481358748015581886
34617004630350989972025586535799446559926075869592790567474361062418411203261, 18722034040367193102019961498698440840109743020639157731809185743026092533052
52184580237330285974667383423922168941839669540377488655719663967086911928842, 24527484935976215472994456972185287690633162485093248350537350432648866172538
41330805288800499111691584680930972308340803780519823374126827008381392027053, 31712965044362913905231080507142661572955634034873552586311069436089625426421
730129533427496897799951919722998642172117160207955371097787059296486021711, 48065947373910724141554127080146012597050757645134576455359154377602803154189
5951435910517566177839138243104512183945322674952269165123550403215387905924, 69930538304905216311862123839641821217386752435167550501919332826265371043417
43944057613508043061426364019652330530465836684375860906529473471952381724194, 62004918013750643482935962599276889102404913477958604477404601304484138869316
74749539123446635000668542487187768506812687739106568924834367321138526291557, 16506039878114767066027319176588993349345803460287384760772854067566017583543
71207214232099937911145559969914600459433850954328177214406106105896196953750, 35143685857781354322304067109224341476995329213430664883640397370411274809650
42927016331330979225314719116541191790476472060397413094842861671814119100025, 71923972330949003064922754879931122906670056381686261225550631925834012776525
199945559166710660439802998585546449029190891799980408742651508806046298599, 43349903847424380294573645535440396210919743110180580076053818621069983201777
71366153163395834897735641632208519474382333117737764734106396631392064547304, 955664272727487635175210691097209420453545108197317514280167565555361985999
49050881892101675500283827442128819911099133334405627566170064562766777407560, 10800866587095101368017455769604828325092720990387241363785542614159646279984
46089823873458249935061872391529898879007399523996711804826776043160125874985, 16614578533131136681488329682648071969452442467121348375548209051617686243226
8196990875510083665669926590781168876515601168531350192824944748524409341984, 20889664241368546125714316494909206519964530947380540231142130346682421956251
1396155632315078501871948981660177392396755259986925092995411171446765687647, 60847748359535264046025211232032831671355940070138322506444103594806292304412
75238437974309488558522632241584002686081336424445551842695006126163191049331, 73391763118709332954168778533496499158642796478325867061104141101336452970222
28267665335758152037297774486276235423912977895166253507314367220535519650495, 12942492802831557886050517306606514221989827055262821477333492104701957437223
47028660661456910468397642589099533967492667859626451325822754988030537532334, 69255135129273964186252837724982679148854815699328405717243416598535219219701
28935588691138605128686235190259993107944708293601189457109125478030992279934, 61211908067314071626346827313226913600282362563799038541973919660312857712967
51050246003704490485979739245481216954542713133633642271804289096459652478268, 3066396691817536006591911681977194671900010969158036333469148398107739342213
33347860717986939275738452213652863292419098752227887856589502594938674740992, 5003194979888354628845016158531191682226062691885764881983978610168375494485
13861722413513502156808442847372026301608006782081404853910538407035445077355, 32227705425398292999625135144986871449706325921839498508498128138107308668818
22636067993085661805588196378786387830812186388674633616062243033732950627939, 26828003734445807357353629393340552397218364324277333971155987579175392871096
37777428781587103625691967531301075244498529819961094844889745492173892669930, 51118653288780883443468776952180062079445644763719973018920441979745707539427
68664728081635224864006736567202961497411275587314418664914542733989628622889, 15885883653439967268459039489818479896499035642100024421715788608287222411641
42659670749455770077049278319278528859995574413665281880534435069112592623668, 73126351483300905737700206557631656093611454324454765591039243549398719423284
46098212329309713878681620054606628539244367573682146029891925736319089736943, 74797169463810527982410966421959911441876961168722220814772633458801007556951
63576920783407856477255429139258703722084585057018067289238465849886786796172, 58637704108909900413393740373329757089075802394434370491493916105474852201715
13966694961922875815234767963783370089590069899802502505885368437252746410585, 43105704290051634489039521735995972470370666033305023751061723783967926014781
75843062256350772018641048920214415431255064738181664298937903402795758207241, 22899727632583908967117020146591943745267221644789745138348593756056023538622
54730707227550708834895714363278352551513559307793004777511725863355632720353, 1770476595471029635115813192206637149236968806714355664701084263080622627216
65017774145722976639899605399538375227786988101756779873552722639517125485874, 23586444307461796350591987197899911365377226973190901799484365254889113942052
55496589372272339499001747062575016417481353076181464915977682691581105053614, 53450757642885570438158829442345243902997826439532639905007295947987565896482
61301647391367455176171812041301364722608426276410971149418113006819545478670, 8264557081016557241416160711892636352495472914021725362588973001098349755954
