Elliptic Curve: brainpoolP256r1
Field Prime: 76884956397045344220809746629001649093037950200943055203735601445031516197751
Base Point: (63243729749562333355292243550312970334778175571054726587095381623627144114786, 38218615093753523893122277964030810387585405539772602581557831887485717997975)
Polynomial Degree: 7
Polynomial Coefficients: [21, 62, 53, 23, 62, 31, 54, 39]
Public Key: (48733394857740114578012044962089336364463205605508537095774253648117416247121, 76580665070319214019516194287848397740428926407016010033554564801195306165705)
14812148909624375051731371403991290273440095233649758892206535723883683338742, 25164686493602718085085941458436861153760921935208521061953619941710137758762
48292024114321533828253888258701870744117433749457810141914557548188780050563, 180727565606612784866748046214958306383396591079737165796861362944474003571
52138973891119726447275677752611201330056267578374706779572120008222436346871, 36320062539056110178873924606976580019281203715394524983904426760745032317861
55578820965453483170623371100926921940591138899108567230559743855207094998626, 20537028820050710486856288976375930795537048555449806586090565534020392843014
69327651101428049239593685097971880222692161119305136747790428624858383258665, 65365378965211707872878246255389949118299987461243151725665895066639720986750
58313326497653789202160172961444428256917667333528293537414670913138695163334, 57037116521290048438407218143247671801918960414357728730471312504504780183
17900925295619823207149974066393769223147515813933227697605362238071492113879, 65475073466808163969779338939673277601567282551715488684354655854220399631570
35466153415044954329957102183702548829436654417343306804833192765261230563900, 73358658103285259427133510409484664344064921921234431453511704172522662180286
43638401854608806982550266619685304232835376452538032593363259050135831621505, 18544524262544757321704883327691729568729012859228854572505237649602083245900
43962851666965317853514352169935409306790427828218587332343102151053730615947, 46842454570153623762305822200936375354693762380309621816780887602793887569742
35235308472045503175889418010606457175224098825976998003551240061888691548301, 60498647994710670429653374538570131044742906000152636641453555858882473047459
44995354063979416432346359368537702510149862677851685067734419843605136041478, 50296207227587109320096173781913980319613455127970448987417055723771835252496
49666017286084659218338897377996142170092387474659724030126453017045886808626, 41581757275553538575822531343902342970856592823368030447600059239193409372614
7766083368537072012917489572539090632990194931881697917023934106734709682621, 20983667449930799659245720758953360578505392899252095334409335278246111143220
34687020239045879558613155894335052043094041008766902326539729869868615568955, 25264179194872336114070682341262304279907555955730506518068186496642638572183
61340159284878001326742202382827062311142030930845647192664718007946105833722, 33747413076237156348885892160175691109161100833317169335120758785727407984566
24662466675931003822046804384743076917074985849025365079298801096589791870837, 52710692265292214412479401448925286161308198137712024473394630450108771644607
43360340720885759148961003556112838242553044251316011713571482804644833322702, 68743001829639413307960784423928931514272191753042228375821645316894770192939
55547206848299448871167745640393759505668153806908651319648485884146513173103, 7228859346283940916954617655492319804011048261539353561249120011218085047753
4710924125369680985196686896959631751344291193770863520701846257919393614816, 36973054414244494751893286104398149287034452996881054919985982841092828752436
29472962167611039649963616672256488613598887815135726886253090504208259128080, 59756375709752990190238606971736748454953254935002189314077918205307337913531
42562676873565371441955843977285200938688405526416709116701377275065661600167, 52659538464551155122073181918246362655981796177776138521883413975495415847383
56171528585526431316576415708916887960183199409892985485062277009851076784884, 10453577804943715703974518732575784086186176645579845102766937926920947903344
65583855832102584575972279678365741425703858866159000843265644335062549699124, 27792441812061245255408566019350873248028254952475666923080522531733194673182
71896414431053007242553598419067144436850185561514076072572526246722983251334, 59966224269230733100333728954966528940439473885219367581319807958842669901528
56585750542730701465326129356763138192712124828509346825951531734854994693082, 41892463620642283137094134779220653190407691068668277874717278322237172287994
69569013158631585351647426442630354623831148265104781083162026263297552853518, 69437632455388563979405457340898891823829452326714977280441507546560049135146
5860705050614679596302869035881873832188935733997129083529176274358306697550, 46185409633865439154567911761596563642224534628200206106604353326619998511780
41515491225360458509746243763160937745039183376396270589925170893572280203114, 10739224217295788131435520337468074718206375283434956222610521009222573154267
50090894715606135063247605640959596797510099471498454887007056156403805642801, 46721183057224087993242181809215556012924842467332697156427949445821793333801
42930758902956763847150387721526381520050632746789138482964660875392655398476, 66950765709735874441284838097694173762629363668733870198351893327342865423479
61623199753869738718210240409930438547912016310088563971372142657061846868761, 76755735715185981866344006733542185116640598091369268357277647941423035808589
6476624766549967336937797086810435091058981001126201395675350949364904878560, 52189059410644192926372050731986939616324878257259077061670458443038136719015
47249360813618610926521476791403039623441669193582703786997620937183925593146, 61350369903795374770789005304348222708789780760271386452530784469246801471406
19161525877744881868251881289554645213190012177446526468931604645489269520471, 61991437437152140552645543867100948699013254743593030580460516134484195397023
71042715711153884889611668336599977155799665321745992834102653382894706953005, 75514006989186336763730785018637851470592151832666009873130248764049922387142
56659786093026571719886814181235727019373687030950749175159253744500244684962, 19073915986805486147892140314973433386446366561398380658772527114829241559055
5977191090289286612015532764900365695348868996812809862420875521669443308391, 13579928855624757890173775054092433770508900593591341927262994567401435615761
49048663543296143712743709491622856611566714207086581657571909770465942551839, 50074111918051582249791050018649709438781561652307980411734905426840884315442
11318883661971436139299262115883113807363982473553992930231123677279392309750, 38614934388552306513324123139891106189014932825931061071237653483229919668361
58725156309670853435240924010871771662044994848488329434889495174443770001736, 25751673137534023787020284358284789372279717678468770617479200718718208499087
10821885310554670038213127665178355211843448762936935875762211533834671222406, 69948432902520132472442573232724193518171257001246320676654701944246764077462
42849391586259640297173343369505717633486665168472001453814063683131334623497, 75159236318007484242562153136936850998937873218302619918863621033208129218743
58065111323625039600265638537436220233986500500573533308619051886192347628824, 69363142154341845553904704302604432634542345713018929232267116802690763108381
56920221765402051552131497772072278838412558950585726277708441771341368115456, 22994588592609119240420764880240656247026442183803216175529890615378104188667
72698010038434522240998914675175424469411925342102564547006071529086314124890, 50190184230632503028501627050893787145732107303061866914363494659877510391951
57662302232120547029648724998777191591406818629544677327151934509846472678864, 41439323689733229512654652995215735192876376368652577711569592719588650982787
21327238789061608398698306470917357580847951599038402696678894259278212195126, 66021073588708422679624087263628589394127730180928632413935551811118050785545
66929753248584570051900978574706934279101213533922581642866671882488825628524, 67089582526434857698212231064110476002703031511492041077484254985128690541622
9321214551807938089494792552344750743667024326826235395060628186433544276644, 4874534507416136024686851697683750519004050493670736922334103177607869034304
5768262220847098016317113832677318520938603465476174867731477037261690230238, 50125032701299320734094788367342742828214602444137591982391136960277566564891
49709821214291795714389533331330920156264933573292204066785210259504196327484, 74676063441489921285661942074999942484124037951788612252503330749229626419953
44354930034608223525533962177904992780546458969074764141355396891754781359800, 57491462860176670435826346763482399154864397524869659082955884289388293268619
73420744704959684884292991155530278113406204814545909854789631743162601650843, 51917500683079604538898599367792515525877077738518800830685881093690804601841
71930509059791641504165958841162389576005009643009072286300487484121552737568, 67491588236998467386649797323771220805766002045990699852731082933897671789
51324476364474918750305054672824316770254078692014628097045536130859606633520, 21270607667142937817837658267534726272113091539448634277664132800328137313279
25850055729246029166108424572739787489714428080115122292434489721612611768703, 24520171706483124173701171288756238695970446648856684722890021307977543026447
3611762471032155428951852614167706461687142243052421769817114826429718872295, 8291875201413768055755613876950675119296685278634822027620041834391134492550
27067803344438404758011551671909967279118894677201159994546158562971964187646, 34515231393297302882144863619928351377565727283125257637821640377384776732237
61400022945406305249630302615485848101001285595864822393192719242453899787279, 76877743383206609019032236972959861479946880492956731149539846811878883082370
14155501818500493371316545116205731345745441667623211071949720901119396938243, 67315046048599737825896734186285000866254653210634187311491138373856725804347
37688292702963103133061388772823577606429461426247038113660252316834203561528, 47904655001120137370314850818002120871206734476072817985482721826213609560964
8064512667421310780590815334817120121654777860227253425516820783442155330275, 60963242495779910406356554379460522080277671422683148380369883040774746654881
18890606480025942082560884457354169840274938894421876118064680091156315706094, 33302709140633986050651824402486119978907970262088796408376265103207454601908
13737359916915343572418669808815172362425078194485605992576675303252393662106, 9009788523473682718988104104325532015246605676962171142973287288604575630391
4046541539920424077945205036112451724863679336389705338598763706558507519732, 69400786430090884095627739318644626993969018679224476801792283851267849697477
11857988381182361681836195778668445293107770634620637122749855039193249292083, 64381145697329960573424683799929362000488375472681210761771316096624598024727
60046143748820768939204570571226177705478314076301114174987538471364646834415, 13069175573718326369874421718330267658850371401082419928508162122065522530013
12326751574795055713670999012284060210034835917195149462448818100208293831799, 5071861832793665157501719862554899097416634949469728766756635046178766566406
30656069319893729571986214744230317785337870657712340853548936297650431569969, 53992635883332963079862630023334128730877553603460680902704500078060487495517
62362667246850631211790512077843271383701254341777466022024337043881711339451, 9612828849289113269239051197669874114235710985405408681240420808078743643174
75872159796196851474744733219831760463222126072088089361457365269076970143467, 72224288952647854965157187767390696648101149992445718911815369700721647633497
23206801932050045649288991605719227339264160816893633063231260008286611650901, 19967432145734789105836549346681927818038598592883230587732581193024376192433
72266836767501527737435999445168290151962726398488711964414118684067446466750, 14346229464078341333989000309238935312768269269242899138942537232373931964482
34608423704098595973205485092296380220872380689870240875013499206621994795238, 31963020304099834182534947492001002819751579210023964668519961812120890136784
13333371541897983941124394000160589690989294823830835211878450965199587272856, 14882768941739426186618434760218369570419856594716001512645253451682404731444
74615624561318939656966111017981725072402072211413039530589834520822768163560, 33721105757757654034861915212771057746155600723864628925741273029085965273527
35610955271577343324778433824888815961717919097406291164766968844893243456564, 22832085034861112171472693543748609175560040720201429387417640941051350578823
65617093712274988192890605854689716819740013649829365527509233165394384444320, 13510375980969611023517575241033785895488275770359614529258566165688549345530
8585004597007970747332642634612557650128490804073070915228880099650838149910, 30301948079091069031191534326439569208900573692078861443813893973471709796720
28107464316900100934512580453653276380363347968355655594017076107421238500933, 56139526011952321956235170235035613937592163461029919305830574869932646717361
8778405108758568573023131171988620507963393513316938616041010005162154868897, 74115212789304118588716214451914495591709102352078469147327407174875126301880
52938136495691195588504636234283107949812099028763373253411268039732947671113, 37493996578342543299645539211467580990759195102557053951336683708895251256782
25025457180584575890758757705841910306500586091746106315250256241635039295656, 50720121600331948945114067534820447451699128906890524885438461895814496346710
39105761724104944324433359643847732252011453228305773375903602630146860574792, 65606965520678169129946685448981859372426116051297221758696480941951823380308
53696878701815471547742793542914178462996894968530978590779055947631171331544, 54387442499120527204783052811618999302031931978347913953650733816206332469193
29130497413897992466396412775521582654819859993866123233652549450660759436005, 71761614172996796741327449889307871247663304121152192487216262545947599777374
39482550058039331176884705708892623099301129519045111876816617417720652734128, 15267543257939478361775012204515732061244460621232333213015579386409457134141
37236625451436948602301699717158537528610564028383388541187095006583837182030, 74255196490615865988718663093002008810587619329090601084321036983385177864653
62612663622580411581609273665254502943134643177215138972717355568864365560268, 38428640750701685240267245033543387859981449767454318704966719380845018598992
64730111439782827108220280461387401258848300661732110587375839673058172556100, 30497399435964949288862030094834085603470031944350615235009030984466933757704
52754243176534743514404449858725147305470254314791587517210200452302473661296, 22830031701394381975840221071255476998003171397006988236490841496030936045673
43053977359043772149363160017496220315160076176246090340367415271371120639791, 24491245727142465774103380470509008557276500881020630705705336880779572223371
8528323935220227495350012571374936933310454740342366027116224581432957832326, 11112534947984493084701920142850134532305274587916347157698870454271260419990
31742177600996387070827547091580406050644310984541006958539439443405428316161, 22477353151200297706890791278940073467958606707826874328292793537932785535846
61886228880342119995533198753854889439980643865589882729230286549121452471539, 17564799764020423727890741248387998980468769945284297424495099779138977091827
21927702677979484051378718587165861713036727203070123974624053804207925965371, 72341299244526324668640595501171576763877436021525220519705376029677165437798
72508206862416973117677246297016111408696212622630682515699437610376030958693, 75944629117530949872680124997029771794067327518374353323607628333271263664621
39730417295003182333800520892587533652498961195232417499150200917319375684062, 21784412424141840627861259252224506362474456520925082642789063560137218679322
49352230260949441226753469627589378538825660429534014173749784660912921437839, 57272036991844020566837757264603577897989106737260873258238014067036190020354
65423834491475699169274626759903932228182740477922776537338203287341009709688, 2720010545838427002062879810908618844962770114165032208616639525050063495207
38650998260034077780047276120200630997242550908186759101230508366373419677126, 9737199112932923839985735277467067294484160726795634195706769167182547658513
27953600399376824416904836574780868255596120129964026289106787358409567724941, 32203715409257046092640904662175206264093586685480127418170683943806976905801
42561022439392060176162527151591619501718568689642611293466221872896513715371, 59020449823869308410995088844038639503127919285200431532315829795718551670664
71568524134531472499454288826728491371839230568245073584278837312074485907874, 58394997500138655581493718648134386744630825568512847074689922223920638158810
76748052522551745137625287307898344817103416708793099315344481350946126698138, 15349137789803105631432098712514687232221475980240783087954811471545179885896
32758301646034334958347861578110740136440064391488086057492032680519557280570, 20624961145383316447283607235191335706751210510616432375342922989146227850721
15991998045262101243656462780694925133951965607620861821569170365731600246570, 33444381421452491452436413173972856944957260185936548219192764199997888653018
10837498072964908193797176875393626075369489921962292262247810359974582440847, 45980170299630770206019810537647544590140962562093438136968512149003681633690
67381682292972146176142333384428343940835154383320927284826571261609817384117, 17976983267466675495858855738716919844300606047007005273222905694808665596287
54751517444629475419943275097170056604489962457706543546230531573389075599757, 19065235335139114994424385693233167065546293531152531578601770441814620605113
10662503558777303982970649322041894766778778523605462845573029006490194820728, 65488698209085261136332201228321643882104770385376310486342031971943357741431
7466269748191873707757900182495967550646916377953247536396397977905260804449, 20698909418454052085035616784019908755505546031200722764259752794177928557282
61422252270885457659206285952693912265007634043281258076917966800669390219557, 43069301852321266898598312958994136322678550909431449450825085078657811829578
17961334439282264865411093712174578548353708560148145429192034653387797480001, 5949022301931419488015427405035854286844973346996837171227853860169900701674
61739392235206319150801375882624601615121183480795969074911550406834439474651, 65046140141322157126319928573779145964103157052079249644939868686321277137239
54904026259347679416685781819460351952506832648685369570352753398935174500953, 46065279118952587247178310939064518490858839474334196955709026963239894654614
72494140284668971652136146327451429964722526377949258024823816013378158723179, 38551280317296016300937383138063679773937330397481267923295326528804584269202
2685748134146791673939739388151024747374348070972643270517693986944058713231, 42415608184064788836397695138529140656355868890941303005824769985181202823632
24553048328238820368674048934756288013187150777157706886405414217764476258460, 14936786378200991193582378245569316483298999586841740087853336857429627467851
2205949683109093157333243722958638833927052276728922198314930722396244581086, 37561554934770879145392573784083210389835113882766243299220016304936645708949
10228394602054295928040362403006396127356496180881197314181127184768473300616, 51610877887596306918166505192724602813090561572144301255710635492957728648104
7073947068463604839553649495345971837626250345931950626258806148147031630825, 15528819647248852369505602793542152049410122787987622490275359610903344843141
21323712416151006601133552237129265903427324341171738737722417618950845419822, 43933529572877691686423121709051278605417086965990511600898966212653186772719
44058619428275049244200210800045744195404371750063681720387007858067511268348, 1070757927473143744367826392120691404231685978994630124844421953499726042884
58787937846811193960202367429216620208683008684289274405169791473532319350749, 74411459263783678595267705083608906255956697304022660699244961444425511416685
11146167000228862189422129676610902745153566726123329285459234446785730078094, 60164841637780769178141618731650257040424770116926439090404000824168146183774
37670161731890446898456229632408767287637157715944611031625535583863643803754, 44215081863540510694886021636530286309479916309922250860862581872465704483814
17792709297014532275274448722251748465002698704546827429605510120494027445012, 36528499522874906929376529380671234375873996002739197593518006309126092750162
24717594233961268628585946594840312240982001902993066296609031378092574267512, 60767904924707462401899309830652790816725155151341775680983892498062302551026
59734874798620484320237068594589405202101324153045418056063500859205632830088, 58177680883924841531603155970515063489128326711253429970773267838278188610793
51642628914484504486277023767756693167259403345862679896691444457697136161935, 59907975668740079746541244296109469721067655032589520624251305714602583967895
11917005978302264432766735691559540240277207783337066538876291323386101283246, 24468825103893982208777825737581341094838863780482089968500491653789644086230
20639876409546017815505613426790384058673535364108191707764229317314640444705, 38595155153902252052320095779475804401102548073178564329444335575146181461200
15884985718915162987157391917686715482191799608678005833753139199356180123976, 65165097683111996182825036276046044769104544847681648530741674619029368288996
25628951925140264541084933490927187421578936910587876755765540580913696741859, 71662861038200546339374076567821596157397012369372517549275628544079171061890
62161326351335510240142994358866815901128095472210247310140775867667564145784, 44412210816062281295610064460070862303120670032475563669059174591779032375381
55036078244751402983000732609923535118600145678684742027194722245122174356657, 5898598654297673046412138796104504927150169661206600583643685859443060211339
10338388213480478319624385057389375887998769712538015255254519673799777853522, 49922556122135722201063736831192552088189177508000455792137958612377229625856
11121293488793049014549080157572779873319484658845887302242116834557826566736, 76040156906379153122986064944561560773916819518515447465566036533240111163977
16711767875068672490054772687943072786513889274139500768536668174849563335216, 30850843244036488157606937754039894344213005008348503264897043523365356805389
56261312514987207265006449755298709218008548864732144179061229033374946319425, 33902040732259770524043368560108676556738590932932454825246284243205008496172
23724146560258695577495402053904670416828676692593121594646704880745675530043, 5190648225868037168703995364698327896441657711900149838710220347787580793595
71357199919772691211819846887238061798401483100461387169553610977262915263540, 56161995210182184250201844531878920687747960124788335640743692773817860918506
35380676214406064632556442341245266186180289062951798010697632554611762616719, 35536654753088602605008659537232639626392360211367380566286370445281731691486
24176997174274323802045574805928235794368080105260658904530185940439564083275, 1209282042879973215545816351208415660992867319521937696713430029060240396814
11328331366316107570601495405849652846645314961001970127243855103138364466225, 16360904247261814813353752541794115797941282611986477179838201527007509368771
29363745828093517060532734504493156081425112531240056328702229382389614742547, 9302414992431829244502727461145357239030257760003988212308318197767097882601
51517602803561595053595356064367334825464808062223927027298145083089055603142, 8088485125439369370738440664529560473175353762536313507733989301846988748879
42258230185818912545436417161254130010270906044541170211074766223432885831769, 67788836946340621704196067824709813805620504525355506493257625052146230699716
15567635650030532819027055803270977850017738422119430616051049916850464317846, 39840280301904919573438511303898903878329155004538255864139700322665134352312
21483957511340346973486393815248555653453335080636666107972513180875288211797, 36767830685454770625176093983074681589071524606433047165043407630582548607118
64088381542923822453776855272653510175162485373935444327027070247175413241518, 76819234243348967774428480845383384559028429223412339882912673457946377934943
48855280189634561447336282300989748976880453135485233691662475340310644858675, 5736258684052256962879083564308829196076142608362228920349840782446947521003
32714721428501972537343032686579290550218865224674129277326901245930682129530, 52533168987473840600994530184585641566630345835334659518029524394927835027954
27191752103953799480773950217872314737127831427596981183494254270398084822208, 53556559669176304877146917819522575682181936640935695032585106706948205389636
74738453367703181220814024407429460389656934045419561332085453530504416991012, 38864061996490117335278419072646005964006683121262922459012208583234283221501
21419604759631864343345555948447725424514341586157697980048423044726330733369, 61619011715723232662225220334360808851752291085081413227721986479088982301574
26564162445385860956205333013878305631365713147411873003168465223877408952940, 5470253570556215635540234331136422777586792207128489136565821979512346166178
49887169044768905956990259563505247812854609738408516489252174840087804398434, 21530946175081889853347051371139760102446813496777231440399617937179726046270
40841927659480641559799247860149621391418051375207478657741304915885447022629, 3586039789185359831306404539630922783732600070261339915736402322255168519143
3983970956736601487753145298659705207746217207397855485001028567101021691929, 21168270832351818597194322521450365852397448303342112156108558648298635299068
14098804541806569448901789515116378106208455926951649510210376188232699190979, 75798088259498756725302076731075960224202154305069547339745629704235354913364
16359893837175078700473701312926412671359405178644297356294689928586913482203, 11172022284949505411837441096413135071586199581879354520632629877778539346373
75209471923857872315043977610396690147364215705935397520474969234108723923672, 43755622021305341981796282564580111098732966009123581711920307876573434183298
67797964071127483904542889568930797133026942981870131649503957850023893280515, 9720385198075309507577253799531635091169082185050435098192748698306517174675
41717742705934262857772136231845959212006378353949607798372920944035660994172, 4695536739821002832886267758137710538635348087303943377173603554689367921987
24274448387673839076768326252057774707869774827529093512826274669904610117174, 67990623070381855812189621500410386380150763543013899159380294149023629230969
65864749969324601582365251449275299239976870224686718360706517421308533899862, 14108689113276876623196049294748573809523328532587506681390180858707099481833
19068391309371327337794949079248016103006675794275224710214235956837010444257, 54133781720049674211656435847899979665892770037080764975132964371481014943667
44119237528289053406891173240453489382888194273373574773312351763897035217939, 75180234183637406586129711443823082548498202036868392488951998317922442186994
9089025896129152267934902435765701645712068058750872569914232640128298379265, 23136168461943969740263319349996034533476290979911084420799217313493868614237
33371764220586451206299423939333339434023489845100566850179933450453018898879, 16744474118130647983725102805218624411141191221884999534544136323081555394098
34328379034752722762716452827405962471109517159007346450050637494483806748835, 64843802395513637735926853774522894309321637418847886942422614681694799532722
2416653687491936537282748056332375364077499877722560176289947688394297429693, 8499837989918786779254711215956863711240759550705494150614892670615195207003
13619945002755191389692003819904702627479925454353820367149422760031920397324, 21964586364165685512015165343164504610158367920984925610992552088094737351673
21621846256002625657722545992338677857263502333638473021918750731245394800139, 52636064835905799730151055310303871868363939243979778421975271602442726871080
4922206243091559108789031567435505976690341288616166329720334614505368377279, 67765124194630272541815834360239341779615093348216863159690217229002584208892
13995242654578554961870334800013541533358530432019945651537683006277409850520, 76375530711520000408100174901772415319986096676683394159324522884425279597433
11373456311291609671290225225996134418334146766866281521107444173961936745420, 45517359319947161464426611712202619779165822541301130617504225402423351696674
62658535524495470144156966777556045176918828905141545710455222412680839143568, 41393034241947041982437172810440705492006268034529284286259485620887283122342
44886155467230037524421707696883495797543633587425938755256809883715115617069, 55687347840545608499265356245331372676537733023208055128466722831933925597406
18615327329344395058204214668707340670304640785436660909471882494543615657065, 47801528377963906457753774981580498212144728333679798404107971919037164876256
870302541648453516438041679126057178135198930668070431952402064647805780253, 68999450238277731154611260878985017381946709600516330006483461177514217890352
54459905122028553225268946047962567264267878667799364253787674774586747525989, 21608912555577369123192837664512003695196764089264570011607830605515136247028
10574297720058072783540295639965976667213644172133717841548188237926505799332, 41650188888612500418269799037763720348566655523736307573266461369559179437471
11700059701377460641230552207283823962904078973189776080457305592482549041005, 31365338772267858310535838129917670852742082315039058469990116716008824913697
69493270630312983762546864281210039781829917254963796866699548986464921743289, 75698948770977857537265089645334709652278286360002951351988134018504956867665
8110878278922408426025831911246764681244838787917521981219331673213378486353, 16176645279993665052466214706690234867671626255673881358438391633418455859018
49934036731763257841628479535689052383965972749671593208302666854755944196445, 26868803575550991975415013115806010341099318985338210253914243275147467778404
76115319964234953313858735262159477436430468490372678124364087531157214074231, 29747540338610672383080273456045427555974320594523829147366251982660683136868
25314974080291817473172245941711606843389469034180696096367769522732174177473, 13265833037939379993461476807364233282548716944053315584227775079777802806907
18657886359850338551393675238821509210814994773956450985486388624066737590726, 50200644959969261531928144109516555746214305955080253456223168193858841607121
1342097906362841956723067056461029114960774085714129692147872830891160585530, 20544677732927308488597386591802915715284515155941520202181424407602052069493
64445471748978223327220816541203231038608271512596104095542534413650883581106, 55238945740232985986056036446981882738197749834719134950905006232431943555457
22862649802304987309069035498470117474837471439020602411240650016064746942007, 36281542300689254849589832437389728617436455527958832212060270249976133455752
275924686171388255030354782191222809418854195215316276193840792017941649960, 63646067069127648383050426522496641357535434329375920546813302911508169742519
70269736109530809112482606590373630785360439229935950421603106505288293773373, 64573189923353827538552568170908032889830186168119520263791623162446376645215
69514650897103518801366805801531152954121645686720777250083494318222474930958, 72285678892339667870106414553546452123004497026407333263704545282493299265805
24576006561545241499463681412078215482549902672380914586520975972197541224904, 21855339636451393627364722633398551861106595610193999260211430327841360570904
61733366617399147626833203179884108374257075888323964795478673304664634654194, 70738549199505824099379587772094317042531333781459704674897844815461756672402
49707175297347978308676845844051893702696402755386935619689391682461497511596, 73630664155683126362231701433114893784282122346621181873041841921195356031424
45795847238276835610768029239186243581567253770851054844132973281136481709645, 24231710403321761170851239501942266092487760242374954857780100957220804977268
13504227633544475712849894302699419709840450021639007333165317846941948247990, 58283269880245621836882199854070871203928385089755439136314419171490175385221
8259426929507477481484019947768940475114033242476047930494055018001759272839, 61966997547714917964741841983017537110425095008463076355265631163832802481203
37540856167243331404785221228971456399326436553294668150364052896618479463515, 35307839799465712827874253922723885229113435444251103694320856739589909015424
30231979055743998683127231584147770017564358457428137202636103937692099455483, 59195967806273346925068511117786702443391581278625991544746896501134688754206
62940666807102569477461626855606803883770165827601966985294073606967431618424, 61933300480497086662350298043859046344729901479575916281848550936297288220619
11486149359250223054020097093341814804441078211206221875948224431251360213408, 73364963219927974828247386838598329977473061826902140142919988229620393152099
31258206556494587599506608522405263059096779302693022921893379482650631439365, 54352173441092018391261367811519769002568770342852893958296457340647835708388
50915735331522944845089327800179087452506752672555614180271905250145125205385, 34955173617156248317330058187914631237296001574859501614084457279683891541140
22263971669668971646552471620473864418300127472681242469078767732375648974494, 17808078385388873873002833413065803556683947274215675025582010271650961254503
57427413604444105279522953009518389815100938074746623573731282480986682532023, 38429095266228878168447069981022935832859380161928518230661617301159103004021
46607344779507916251651375537502826325087914647090201812219447959083171195494, 62545686553794794781704031310327658254004306137595498675311486080101274193695
27741932826326792807962941890963973094847778630045342830550772057822278470577, 35610630861041237043047163337980245475273072357826737037689575416316017851064
5124311680842528105408827600822265243181089492808853030778309248805855899379, 48149424859769052166752222733350700778477722798288597837262084822190996239248
12570713925783694344572790830981280195183904047595303500605612379021680023388, 1564590967028065530180998317587692013784097211587651679659300149161413214815
6932701236212387174354666555706933183204551902321680036240077005873375598140, 63837622892977483486290682894750705871849311685852846232099471898038552752344
48722053825693782939419554520075097961513715182826391878053348614727238976563, 11003194475897808272405561961722777401361667316885985706963716651351179163641
35628371244516986545091932701096458326116277302641532673331504512877495872352, 50454698855970112161540975162993460433253840407000241369895880779435996877331
21551148535564874965300919209634840029272528563818710619503770009562792203300, 23827116618319404875672559191912607481076207470312760197216292452905499541302
34002617211954340351157516782223059407073423695961027937514390598287714565337, 14661228171282032244461069135633150967216605394420331987521336738757151443254
23600728972742114350939190294806477486163507385203476958854844025662340157070, 22189855537749366674409883295297836016088764060778058124062119247890578705006
53651766937794309324326206691899345643967987341230019352586365753075925753472, 1288464945129611659948279349412047024068120957559543333414686527991221719949
27634849096826724798714510818624291816456568063884018864464718151882761699190, 21887968693475342398247283946864671245085482644225139473049187556398477826067
32754830556560234125389273169793094500716843559691023585320584408702487025069, 76654519762244469523873814125928994161631566426516122536729328377460490073773
25878357874276438271539482763728326258647122996185434416351618510946076453164, 3282755712883478646071128371463120042171035227554475085021262911376583509434
40685478764474773320748252248510259893238010364136479087854895451528808505010, 13792541015452094622392986886556485508948181526180257278975874907247767979519
41613670581702104183703326324403688295483442670179143731422226075000432345192, 12421394400492056719356213543660683702392242193816513384377525445207167836605
47013628011768523775721536432713251579607707285095633025572269915731048158926, 8811113899790696374130073538407606568081037668307503596648570552271716969534
19674039833023665439308311698103207497732245576112440370131730332361699619225, 34675610804747466191368590951457369310899215655901136586883807619218163379965
56915119851992224390909502555596015172595492642030979827315417063027476507399, 47300625069653078030814306300653728804747671368162369906387375613889330416133
72680016849593448664300655321953684192590033839585717863009171799280767001893, 5879696440165633656897010166722480939248035481739989066271679282075773458084
39828108672062635433594212370125099588112304203631484879922156375777133797524, 34355936779175225655979154968108881698708228006293426505605541156467151182024
67541371276894694259162885824510119745270322433238020153715188503719355456356, 11693651258844159184542950730171568240389432870673744644701065796682918001604
609361784328617434608042490406473037388157540133903101044370897029210569849, 38945699801216031045752391319882861265701022649823049092590491487660620809677
52544726231114726762413639898765616115541667595189347414696860261437547498036, 34084856342490196711920185115766509100306642421697921509439966023864019971063
76252044841313313323448683622951035170145146072218621545659332105612754150610, 5991862024402331190231529270433267916292767461717206371197594193028225167869
65419111293045231024061611754867296151124692784460865277109747368068326796449, 52414623675523012573127612343751638921011278297631785932761894587216840828110
6154547475508022856846686571056555899779552002127114248734572765487729422078, 6022216578170377172265482428441689525937195904740889482493026744663228615602
17954810272854397993404205748272216957645852558800953209456379927612547071382, 13865821800927898925951786395495798700174842668264226060404391793013946672031
10154516967348248476353376832046560714208289121612529252854024638675796065513, 1638744378522716761618185871144362670567213693245319806642820267827135134762
44243989000008158829160343548972038231918557334346190538430931679937636478940, 70819454324956486623679039511272832425606937173939985899212710974393353805542
24808591910609596790754535482961694655525775063920516284726105486623154956680, 33771450071761593432129943838094026887099661108875917598227324360715367718105
64591187958788808009957922041035611727945096001681934202181139044560410689111, 62877264171725181766843323690838511699003934332442284278057581268634051838334
55196759953711900333193771849644706444819311256301191927933819297870522448131, 59296373922777607290246273223084351940193382010420901335131207679570877876771
75305568145129748332732747865829648743475462838924156128917378689230942139061, 17371296202646854899530654692355578222396091918355713825906030228222573828295
15838505315472064753393933033832670019947876231856969097044878665066290771397, 10470973074089210974089823833055408567976903797795347762165887595629720608136
30905144225320249539362661907363408025625396507309506246821474154690733592631, 21769843065936891433036053405791516650583508676356795390025582089135557680061
74267676613543814647747448222168156034273114421298159036243313708917792674531, 60603920019611803278686565322715236618916606061979651259544185249018541287098
53906316213381074567438266763395815817641440328775843811701333210945377126390, 21954211191844499587807001836386185242434765705443504081535623553421929167577
66585272317712745661656487308660793757388216705054477319810519114526493408333, 597129702888752936577759760021406470001409854212386397392001201176157395823
19246871994041106611193862665917350036009463042593966823240975094603984375379, 15295370943926393212356562065024742848163198773931688153282879971411010590103
70637551345796908762786587963804682822860034795546667145025929085233761969196, 51195614997267888287740499209303712047849914846601405078208104444001884033081
48101642543754757528656634651605638211973386260770780276700344274296155158413, 18584775777909424759386782747310586171084800707096311588926378552305034454220
72624872822103504134610098675209427502805764464752266855118391890316595889084, 30082816719609504983177434836966961724697438819923365955851341593628068162107
30885035680239741570677521570557184973474742211783154706547999193312705092175, 1093616257595432502799344603301835911873638027483979217691608738085613071052
73161019044742396354188485794192551791115035318430444551434774808808276069432, 12948648828195661173090592633263182096641598814852482786847249983426802663202
26755738884800720538014454707070575458372054912215823032861474495530798699447, 30435627521163660645158757352471262900730876163418002852170230194958464327620
21696696129193281584193423465992591626597098340907243187863257393698612542099, 15537434062486185407636928383358987131503289954809952342178208864501997409722
61304193416109129723404089108846391281956500247323604102222588121807566151988, 63605615065772266351798444392755713486413616120415201812243743962046834229861
46492655244393735025511954147375672979510322187962326132060358372595847430906, 65642875855526423753003036697719873974502214010319199876228608959012361264178
60632159642662406643176947687986052387885114607129654799511598222658380324168, 48058159747322287176887388346893220042790638461533474575082219104219346513571
75573179468654730798349297760122476728742356722966715747807986024127635283995, 42147625522124430834866957673518432050957597508747717214556330378988970923725
45850505215016478033856996921722766782429112957995777361442771395917112718367, 17413177334685255128901201489389447036265247087183834388496869150821304340307
28846762001231568188991076136285556774483399759316893444396407000309214161492, 12085098381731066597674660361325844756545705334727965324684768039090861180132
30050131845842813774055455060723159573057603139129346471451433978753665285654, 66969272329757720711447634962491233006528028165632073793604966230648829645269
18332274497414795775105473944554978490924564212401147040191364546073108065211, 59046446024045919008858149601215627114092636002813379177277793637988288497686
8357847684692822877853347766153381225874457600093945973595827086034429883943, 75778003184684581503104803688436746676501768799595840186993381060552221904406
48223154844625968860757884708434774988716673813113347273836229171671222544219, 8764696744104631427281498504979998097466329132358886245015326231663532927173
35585960690119213256387325377660111509055744103546312131828667261050493849740, 20420990544226770291491124540831380179088007403698655011552186297688802673390
16010711239836672049471854271099885901041298844100290252832452811896129813046, 44174389684953009854553527824738235204949443862633931760794385882863247802311
33736853924194381189725431116125477101357673606567327960528464234390221054662, 26240852179681130288734336431489506645635390043938318655357613347652225365704
6918955302846252093877182129151397384804047370295814785877476614941517074638, 49036901772031965329126269555351814977633209331457387208273114573545437003453
40865133528347898286835641871733536873508127877394911830302695063699345910261, 66067903595943934668914922948971038796753734349828372654857730538863347383865
46816244305224911941070680650653202202840478091277726604098509094913917790609, 20666970917598859790681154371047291561209568689646087529876578840941758028220
12603080792896397875247651886927259178318417299368610634541214528059018318918, 62990704970337252146429823176542601140071937320572207908386079445363263628739
34557368141513861056759600897873229005298346834037800335081984280798388049883, 30243789557675278218493839802416795382767872053131376732335599686177958350154
69504307377369003929833445306119983500659032111828409354133062395787628116834, 50795916525128728541430329719669424335737800165914371913090289141418521453766
48531770223588426515830961049776724608238160553726530424825592666667980624455, 22203029959053290998819629844188198857037048232833635640370730844271038509409
7989809720770755427977024133358169954612724368888908462520264457304568795365, 33722287601306524899046723009720268877434911652643334442671662807101981985489
53557899065681138110409863245359837753742578095970047724428011210677567596927, 32310673003214522395233287205936703735931895842790747190167214991444867914542
29996953461944609111899538024008970155391906017645358002508267529462660464198, 6428236682147461783335431187415611263312032577903572473175147651666877274350
60997269468328631731325412068911059729657957904184288627294170815728042861448, 8585541905297694074964117838740416024078584262429528123858462071832813270804
37577761626863454621581971221549371203706633775509950077127619334777803450163, 11470809845003555771749992401567162020394892521525920854975858971354075115362
76205720087012935915855035134977459087211106215806341295914010886985164107197, 3166585250111294553901556749592632343381737983784167862379163703977006845565
18769315280821213081773311838576336853635641340006684059451562883829664536292, 20284748598915015810522404628251641305241908657511220970933132972354204416441
37009148164436694707732965994325799093997940720950981298781375227268712197358, 51493473941593445964951247996213795103903265701625672315865193788385440019064
7243199255091443753607784815943467057673948194589013026351608063961264549707, 16634919600403732852534727359337989424823445329149856219306632051942393513112
31587709980822681529016805057857791681216989279640011042137001578566206807656, 4357620822909505187383965659624450391080722158538849991691532125387660157008
15744114139377787615522298037953823477797109621011560867266112148641821598938, 73644758947435780051803575969525758584637631553799607376068129864298721435774
27412685638141917996159968132151165476347626187878966637272717560403772995245, 31087082319463023305703297953857199616750050342858634672281061306482700263323
58265957405434176941204750004216460218700444675788041274283294517068132953042, 69713885055498091083895760037080915699529160508454091947001724787238508086782
72372591661910821778115962314117666438325030125388445332750519227903105998919, 50025046971050410834189623493188080370343212996139158272922811987289670511365
17147696154333351643334846443150551982802092239141486485376035918332937114680, 30683365582786629906006094851977498871433610547287970044276215092707528074443
8903184274267702331102823786222899514704114616457708002851766145972064798166, 70958723647547999550550045105477203981604305303148678723079252151347396218029
16239096745164552131497974045406056062548709048492741055779468460461673554047, 52551218612943124187611381516850897191651500978476773724731324551630130826046
69740415221720121670476123211880474788458454249292813250289908049547174774520, 22074694317723329067567157477026945826739769584121414048912560527391722271064
68996878334542794890618296189074948524652380279948465916646817586815154763891, 20082357798601838322876584890697484388448673964765239754924948923466011212739
16819838033156690063882308428179336740031652530858143400056856170868043954556, 30268448703663020280431825221566702521723815366654721907898787737285868967318
13094236689108501490428885522588975562237274680350712635923952690675012131642, 35638654965593920902821986228672928786029316781988975842901056173163253787975
23762821090281897133202457269794148384917448436152876796755902380306533701038, 3206578737192692037985248532346549363826304599538771344779176098082606866005
24876405695645795238487624989115723495650573590755768800549966261418709257108, 1378808914880063123677826225050492811418835372021163226863126324609877697633
40811322698659443284502838679127655032674006670673025750862776191664674437245, 63078248652975624222817575564656491061939619209439605441268625979827389416278
49453650819370153066158966677803329910482787705084668627461774059061986294466, 61178400287046641727133708783279922045537062025367955289611838731111728979869
33331502880954391548930385820463045839717637288483380224391533679198784886540, 29597188117568360553898469348270312262008227772150723418134734298494245876046
16770772855304520963848374763885330768910845139190975734953909574341042278224, 37763887661213293866030151759092404268151870712752857823116290086059145675949
21948756131104212908735224486632156587267375419663890505275868931582049673682, 75848168610233484339594120020281890013769960436372225752673769248463972611871
16070280896200641249532826468357136361293514410542446690817658685607618255345, 21450818265504819491771509999922788280767868367459084219760978229773430836299
20104941576572050701086456597081764778515293895966729836258311392366138126835, 70354119152139954417627931706801804811855655507181283406022588419990151429779
56868271528432622125578220209832654149972366561570667905551322977191243556899, 42926367744508912916760799745457600371355987205590955640590368836041429070580
63409920554373235964083371308180634040481205334961505777609673619743836204689, 28730103732115027974461174582726889025030874626562640148466468714159036124687
24522061452580547009764697435755328386804253078974773818773907020024707731478, 14048442327446305685363789830565259884442693103455120731481276050274065186470
47004973363048702628230810856125578467605969173077643396134386369356800580548, 69862356023798663361466317514826356304115674623311644199046419082016025445364
63939683098490255192940547433967850264015594234639809462567134311482684431098, 48721598680546321063664678305076275558204074233383881466214114020210978782675
62648804831295113689819667577656255902513341374174397722708194720020807312067, 68349411296751638940441888854697681823651710050721980817488427802374202510443
46052669937670075350376038912380334856424951905547737209661093918073614187124, 67333438194712699943324533438316872673516463353566981557038280257896738720072
9443788562154505594959156426240618799624877070277643406388320660881535713624, 10815056861589284434276108188818655155312194749575066383071324437353938595174
21465098181201917043299609163133440123430558207303046770318211689615395916351, 14832688515666834675097558714797077766870504276056128061195513118493844202607
32763879556238295750280458264888329065110158736091622526192068987919362486312, 10120678554794421050498111249778688715724644912805972145689312610441984706495
21086622701167005180149704498298581950507061842899090777925022151848109736708, 63847438830338405952593754870783908976957689408323752086482781683032503770532
41174114988296453782092916246066160738849454557884877755468268889735558648354, 40245751252744615174934547157378044420712142508270285673976793897648921985408
75712016834741327480675024160470142805528442796688176586413751478530037690981, 55261846664744344183372742917393820035897710137646828508027547419058163152488
5790605531515699615072251762236997774124400252837634683750175764532490660168, 54791421686310556150136510354524657079310927828114152988757144303774306973357
42712104642825447383041645248514435898592024829627169047765450432709614057103, 51044668769729963131824372999397922747502160819106788672939330120439801079114
10426276521510467694893114990646961678621573074659713921494237053497932224148, 39318758301870114942580511320400301459934782852394265479234581253994955352224
473361028180664809487631554945646498290964619874197649110745666156896324271, 75711520823856742114381796051618874745502416556268821901996499184029076818225
45810874309536161173600469158980777271599716643564972102644904573026216566176, 33138924855154133898514754725776922326157296577157725290722433494765009834886
11148759878255990032493104063188313600228825561174839192361433780833601641961, 19840374508083360961973719088728887741916472266353011371324551222846882556920
67323969709519742779500547085367143375422153090253933775132379104412207555287, 57835880078973240276652425845940546998703730543152316000361324204479874073802
51262548208323771059755632704332202750567305128160436142423863428285060882062, 29248855409990201448544373366269118271127314553037851822358325614149610005687
69687446267849749977621685585029583931447942734335896873192131509696147256035, 46934069789519014645715201541778133088950506843251533462593686491929530153933
16898821251513476866817549599545317685071502826014947132665334730480236887399, 64224597987913228540438288824324782433830070614789469935411774004176308513485
50551442892805867074354324627537637858766593528145243327903906851845128853378, 5231975673477058527664267770465087433786345560668258753563696237531581898751
75029198441363333336131578744700544684357836561995352729031604052322018236994, 1186474212918418814216459973337777837867023834410065606680841514946192432721
49434047953074017867657172354468613545811166254152696922349841219254773524529, 61826578007592944893120972446295078540785218525798789922864468710478813084194
36621884311494831594945175427944098746885250297681078713866717553063542750215, 64331227555534311690811289481533163495318571246345686053278335756166761662914
23985362122363174724713889695405262496364422318863118595547664492811758673208, 59407699363058002798780162539592373138097481982463065795796867805709468222371
41823105203924209989837389649264189729825805303227668312811883368607972555257, 63142799518378034195158125449362831341454946717208925815435815307885116722613
48529551673816683626778853018556364063716822565349947651021225428052601420186, 8447841597934021496888000008300214331362611441717517933859500506553010545319
30717708738664103261802132495678554845527315131776139263760662436245186802930, 7781274867846516847818876477436703165155598413646979148897983178113585202188
57530734564485624172685137179126944026534228883342615936881133277631385962194, 25330471404863928944215764636146356892933261640966279670853330988724130080164
52548927705011752796112656587514278262852612580471700703945759037441786208374, 19197386396761313256611662068664983428971565395342461486666933023615953712897
73694362962796774434634079768947961642326166926001868988100375418918989194419, 19000106204854401991992979399279462675461201206561881660744658453113123938468
23150106793688820078755632892019035487269921607535763284008034394820358219281, 48242601945955327942588290966524456912223149943992278898933409302224228649456
24525548040723002229613507422650467697446010967395449551479937486036308824155, 8478075620842388059049003430398154843447550997764421106353009680337881358733
2333989478766727706358109278923691513362425506893452728244138381255823127074, 20157731365646006324553664511542255466118256809970653145598606610027735998652
58775945313762924559026381623020922075853132091499957519710403912248979386778, 58763515920607591198979984219482289730906087030111781070055555110352772822830
