Elliptic Curve: brainpoolP256r1
Field Prime: 76884956397045344220809746629001649093037950200943055203735601445031516197751
Base Point: (63243729749562333355292243550312970334778175571054726587095381623627144114786, 38218615093753523893122277964030810387585405539772602581557831887485717997975)
Polynomial Degree: 7
Polynomial Coefficients: [40, 34, 53, 42, 63, 52, 45, 50]
Public Key: (35568244904087404900876713327235508929856961562681259650892304483739953870864, 59669426983318084789370601101269497480949456803642230687610817892786504304682)
49279901557256005649101015052825741533940714578648184506264551306080744559129, 62981589492948270565762749521957045516942324461378449664376754452043925011912
48248231307489179245398367165294424791874088033651153626466007124929587202363, 34252417150330603451663179839632611329339409483387791233956194780273976369288
67788740681878134850373543096927181440321385554405170189692788476516200099994, 74780428049725334030229816422209615875173620178525885318452937007284560751178
20486781026291361508097260766055439749696427548079172562279894292857405091152, 41918005986435892250803433732339873981397185562157055174652066859858543928828
18181881564198804796064689679065508247349165631239577903425214899832416706007, 35297856447466528992754248035013623997357978721453268893731835988162906955224
57591734319929284314117172631454435378047118640991386001968914906290021125088, 14309316879277474988019271384415556452763937945175478802054130250390941231772
28517310262230579107915579056631125350617176789525770011590506735442862172872, 29950756508028234731366555158640521291013064914199481479532851217669412141681
21713632636027688587082292254545162090597211848768704454789666912171409231882, 51824757122776777326796900713623885424642160197201095017158597436056260752035
40357612509565743995587886128758340828708074675271848405309581183370103623756, 27582418290928902780384422038677619812576083757609944402771796489489018858411
1124478661860187548514117677259602863069636837915136553241570224952139296742, 75803182802030574036000093783942660236641676098190535843570274937273677011203
33160679293863641899933190240301989621434699872482481535643157552348610951089, 72255763190751975899975087868155364843877201218061361989786501068811235246942
38474409592559692748550226550545200716818798414884307725663612199165813751939, 29768949443366276345998878755674884689420629139113717512621333439480137400368
73665058816104150761918883702678102457162714334763857455651546911545707287788, 13567447133842780489764496108682402235416328063915755912903588154203814221016
1338197280466262789590301916233451875858884061757807225115781869700179244452, 64724703959585439303905062348328637534763725452576151606986422261895428787676
35778164743049124804669659260859813574506709563320951663930375683954327001542, 32798849325892705844452866309057697597374983901537549476077800321927403970710
38589294412698450270166700886698520989565842010426278781170835820634651704262, 65823707013907573708085557101935200430458990239872342750284341193366554468959
18591209100095123664288485854075053288864314412723880144724582215096262870662, 17931156633875707033307580062351760046830736368852834444530144199920284114621
25390370841610251711691800339167820706807844911075510678843427812786775851907, 64509804592236518830128011942991782076387061305753320042206805574164898271928
21743634066617569558341640704152756050925441407186689718845540423182694214684, 18033618706645610230600096051683243929333533833874597484821393555610434269404
23854437960771374532431115762610029013148518066862885276686969422671470508247, 75102714261830242884773689490907419613557040033264320243758296333680560615261
12414850663430852299940532207191129905275354420478685794015215001317188436427, 1269134215685218287655204918659625905071349202823173151077151079962878577568
59430622874445278406011495515706108229904214629135136986411537217121319562270, 66497741638509396115516982218434473051623049401367896228406190260012161811512
19381374824938867652607440720154352652745996096185870429992370190354986490408, 25989522927794498581120924081425202007804629733659958749476079599843853147410
41279783489357902334694684615920869495057484902243811999531456994550126507089, 14298400356800642593260518137712071469502948227499780665258529269047751761958
65280844810529865989385015011489508460603559913531317885325131195587632479841, 57211917148134053309496900172514641717280938483428305991652221661902847715637
45971658318983073097716273809413043375160485023094705148784992478064920751776, 70749890729690192523560335370669515574500350723299678108849845015098816218993
24344080510472632053898029331709392069357647936617377925717810149087551473005, 62284843808629875578164799197173159154890314577388816290676472094704293048229
59701088104847770787258924513119015792106649074035192857853218751246558464909, 11368627093028235008741797496173704578365162268838698961981087079144095418556
1935457310358607520559986450995752820174653490128779307716300484083709640909, 56671083597667734000038803534467418376178217679900180508452410859742600887237
1682917187928488214247422596718205205335739391163683737028538899464360647472, 15231374054794039948850276793034204410808768451430813098042464112866683263723
74694043438344881594063515636127467371330582213696296127461133326819620062085, 53549704599084783121536639821836251034862843626906102017676013472814706888616
3030186336599720682705777857907068041007258707788852053655883324451315280568, 67176304565438085293640024912870125513285120794526352464306234688655906142959
62579881168481968325189466075165194689799903619410955595270252791762679871622, 48584453624542947910814538837330634260208548156459293602290079347213189007489
54961169426361977236196301847972975765432875474693869683255137738009960915088, 22972738191154160934383854349442070790630384219951133484411111776127066607098
74075060785111053801017770062171189623706829979213508307375833978051372820812, 33099898874296050702768789641122829359679055008020403267015728989304964654116
31125136043258511156753236202949784498036699465365850939248575812475440730843, 73137975488836909205813791003479741929268531775462756876474170565173002699461
48475107110299047104316738100045804865502201815651229192436154406328235401051, 18235875532643851071747134777541398562897950929531268738143476913157039431221
21898084124283524583753031121591650739215735829994556177029891163371769427449, 53470482783436830722649225756813417453965815307584071781115312106891290434015
57886588401569242439179224058358130329690580245903672614872856160254353946678, 56797709535650972458444323752605019427287165424557957816831298680641662862707
49005984856746337020645414887575207467342252791837171205037999769652138570296, 8189728551186492212230519304788359607670998930821363595048739786680066715138
16465316312873758641405670111429676002996225950713936031993513483845577270298, 22764032805891162186714296521072470168516931940295523251674697655478113493885
59632960506808523317192550452401685794705219866295589913532050377739360658838, 60655395730957774693324533145276753977418058706811668658679952696779959437758
73352805103031073415696663335903553278205592816429947824450311320318118683964, 2097220823769711060819041111695209374309090223423214944193798560192788275214
10194083838821843966409695315671017337908104365096960452376158508925788867566, 8587806251019067320841358010614739782782233530824593609195717223802222448375
74956270625364370118598219911166201580513025659529462859148776440133967958209, 62225941773379325366694566150109926967021880338177400032818664864434110719838
76014192331958315157727525202762455045066384438765925408653873785629315877515, 72507989267050398251272030243416159443766492234961931174573500288299007632159
45777831841685220132622179384483549742754138136001049211773489621524335423190, 61936452836877021316103591142717084348348634880766532239622734702708664227731
9464144958101125166204334846273119609224768052594525895627459376631824347895, 58681147700509239322726748104559315368882573596827789188798654147059261647951
37180730242580134126971754093085271916146583894248427328759194419052147273821, 76142447187003970057226223065474736335379784080861484953220151741749577896660
12461349495469121527871772010625829236608242281697334828361255790498708457964, 66656583276122470171394394757937491120195959163806832214262678040333095605453
732172162490259268075625163033536053846874758964062627739943150681620328947, 2989502649763990805188785559118729748595862851475980763681605850309002660822
1772998322624960986897524595182148111627264756051969513658984550128990518109, 54766111688502129049621603200880443923671596447862087375169819168111227834748
23980961408486123868128398720621142413141306981644906008105666964386173863295, 47497777791534783322039215251472869597283510104283100258453950619413088095798
68742206055836203332057319373281726170300767330930904662226049551464556249323, 70226525459797882758477902360402219292856997837828227661853852566943747430261
21969619132455869707167461083893636923070406119925822321369252763502002020210, 8711731295657756702749005490928679484137591727471351872572817396935781691208
62070847276795396391711311249823574102784515539750068578944920217715208992433, 23825069225754429250566740376709595893054786425976100120636294496316522194414
1303370380031221972269621104122876301109469314977964360026639667611767527118, 43537400940730359396969331215739301066517619807969068430761826976635499985890
7005603778293561579283982054406299220176706899593462404835185132620361585239, 41369434515968441454196209068933152436362314129070823487407586341993841382378
315766868904998538147887150558213746218132932159824314056395396299612676446, 3898381395030378886265622017122830298187754784478137345429357910759525707181
51911827116085894519407741906847249200343138415556581303793374038043716560494, 19717966385805442428088330040151907509279562978474182062021113697241280722402
60146268770101826323754452466205087432529023807867102431101829423950270081600, 17108446937354504434874178575337059790157215779740269684246250114755736921770
8817067979923374662465816452473237288542090025521895986966418353654734011048, 61615224793713831410094853847665398498696430679627578797007911033889923432249
34687854333703762485578687302884318235847292722360408399068135560665148791295, 13935601441559032051604516081950221586144906471739927472033719690664109207679
54521652231080868231689103556803105484873744823314513610982654505488160543048, 45316802021065625170896604893697880295897801204578031883166492335156597244225
4572013465352619882513915631262825634547456667775610348957898359121505777960, 4003260769248514860491849646630434447960807603110662830537648944372190240332
28971308565293961765181622313409127841263128532405563185156114860507833448, 29587821800047469871485081941435641152956480845926678430205482015894550501543
9070350557921016740018964210750974606387712057900790545956865812442451300226, 1595755231072760109580033809926757827108746014218881101899475108892088852568
36546668883754425109857789668590750318107499895038612715745483715450317331277, 55477573291498004508658585161758957366103320035933669701249023900932948066712
52735297095154499776854158204574924629977387804437467115556613057505012088453, 23335009043241931176413509668295604316657813877048738400216417106400003406624
47973870229178598783152620863127302413927765370922670519778969351377781361346, 1688499063087333506731825719779049248250444375158144618311447745911234981968
59108069376352505809068126330231191420231265160583537265762651806086957197376, 2780924168475082360333920166485295999995263096971112162290946570417944433261
595177953539489954793969703631235631841150940486536477056404504601353756656, 66444687319455529589705515942078804149271971292795605765144215015127167821220
22888897880650760955335972902281492848877239396915419456230855552454718829915, 50828525955939038336256544000369289596031409440845234364626694517438266538977
62518828419333044185212696153549952613783766040002709321568608262470898050206, 37110352146410238671107850928831559727394478409494193817151845659454540629001
49300397855917599197710524620779855830594431211321248868334078413684443466271, 68518628936132087672205705328897898092817639367424879187335950674029378308429
16246367232475534398550105499709843138709433253377902004275591600345193694306, 20963554639410219917499493337003113665251881962948068330777226340118559274214
30374604111458546386789131640474197587698736393322970920016264452034928713370, 57596072094821293348230478187847515115250129733708899271984185917429914671096
5594245323291619082487679635675771032160057502984014196613487509618591720516, 52349940402219642177306395779218777562102494460376489738579707197729083921406
15044760346605287357815362711480432383217246988109728313806681553636649007803, 30239509377520723175880941645279487156021821645583467475055953218108514486674
31256225787497382674097305892134345937747102573551052590263424278113251411564, 39448168428621704962471120455509102620166454707201564373012665293490400491726
10305525877380731679361973736698028149902118282793245252345495293030318384427, 63732759082574725601552036347033880978618035729957737780693767527148352358678
15131989740869354013352642064777054315835535439914895887648691919148591592860, 35408017529130859057699409858955015635117051256292024958926782246515058380069
32696067764358188363718406480502168827227621133568654653373209333684903625712, 71700415624412306359100527517749693326943842108373128377504494407549644973600
1496611214559065337534069142137571513633616577904438303781997153273287436464, 21771192616702183844706900752317137843855617688667082272826859087293946296500
8726728331197829339698055173759352618349798492329730141307203850112386293020, 19317962521143655669331388003079001094328226932432232337228648107339928258921
57110301911957974635745632027981963529060951592842386104264929900798672268474, 76488162055299368379357334387944292816922644993746460748089271784260630634460
64718608843572374278290823932730003268518651122919440670585100097909746947772, 24765588729186268175091345337712212161722779012554634571065864537124756728442
39852943370131903456062469899545135365263249980466485390928080518603404778264, 56398607542513578083008272563620188491638548612632935904068690104189927351935
41819344501777873141749106649760005095878702092314094123708296776906066189243, 2111775848469866885419769621685437911093139238591372461156000082229280575949
54673023204056947926566982182479573146773812090790190360070585762473288200902, 20551548356634059072498052156657038725793919663660095719576388079528570634788
7053870506373914129625045754783131774308459608634961925998533024710679991161, 12846474592425268306950243507567114231182443349256774428040841122612045957682
60013768692843358792654621019399155650927032797037859670834832016085459497546, 53273724637321241569339790612423176669397864935655943532822422795825439676795
67710592264791833301937936482988431489394656570313746494100735391377303059056, 39447421179445826715521832308617456976883649184890527866961561811048602869640
4875144193352553481718136093507332948069392538922492553207504384599912441439, 28621952170144151057051087536590664741513194290241149436016132328022464562079
75862274338640481594362623245308398273484706413201388717492030758562606996723, 19850709160740193353036352792270300794589810377679176848811827337385600952220
17152710232184109426345319506449774224016968390824519991646028072236112372060, 24358495573707616082904116068844639182099073407950625113386184659360673744455
18733975195114054758697433164363553248344159009245879785516550109511521376432, 40426095700589393304470640434478890920282037689885667734725667758943499045788
71411623166384311696210762557352895318057551145973372424203263293504070012389, 72400177938182291295512935805614505489164062946849583326648817130305281379176
42814356633406162266623704318963455688109340840718956284823657987193451432578, 21882130468372896890777025244482687804733129070856867936158591308110468129800
10949210553842493972509669411221409307870410334920942655699163891197139624068, 48112855744100367523877390970981599372519601718885294376242819246465299490542
66714417074493643266670892043447827384456662577404310972737022822257702471919, 8386842032774392965959934585751887764555085933334748213235074792680225375880
45769515904661954313635765611150264543635583432589699508096425143096330807055, 22592317764197477739267151610796389034075306698771658871647553367123124827304
73299178160381100081652996058033154639177738832386304614283331511679159698814, 72944848212921137615981799943152670266306353732753291922413306388456590668708
32600757299581358662264591314390133277528413997178615629571572731182637479927, 56633663492056311063486934046650535601641713021197451617393189451462661850303
45694216312785171151927887470351240737691065372839902969164201342633152618730, 16456167153262600643424391536557071509044091614375893079580102171109565541136
69784735142723114813889071196336364769531608528677955436666896361039832779323, 69647239630142894313617086347002533526442699093820099314947370478507370658484
67796794515934973963689846946318840913885195736457582127218090255486013756512, 49602647778014461315729624476839099031672777956435368980051425336250648245613
49943360331838158090507711960348892613467733912201919879472402572981865524134, 16686192996754997690923406418611425090737949511380587220834010481107034566
65373919284271684183766555325731195283282693655878905301283336977557007801581, 20990671023434507441839024803274611943808709308200964651750696186908152707610
41019112746115762808637871592189931191799240932937751804012712779798509435533, 56154310213756935532186539892555823209301941509017757269261448717583115315404
17980849133881072974488221533831981716939901225316490638070454118967473162707, 28992784409602065160270586386451148297925498871691568008734116863597047267804
74225228129331757139988262928235401524204252521255538456532044049744563199633, 45385194391998462456400396175816122263585198334724417201351411209546902642483
1221885560354255965211653948949453478253465686489109505035349277004965371984, 59388995258838542519641083869566047840398580437333246966642942112556511630632
43834668175115261623562974025747694578434329635171244900406888298844660460277, 11304297162990922828093413380360205619523200049098604003634576685376175800629
5523614824671001499703355655602837082796293383102334152379656148300615669810, 15667037826508258730192452471215413094865971474363622412016136661106694599742
65692449335435223365059826792725304258544388162514555020728156880130662466581, 53598902240725228743699668701130191837914597608155160115373741663995988410169
37439140613243799355692043756728597818058156050145411999162667964894836963023, 34227654514363218429976101448753923414119793260200394892514302582908046853687
8945915834372261830636242746641390512573478075628210646466067586311857547871, 23576966166819767686220183702235870835518774870343108090852041135122866627548
46790921671663403673659898821590102189330859810783447033187112857234841610916, 22053087549283623755767942442703781641453361338818663497838133094315703357580
49189242934567324226607700776372612355283490413352560811156950453359487773309, 60441658759646500184041242432828192925122894052157467201785915665835942277180
41253078135988130040900907882285472666223625983206508736116885937964481712374, 26515649559188096074047423610552156713057323883738665342690375926084851424063
1224359968946214179299461777072584183735291965210084338818853414884493126265, 19542125981171186573058123421347261854533636847508895045330550776072256543255
44934944902502447350300160891699941801572552182258114610417139491704820109631, 26387231714322760227393583441910983422123166167594031977254444794367918020348
62773357624887329200122433215819677971146623996259282184258017595438505838836, 73593924488152677435571473819213221508475469718923570016247538694557150648309
59463313579171868978993789738947254489982335221304891515873617165973403772093, 44260074725117261908658862176864659853410363593529708022895286738059351121354
74604490229105966010734175039349042100441187699012947126954289228922559465673, 37894756130364386672800219880569844480687748452556046111793997039732716549392
22359959248392584621282893807206548105429341921847295732617878786046912536861, 12020939994278872213830451936565474212272134628016025593512036840054340988525
9399055548488026966030955393622456689426435615295813977846751210333409555410, 61758126361230580175901701427817656103283314139590206105056094115043491656091
63595206135040548435492131272518307303354673259245405383084503707083889958194, 62935441643458030316197380825968522407302035060700121354997644089239363465397
45665770667324518082086003355127708386132436357077303270426625950734426845081, 40967973304733995124365640662279895859531137950933262724435034382675618456929
70580846960046729418188518065060370468158338179657926288871129446807448011292, 60196409596538749610493346081449091422351856924629932903979205531382206095677
61810745131303137362062377830814229741510359064024989316422785872694720733786, 21329096309634746486963859106577100407013360026426897989750874673943481768292
1486368960364205613419792911669967165419720833784858421146108904195345470272, 74240672121090344448848608395539940977875935871782752104219053092137988321810
21593349496825197425849411957153220808971704827903351280975724447333369814330, 23550119526191218492042220235629020367156838560306033048606114752966578104635
53704360097436761542015269384983701793245605900671713153442071081782094200753, 30803384807495709141693899347320641324683442114114227463586901265729680260828
67407733285125007123519390931973052483848807127296405661699321315371576017777, 46534114633056075246272679079556254091571922943345059996232966525437317818254
45535700950941539994789876845413808027732825089728393447845474084635725632, 42548927273313640737225861977790464680076529345697422647261340389121237221719
26000425210058323872760855428388697582416058049873842201990210840817956206418, 54535611470456948148820527955284619965771501572311710074458218330664782076919
42781397702519547386821374745921922325945809803989315192850009300629724823533, 73957604666196574878269716401989262047772449053271251035072078123642859777890
51424248977251839303419234632871958505430658353120335933427294730688950596896, 55741570975440209614233056106492571223971218283798138116892040464568429382937
25079072905933152175544133546761055824779237500004492342734668181209138522259, 20097735447417525573405934290231611102921735667221176964373407731830817274995
38939948678039683976037243283844187241405595729061149794462574257207081750384, 56491127039724567780736028124599319668735708778830651989323925705683011585110
48741959944515322477372764974438658483732891905298216464242060098166055168713, 61058557812458426501944775031357521016511187258161219127152763096263452571656
75639085055124609758709080769786029817449854584337625249463386249000283069714, 74496381886300281589955208054422126989736249775036919755662247193368850343284
52530148951409010257295381879589293253980341322184976805100021436259685839355, 35951993199193566397649333371792883265979186292756701044085482463148720712551
35221016517768586965625037308339498395661960295812141924947447318575017046148, 10051049001985481733360970738595833255100572851971056649699157921817530655688
23314080581201102985164505668057830644453499605909974948210580943076169015790, 53988831768235978042070351183050508921996840234336050328108707572346790454270
25999517777464847010232319773393895593152523312813365193245653877291481960656, 33529256299303607753665202813588581393201001775521100464826666172665973762792
51954444391396950340342056102023897805190051413899329692875339926268159133765, 20826942528752125914014480096182916357082628442435164299013516310001852493094
75812208702653318538732042311379349261348465112905277558579824034986894878995, 44243785968259887636617634440098878380539101719119656811268753859664560094981
7305907476102950490405698409682781920743965138951112442798554819654856435520, 38175060354600052709480046654106253653105324533989129823290530075086430492308
6323163684707322169093712943173139208721341754192032015402653976715265390814, 21961261221870346421110157962246371652960357634224793031608910848504126781664
52528587843864679356431672378578040564287480278068067843807166077374317725563, 26572982307164705458097310086602824133175392285449898476470229390618607446225
27706263236724819729070611810914395066879376150205022051466739835960611336493, 12081012441265160400164485682066603605848973337636482465331854634495455225661
105475970363019060446326004796476385296178873593211545611984507770082328282, 37926687813822409545989523346556065054807713618617516784204347413769114007783
71968363521572294859289133055346943808936251010576388490499200870712535296734, 31312361251930446056308064571288470287011949348051085170155933288199658388342
14253815590748717081857475894139432094988089044808011959682257762556796670986, 74312732787958238757530235204734417616198520425198400935738118254159162862170
24594389833229078057517232873278358187668258410363159832901385900597403392288, 14907785187560051007672586635800131169535439331556583724392904172209371350167
6027150767364135754687733226651947716060711059147462129525439632875447398766, 40482266541080025279572774217920498896348578357828745033686878382339827336728
34982699352431160769046666726788020818009292037248821878565254550335746108992, 51747993700549913382384069689935293612445918207963110880814701083138912892032
60233331391860643660133731474511908486802977276837863338374314141966590759902, 6549045401919064136672981885164027074822138877108871921723441611468131458438
67061497766818884151854691529694719195209015634759629904318782013626022329326, 63089129645834595647392051699110126130400421458835620709714236915866650633048
35970542969994485850072887043676007504946749122708634440503343571147734512374, 18203567006963923955126613185195775832648929731985064247861323467466426600378
30327935361511628790440440511391736287676015261721056896081979409045178974140, 32179136923419817348408693752424551034071642571317477493290775007355106815990
69059629433559414974954894314674579847201213472890708009638706336702533841111, 13703911521090513127242290929758627504608324516687524457369228194559140618501
25646724792282321598547017901036515884080197135448146420582332497427323417634, 5350865352434177556925456129948604968274787485363141799328032578117965486654
6621087131535739750665522300370613695631571566458161426768460925650037021339, 34147348154928859930598591931681262554199716640302057497962567764388036994688
36307668076844905765768388753184853521465847302351184804835602190106316685186, 24650943325991592581530379767520379915874570071355697276969669482811628408853
66811216476670419234939878912061246974233272661195186940262022209962667047760, 21383654930647443811367614332297975843201857908779130585999497342488565694584
39800948823495698051949454130012455500600829511966520628727765028298267176160, 44615616174368118014939703637135410230897464706000720749905221645361303232482
71042865350372210369598645370360762412663638343930814848188941770505509730267, 70270420437415636955316726324504806913752084971249878975468620204691585562294
21119964818722461225396557938016655655662114073678320610219369907042756640776, 40190405684229329290976694182267281619466939211695985154973682988652992715846
53810078361293754847828900101345337274503187854573165710247887767642047240056, 3645600821773080843508021428848776727548989137476543761671953624200455967581
29119067373456063325583176961730583822874407986762903415884850123876791555388, 59610873199440892824490392415874163554652231771870200124036766853867642843080
20580938338006815073208670867113583869306165444465749289728339831204750498691, 24616159319822648407306738183154545784246446014908217423831704318727016781029
324134692332273851959386181784116390652367611701567390166163261464705938027, 45106949091842061665497517514889619687246468269273685795746895037250771890476
13606471284196663479692403507379786802355315264092440958569491888013184910081, 20121440318356175397387982229261193755421790162742326557896116382765700415578
24465284607027274801997096164949025702995186684135424740591153154067948908127, 8917229790611032922829349516880829655216033438702527431687400920111511643613
10936284350304550124433603612740897978430097460379211615223482514706747017534, 29811591982456092121063992043944815680787111401611716162304755830144934302299
2877544908655697993077841587937518450660741024860654365249470677444774563592, 13702950130576702887406064604230993156661933839445805007823742102226453745549
4306708751376106058699642282868867674464556131889250925776587945272485273008, 64294534601067564421076383128988650727480389266358277646483210855707509917553
62108539792696622413442515004874544743134934412178916350346785153832663247461, 73684454417549232791596184654958778843178264167030943516534371253078776975301
66229385902841418074339372466162879518384718238989746054190395905063036401741, 186684946724322250012217538867618113422267978568156343687639975026836251494
46900975477449789440919580742850222712475282208082685725628940996451215706402, 17641214277679563865387269799319574700159505609617321231662675451872723531080
62983631960293093711265533505434216339032386883269460432107988683882914253210, 46945522092636010980092272851031259642000409615767033353200419122039536251648
37663414367695781597857806505723240639341915130741381714351583448698855388473, 5477588474143281560750311026397279331069247679703033266995988256328785373702
1559819587704891049753931131314692580214873655620242421724244055333260456081, 67466611727558977626793151141468400711187904530900399399340813552128877320928
56821720319666314130558208359418071478712358327903417907616101173738348026422, 22662270014383438647316746545891746905272623874898805953552817976075552356274
63630813789311351411406271838570707954108166726065184018282014445613769962538, 48706031941217201531526741541169438686921178768161777939373654677588650307493
70250831397358392781577350828669675184726099833115300922931174417638237931415, 17993045927387072837604435538694010079753522225574907604126758763700144972684
1406650196350165419436021333623585642696932854549228176486095882279686327065, 73276721141081578628474090038688637067175829527429845915955926350390611812663
60312138434686265557486769020448763496982421340793530273324942171964079537189, 4832166337994178637682628169054725799754112998925554711400054256434013018876
34167133355818139509801298569265585861828053378159637095752318476219208943539, 44797919322527476996578338272932771227836951609215789071570696108676659356022
36818371483299021502044368775771046764185774123619187502184140883988245745984, 3658465454018834100625474352449918175283455313286682870907461907362062955972
30236026785130610605227704233983988289189110800436056050765753527135476720197, 66080107072818711084351349354920369585111534241111059514615143549281143643438
33647314889923834655570833697850106090231119317220250522415393253859450644217, 20773857986974424588820485375379135681601202617768813019955935647254333506354
17855950448851856241923883563345423818098462538422789266479885550096651315072, 75331806306781696500772655664592049636922711756942361317392318862183268524685
75323714734327339568491326393283367172912784634242294572502400507937551676036, 18663211952070337479632648054418816388442239642610633146368409818139261912351
40242281955187521297964510053433430460955326987536071406385937181094740362332, 14145656131914375339224489406989467477020561897002683636423532409717288016776
13427715237891639029211882418232928114631894447804947259373660274138961656568, 23634253165942129144802525601725354268036548459358713390407552465385002649948
1401124520959180775057340081147177997278131147545236153321634873045755194806, 41939253880143570433586325249949199000279067953250481877710858473357874986702
7286081818416928513280599139269141450507604666327488650965526667726777591229, 68501473900857913818121426072720513664775301340393021364185210572905653196319
45946266708728748305589770621668359898220728770053776290063312137312660272409, 66956422231569669765465700758175162341882831292323734188394966972547898361101
8361439200501847553360260832033008787167428755197827497904806557458700246687, 47569188495205063515814843448711393104962963159655270081839190836095030019142
