Elliptic Curve: brainpoolP256r1
Field Prime: 76884956397045344220809746629001649093037950200943055203735601445031516197751
Base Point: (63243729749562333355292243550312970334778175571054726587095381623627144114786, 38218615093753523893122277964030810387585405539772602581557831887485717997975)
Polynomial Degree: 9
Polynomial Coefficients: [55, 31, 53, 47, 48, 34, 62, 24, 15, 14]
Public Key: (28758951959763420450292155691905261672907600308444410792492020108552080895009, 69620704927908449780683083668800820037461270306142770933339237108505436981378)
25393216345680044324952013613275045879563783152970054861123028653492495145446, 53105253138374149383433705553462626872723383565499669149174240010336541606970
27014668656811011026155298694613101244437984384886434393198121945789031400801, 60340776636115209218018224462363815533423355941531872558150642682378336290794
74367293628222818082921199966677542201327984413636366712957188032832375154160, 75460214124483120541352769876591947765603773345835287476417279335552571952094
72417901304960940711236988853015285254112881706041633404108143397468554704306, 50498897783653906118762258290420304725738709352478518059284211178973492834531
23274973061649493272030451468254104816898078302562338583359168596308108747417, 8883434648693737827269051147750899628798588620765211368814359914845586100134
64778246836972108856817450236190507441887564992162664050802464908010200739411, 64548158556130480070481089263238791759654076623458833303441063070273518879966
34901222755089601123557912332832026196301667706358103432504799643078972113116, 25961022018806400322066174204974507482408526164781905393759391086941660228420
19414507014184170898030508500154955142977103634376413215612069744026516525614, 17503351481421305676407850081370697537562282858133085998781362128086140589401
29158079339599192589098139605930882966877869586542083966601885865021053317898, 65265737249158182961272635058633176831997420495675088802938366635033276134493
60471857994562121558231834468749015759611632311521271182612691453462879154521, 5865871222303181111322013451761176906718425158724001095596109581551295075623
58406840337706061394082912967712292974071109336072523394605414379402180548542, 19599915798916248873798004800174016857878870478675511467597826375205238567504
11780044516609916218169490378099420264121882470611677575328661256766591171067, 40067053234755307858306005608033615858378787783382102959275191547432923833290
57762774099403605146959926863771110553754216116827740718134078422955003607212, 20284440893811673000186401174655214456905733555066941512028055667678318050482
44951127040474542373694474897012245209835270710790083679947176064253073407261, 61121026450373393696021005739582410089437529165832648581566165504183792906985
68864238455922522870430516162446799871711757467651101281863934076299260933229, 64895788094817280505827706285467923793108396365678073029164517327774786917243
41749600258249293679245970930062342720898142011104970158287312283894357305165, 56352491171817557900959628032375572731091727533096510807564533592583978108940
4395742571379971204213216467936518680682838113465996132408289661569688874593, 56121079945262633068392880708942332337606263055280996943049531638989907022455
27659438868910336353710112849386633878391013663346058740389252196805500982587, 18122790025778826597371634188015367950748270078574404533789703949920768555217
37071255055612279540692565066684983944229526518171138525418478983556636230158, 43314609706556993017867710657325711626102819173761898288021860674962601120494
39416097838248990255267053214397843495858921597225118540191032802948805879882, 69256715296738811186444962903469061553853082330700148106762324264311356380909
47735277971469156492201741300855451372923238358932636678520645248348156171084, 32270326480039827292851560539901819947150597923043806299911906612352004998377
60295627160783655680730069249551384623978735005200025837606401783819222118514, 4339387169642480310045510155020793367180999016227474118230058008459185513822
73104577012322311740676722996593586424825333466640503429310021707472097602097, 49965555169576905250617885196912127519911285546215383084364318003784245404939
3369741006120469819020991928601273923190999223600517625021739841030692734358, 35241387630018499087002284544153687281089192071451692311678398667100938839739
36323852747463647359199069892132479439014637317087443299444255805305803282314, 26670965424340129632851017511636220086512328260234632190939526737256043420276
50797064017752728582948773150385112430773321055081564022579128176900766488124, 52229160310294719762951023795788406278885279985220494252201953111566766861198
55588748318331730644968014471015213365485512758118006337715323405292305789018, 50140263664876305055729967030691274334607367218297838909715476225397741175472
53648211182079103163116846196698227267373752137348276603472095235451905353582, 31954257685424863735166978449747117882104584880661674096799677234772585988860
56283449112370639747304120920974665153366291662348594603980030482904633778256, 9342697134376881566707438350219094992804777203782123412632726686649708916629
58619985592215156304880221041721941377638573061659420068028321011073878388257, 50325883620637557551578248636897851880373528531443776195470301160531622269259
63078709947854753987494559586444336421792952298732159666641492096636955281804, 20169836298449506716193733609143729071038514233666417728095247574273621622104
11247388852385712909331648940778569825690021971492517773418019592704596621738, 62048946121513872460533588875054192660525511269616757061221819924689976877614
19921734227213592780485150024855497368817503344632925542479802811493265296831, 49213051889031307440725947313249231880625082288742543489962508706447982970031
14482772016568887840747579391363389702019243873538296109815214522666438758998, 49828516728245765108060060883730545299615490932935186546401607238718033053581
751357933335113477254839010411864951736952360961229769419616141262495242358, 21422165743034745380602725618638825677065695281584041411915574486926287507750
39664109793932772004675996401536211706694870250477738495462115059330000823603, 2070817280944273871585429838806768692253518199904502463160525693176081609492
38482924558065430613122397357152912988495332323141521763241704815483601353722, 54400841420106914758255635018167910029734498920290615878101884549428073324199
33034021649347894723555218173746002852594959346236491701284854211964470464655, 24312870649922664026897369920445323525431756535724195084865324218045696253948
37980591920698878512212289510332313325287006145899382986099334793596295330029, 49991715703766365691258474630520596907789230511252267273162850010063519659924
49408596483162345039335344108746955907908003416716446006180915451889530845707, 31944692203818878721293078780370076339725153054978887355196074231897351021045
72626489413561365882501709216997626459669762580504729863496957285309853244095, 13793890236807312820591466881434225639823746672587694993980535428203340240341
63112413915796391844350872578701954273794502525627162995718597923400055822888, 61134008471475812517209814312372102230184391543576600862749560018339651045987
18537813940121275958593869405177691329408363052285616825636331780642012396913, 22788377590378849948890642713725266365269875970401240922740437360528649610743
72639293318842424136385463501921265824750210966502398792667390383714144742456, 70391720319288920822911114821434218060609995598901693565195960184235700155832
11726831839619880913798721310482685354768501469196315014413921381912006965941, 8559926524423190351243909156159491209593281557227178830548874355862770791462
72011890503148400913148955166387667562033670146928186767391260118923881198233, 20353007517906484880992166794763181861436899947729548646179187412659418739100
10596856173954967996983830217600713654583772058495553953785358416018753858516, 55416419576826176541735619103372891364447833004529305595943806224890360033975
47981330330940579087453425144994463904636032504588844991126604598925609645178, 52958344117942209797229280544965865693568050060685756050983714527231032299812
42893126239237950952526898454557491551633923410230972078914878214697123431160, 63007027349025786497808144089613446783757121286225758281676838431695689574263
12504088449324410920715645571954579305037774743322934222460857350245835526946, 29291428020850406680350309074311847794013127263552671209755694008596658457184
65487720354033798822354045836080405445245645652042828861521138846040527112392, 28588012263012990266168516771189343638957642199096871005219441983255130611754
55045356912526579860961917890001920681259925849639011987080097386234847176422, 3460816263920760884412941774305151267196153871710946599311434638785225695767
63457151910590240007367790316372230720798878992335291861816800335831736603676, 24719848011071207178653281372358726819878705828482396514409725307930975235869
29618282311764553199614473327092184544220432170416412329327359350513968528368, 58682683066548799408125795173833328191768467819809831882975832919516643111752
2036783000413006969748156678074835470315068170260716972055401884495082618397, 4962611239997990593996674338071390994685925972398352628018066764910987975267
34197057738802336163166055590905233884411297233935987163412413450087181826256, 35741697302991516675306369997804966802497188709666164145731771999337141250357
36882669606838895763929433119482626091160931325253523683186741794672422585838, 15949165887451595900061600325089926878507213447817494814020364585588563534752
49804228988165749476029978398254478271131124233680236552142935992557781745507, 9246803741399397221765276564004431558957692013869205910095024994511652832039
65448302153430965491389101768203198130808425674794126977233359529764626863972, 38302215440621583558723454002227161720000286860534423838521047300362543270672
69471368850557632161699228498388797976639625744661190601811445871794568724163, 14397265163392880137786367556707916055770008066908056210556664959915878136625
35778339318146847126188046134544221198324853093762806079131578236804232109079, 75502153916264722779221210054419504063414114877610357209012314705587577390253
23487891294181935261069395228732760115163987664650415741370541577879517553340, 55770749460541029142190473002864733211886842669748254731687554434468670068811
59621739676196350079240265546098159768816363568502603666388024141380627243928, 13839788155134136131811824633591663920062989923000469772803735060695282668510
75008469906693747481590973753073826864460436261546652100124040511954598203290, 17428107562789529569157834299285536079995603455876108730699746406630648396407
47670690389600438013624368761504940871693827769732986575486875453705394736891, 31582512041265391927336702079402501481817735024477958574353498579671642588180
40645918614926230482470884122242525733085004032214423814005031834213189998080, 15579121195796874188100162292663574648231915521645580026206525341993983676921
14926934951359129360451749875964611810034970476623169105110961976005135374322, 19742828745415266618965849446000702678685266160047054911851602340828115898195
19075354033271961230041686655195822103162082879889341374147332888019193457437, 42175128512766231730717835749405484529551963231584322829948955444106718021073
48580231930804444478314596361348354488778646327328087071538765305207692371330, 16111904007840840686748678642269065935161936619777532418799181063226243148971
2291121582770500747442033515972061801424948517631549179626935964111642814148, 63898468032197911160056578228092752971998981042229073809211850950157147089339
18041615580623082426814453518999249970692758989219991799949928203459844214433, 54795127419445112215062919626931764054252907213097026955025100982371825224991
52934031008292235449222424530907971604789749034764763483905827651546774045785, 59246012862650853860119901780947503133590017093835867291091960720462531319879
22229741731524955856074541367112710303768349726151791614083030707996251993805, 68100316407140931726504722152187834824588526625838304190394156740796222568537
25564374057765151372467801874560369717701982285909945016593498643311651644891, 1717747842315100693576322310614187265278523200810604363541699978465218610722
31743488875362082818535913829798626306436727083821985478686201203860778569472, 19791349060520747882106743057851315067083154362517199055152220467833602984477
4377569680817631198161337556935752752292292826995760545512187169650972278249, 12109891483900277639799091971627352329305040108412734847745489835369652416063
53986526547648851599364495109735090727263733265190654706866433307360955117202, 1582937643642872345788421357681585644185348555594208342380272125484216364301
25735420410284233141835840419875485187813182224765888985149908741963152795619, 2162167622108025877527934246475991458510720644682083934968694109550207548533
55077596430849799989944770284687955979640891363929594763994562818817279783078, 76205759578471932361474641521772474627110278166865441174045237843242696468199
62460774088248036226056502055251104456851638015030617022509030795116028720968, 24003886306375739793052112758068793057153472300716196501309455235117014685105
2617008889172107064186001612785231651275969179504365144801986956741351460385, 20380323189343157451796792322249306155863069143868750338310052126735030577778
27196074665411734638199358026818839821947030198073508436622374751674149568475, 4444002341462939999154514902340088287063163289732513422428018815747930452212
65931371553839553437687569469897279442768114792016240082202300599146201682886, 8821988111667357613656678858494993657392212245127879909565105537385882653110
59915193436662919527669402667496430591137618763031030607032044112972744478647, 73671886246548660761719272345533691037355971235240471407444730599664715530417
26130475564660273836074623987046615104914987241981401646321991579619234318168, 54790222261557542474059899750504623495205111708434132773672570985149324969458
74422806621090482081732168679655526705003015366167920657099002090928496778812, 58285278159225192962176494028870894815977080833399167121439488184874972740771
23532159952492877453019138490733350743633038962657101655876184668577060701497, 47806911118661047120110548181755590338441832802688740461757787679481830937167
48169076983146555664598371051476255633771123574255986398581453801952518626913, 13987711010274447539109866825664274448607748918136824944111904567956502622187
10111084228555493515673962058780722660770125628509686501755409942005140985396, 8635165513717000227054966120079844910346045378620039927038044062318765055710
70245438907668343724966185710021668255978839857274047220800994473856214889232, 21268932471247441491138065600900241851170762280078265374845265743913994043473
19636299832824846244424929158117181102255287207115930662916816093074759773411, 56061326434445520964877421571993256606660955831586042960010291061839296568775
4773870833866623602399105228476996281693027957396391383218563675215138545420, 18498979282486026174842033415953893123701448568794637030890826596503104215522
72371566718696989544811744760700136556419207940481218293125442416063876321148, 60251725431110974378421984018139917603617976677551610406225667180269697887640
63633071279427822571362316038665426175111417564816632080143880203759957154165, 74282724301207376204490118520632318510408943500888431318632652621129406753715
9390618454286055574635673518583000061288529581442873187972808272953754797547, 8119397279186362244707574954168104759875006606747172952691987819826856475469
2227062376999713741889702322090683993590348860700653953011504159219756130685, 13968218284298923111156960206531962013355620825279685411433683564900914137645
72660673026334663584663410935529261172540714523099653861498006820271499722634, 25850962613125435797659359598378846422733675353400352254202693997688007295123
63574994906661286452021863333413029767012268779242984333425042894429383778741, 9950029057227521659085110395429975005330945561393307844697336279412744264134
39403356147011757518934181791102061276665083414213696358375027842547477172366, 3746638694279913256097914019430330355977479800431089352643824768781389274093
21962466101709967814263612789808151454540689917014279778635830527672482344499, 11146951678663393994023991514953546320226687052735649799274065934492853756598
44859238274637227941477329114166504398421607695336830649563614803422433376682, 50024544250203640819444984504856772836421716771730967401034457965187470583509
44712131440420499640480854033255404581962337226700711479596675116650873736065, 35991607458130082973552819314302763790328441513511098858671011655331355227103
56397667014773649226598729833821853577986623049888611572071358728156711801539, 5875973168550479610360514625742070830465121181980146741078949812307264993571
36568278844328448010287133776079610725366245503097141045892547013903854371035, 23598678253467611389642759724167048353537437734205607040730147105808936720091
49583948134152657943206355297752374746235769007705475712561397996594247549328, 21475928218679706450937589707568571482850453920998590157947775354111026925344
67847204647333815743318397543646289965944692403225200807053454847203988894583, 49953955652166329766177081028880136119383961853042036802260214596237319682664
73411708742740907878538426376825487806594409146743653962361469064683726804947, 3752423242293415433711593647699277651741061947686703817710890024007363443050
19062766582960573941407009108545290457525854867537320262503445795652292020331, 9889129524306546257318194276261242991437886018595410829099248295990655804859
48288972806712332664982789690492094207238107780527438302960232096728714694551, 25901080106921624043424415040305723405678829566520648809016251519908469814410
7084665068921023167989438313017389309840746094011026220359449371913426395546, 42087005868904154568493741474358307459837061136955413132078162729471192454663
51635577024855521326906276589368504321698303223355546405134864331238704654367, 25037275034908394762221738023957506631648662635817126067245813958788504880246
75156986661823306131615496324937613260991194660654071952448179978086152581919, 2607502125051098070435728893497779234178376239448073222904949202375632050509
74707255315599321588786849875472871598529560025734389378362721289295739942382, 61641348456389731715101899354009760950631125832454546558741346139138672678769
17746452755450107522190004755937591805042226195650562320623395394778605249111, 57044015062412333202022612623538313649886367250262267702650522334478924423699
62503086578022127347502139846283918865063826597207605135392600141169845597793, 19780165863730319423303698092115556968945319903718550335855609941825149226467
53091066458559663903652063464913029944913506147242816443861490060934535342927, 68941366971693786351729377597786534010967144899607769769995320870708533730511
58858633595572032911697788281454626796501988369846888368385049801981483467511, 24592959990244424744848840381521771881182642338124526717524814934219317128849
27059660358769780798267990267910320993147296308574441891021390236407497334051, 65438033686573715051045878585511018574468140524267534738920747671230188465994
53324338341813757860436536001485570625349043356328348799328031025539843753054, 23100462497257212265530680453861846685570780805922010612320150607503915211882
47784081286880004914332012572606360733798775905812200393893444721691906954404, 61427212748069367544891570207529711008017724837369778251500110911189959676797
16200884208326459276792673457593492053456065973545275392421546559950622661044, 54708244098793619584066481487856961752230657842862650900587106207589186246313
59574978377694093609220532594551196750501829615802419807531410296550759810911, 27072973325570158211768247267318681208672037844568818414273532047432801886476
11827442086812719748106304985773279379298621006694001717271911162894935619188, 45217483931581887227726206103023270889056930293314108720806165562132452410525
41105842008287402019133929915896514208023907035781232161280244144525134826802, 7679503025388999858256938391689921065250533231361192505700920016238116470990
14520800381041426518961861787612841941379117598142553281122198266824009704396, 46699652712732874452392027673007678210631848574968952366161237477053754691230
69099582996112295913245084922445976919881232968610211837213075959405830850220, 36539928444032591285095347387180070482546741965881902317481568336752836685441
68955614987455688955463198927719696507831764607568145612315632200397138308479, 19661776904049751183380385736982301327681804252354515496939921447725678446225
4448656539470833962396221750173996073864773692437646972574239925586433639023, 37637982325456149212806905900999071515118955234349880533047194726090995558396
26222483560245724135191066718696087443892825195830443038247963203701878526812, 26586968882115500380562001504940698261513488955275617150377962382936800216794
63739174040074303512784138886721487530871080250427428670448735891514721444839, 61848721536377316697727826272161770831077184957914684860693323590672338333421
49434698843749836783660820941378701992816412413309040615612623016724719667093, 76599628869430785397471576750867296223673143494003966948606848714381508370912
20054704983472429535778122633870657070800357356156811189186163969568658830227, 38411843182637376121435601144030187469900595353852321628046336784436056612999
69175547288121442066693828144250080861519224660565137331642324904720665685393, 29796127144055226898559113969764541252699211683637457433469945498508671279889
63561159525051477727031755103194785534140550150689667508094452366645824449383, 50266554410764087693127843060650175861127931563845401930315867182552043454732
65150931761403307138762724548436881516042769256201095559372590531748979987298, 57925451284768961962635228531007143746339831368057308048385436083510142617007
49447471770971946459592463586599715375120537323475556590770014951764944155446, 23067744101624018707605755086002586267983409753368256112085763654271767175224
35293754420321715477973652598775864902269908069328270121864695360890316127542, 57303245800501517677372912401735060255466275496902859755976335791545853555925
6964764477432324117267687683904119130546822381120511144189762078416048782456, 74860107381825972970045711156272040888363086790648202285552985824682644543515
29077414257968700223569364647947360744655918485899764569598178825625105431152, 40575207942299110500824946699512463085799152339356423847251002724070392652719
7360926632041106668052627544555093476297255564806941384810854526284875919470, 68560640744011905815292526953218123617819489656927994422690254575425713223472
29990677996586109015861521125526914519060846472132155255541056216672977830708, 70388954911600274502978753432182151773872356236432610855024421467157110404281
6304057165106702507564826514106800315278472399946660464445109025716162194820, 1145831427446999656107023783971603848272813060227534528508318653820279498491
58172210935035010537693560799295995862886417378079709882077534215536607493601, 10618739464625668480341561528250632590351638078616115071295107981829488682525
59216792886006014886062042609678992792356054319499175111036577570644081635899, 27484827967711299720436890604250229367527282295161759648817635607556335581733
54702666596652872891470403475367062620116723021696192589881360292981804521554, 72938114241230368319298917061087773572956791965959150897491977486710404904282
64008108949303705058851437065696739801931759904080982525703891836824142600516, 73865007167046053987730627175072721680699423243169837015775274626139495262214
25643184893542093044718278043560494646696743321837308538448835817103832751670, 66715130436300358142061999853717049243403315030997214088897541085541957960756
4695151125771008345849503689100994384572665038348704969449977124888993458638, 27861774417802429462401990691664137486691755591572434550997561820559741127576
58608239072801648564939995645798575317123522292507437583376637572069244280280, 74314683278207266205106633334630556133614946999311500839746236343203679374350
33086230469182229769402696718371562580481185003496301761233371750474779311550, 60323918122567018323917942415551807680020248842675099390095137235830038033310
16274415722465658079971339959622947432444895390162915532828028993647776867368, 76451134696589762738903293052146843862209090462736729823929593920967908231502
36261985116090593505177360882003537272246590145830505077421994368029743047635, 28509477967415085664135774112772517830341299598302297755282787087115315251091
31350380755613709708351387404449187571219142002515883391084169166998012707357, 72052970738137272933893102503654267531797228549997457941146948882461581824535
64139420380835667870966968892263257108003947465448284055883345684733836504709, 15409580992605907273465463178150647230708886490890904238347321136759229814794
32749529251020029151597731525655220989964668137088565462565820117495517553183, 51010431283847512177320961721782341153521712307618910473990044507017589864468
24953675866630399971313030351570528529849776436089014849952196290190825136576, 14016927735879178238721235913367488556370596218363757377297763504427500813414
5292826653198864164607196078746506735533174535370658036025736482675646183114, 56717919852310439452861967375337089763072353976671136952174616700523863862326
37982179772188885025775416029201912709379608621018934271082445729769669753972, 71549737835129663180866881940920299516989949731486768393899856961428419842729
21088459530273360873181173349617997478531304896788191313085904044732201677129, 2041504328291617608698466973216458792895172712796818058429793863371318456175
49393081611346532233317135676098252006352004684987550772921821212094574404411, 26816949934717698783505468109991994791599389618819414460791758097193238975164
69393341508634793734896349325738523491554603472772595847420907558022310186210, 41801141715247907796101513062335737953971117088105992961008281536749089393065
4552754127388951001514629095547679993544068295843611452472886817736976484302, 73275445746161681299304834844665017643717399656441491773903847873497762403192
29008182911119299926791576390699191671700592203314227430606564248087221220646, 75344384678187659752783757217207533784575452965274670198093080469596267510709
19776314565179262712480724964539786644703826083325574237716033427808488447555, 31554238862742959278032715740715159253225916997753712358447256948374404054722
65070866662410161697907618731311149734410519498617130886284131491436973650206, 42791276049851688144768332319966373370028931062718555120798740176241761314413
29472191251840793208309489291304700130132784201534470398438684028354322794079, 28261634603050097801127848528418842268017148058385840063915657457197918608626
12987121258517711617748680561833355938545167026205412014397372505178099382965, 72511876507082232712747637578904270009377460249498582517616437603648788368530
38207617378489706043616098222110945304355036866385304596301776640992730713245, 22928784909860845532036881047995853556279904087529940621953777874952461357265
60774268863792498488902385112859537536878940627640710739416148716381491542212, 29255541784214267894149814596835547200803051874209516337521317184952814610394
66110345093240776538114621708256059499901625015135679532178585477134843713846, 9181805591654714944536256966951585970224546503253677667151508655547829316537
9660352881980755563547934502182933174905027968550967550166012694580169507663, 52096724906847747214196032093179898957066585988315532095555070014438470469675
48256315817437077773069073368690152590171440554350744418904605806870840595587, 54458614458149230311718028910845912992254614956458610348172688337515181901322
36096974452916005320693344779629162528589385961899505503321421879072467065610, 24133137708556087364175502724694862814636256012000747179534699377475313773916
41787961528924864089726849820640994557470482431430383174570447064952827069649, 5031546611704486910524758613646477806450156885105327117720393326227936918164
7280051775404957281423281231564574826598087175644867677141523425615988640914, 23976854167582177493669508243974893810360986909138984381728516284010088428942
10951232986956114831820577353931395894084031873225833009187800140554831552723, 73191852664632804291527878861595245293920145249854948360981975512730024181315
47828854851243040509845559331626384265235714411531332336689120803414247673088, 2417163825097526506962311114695879842836090444129039107822031069107599906115
8097398503204806299244393391595095168536170046081577398264061474209756696435, 58597132553707758744850039065131189525113281476844616225752307759241384254838
1430148430942323571860919639411164791074904887165810389363672211961525817273, 13669791829241933646082595170055619398497204821544566319566199607364597089806
39001371976673529106653956467681406198052896662244158553348322765764892751235, 11512961260171174689402647096108250175031862120015016678172162299857654366757
62186853432952871747773572658483987347554499040581930478548462463037342681546, 55299640636700627313885693069854454622071807319915837718027952317963890024451
67308730916334319125669064968383409985706184303576632108693634662169291193877, 33967464679111663647729561006640709663124169785033098851722655188214668415030
46414953853919662727891395526732936903752468734748179687323582864506743165383, 63880862835957833484410861754781911849795128738583663884334747767673635293718
39722389853540899828215772693602981684445509440477940429090086814716984884491, 65446110537339320095606288672055527633819086251129986753513717952087784187309
46843058878629650602800824107485757024365261178616288384386186256657090991979, 52528234588794544809905775169701519373875222150035889121960194032373040323086
46243092601606406036655714542164204820804858687482148030800465703707243238984, 46817323915022362883618866498211527640593882095140086879473852264777614112100
34309652483633364573252422731089158096069658200086637831627553337982020394856, 73202439718717969978441875615362798306442259074258234855978393298511168063109
7751773365932317042184142377841109890691307463075235737690119395805130288759, 52872259357926182835927105713017567880743896455511830585031613541375293470558
63800786004125463300784685680139871486846502853345576281262152795840343460179, 18248224377036821425346961087861015328101805944593559869899235957866977610031
76134266815576053331534961000418720894565722511080856260820325469281386691915, 68928806609743689798114329525644422867960682901573799149477108206680654005402
31097478775625666919649414961400807255134808675079296849840763728591162406001, 28789483255155368108525347202980722101135195127591225535254129885855270520064
26582323338438484290712286113870406069282578741995041640097164264973612703428, 10476044442633001486793492466472596372545405198012213772864530009703410316889
61334121785570240560165486492084180884094593138338894992501945291476435509531, 34669924177728666345645693376985284073471709347913134718438383085762425141206
43759411180928361708732258875650297560991911282862484963048125390857117059887, 76768694718613465545514286570290275064596746643234944775961797709366292319056
12625294850256325458597644135549736475047829462742416592003165722805262588942, 39002973562649924589396285725443014270631469520118895349614707062542123823237
68797824306121984585414489682608145133239109870199975876311641334962756598945, 60053038359527765565730797102013932130089562384517840987135696357051448580122
11613530685015294417177847884214395808771325292833626891382515796210897100740, 9206595289411146124413800204237896418483526658829735300576591056740827284350
38312688962799746092535106224675397468315753216580197432625615219441601713716, 3588538737082007776332445207504001298315872688255528405359023413352095580614
17677493123092104992708323974573766639833641443568026048103933325196668138049, 62843921369418072699636471273566908296310750375379872871589059450119950785110
33949353768200686363225883080004200685867035819713227581430919233638910789776, 33763417269692431091967708970976019841350387706157823931224172046139691589849
49830187932171713665531835832886349788649059990360303953293857055875351690785, 22654345542888293935087058240416969223547306561086882110303353410297743453796
55277605026016998354980953741501044596787080673420577767597343072442924111664, 44940047566627907499420874459994442724667661036564806705965526333291097263374
44618112413488720445033660173825174492743122683669825993776620819638151194709, 59450983876088051926124966310702199440763277326878877614024702009269254221620
59884863746496942931100248584777643635447036072704910032141416331194946156929, 18672073303297636695876595153486521204204940171203390540590700827279084101409
19175507682766881071010239318603356255901200350080562485229083789653800181359, 5140181162619929713501052545931165036550711744483528387346878171159261321677
57315052527075981427806034940936925288675107806678744013386238139038890151527, 66486397007969298458052725303833369328710553517065730771990254179985091516798
32293564107057737791037822863334662529540887842365018660615339470143757043974, 17309061928297866056359429678008037879246056938406561771402002681298278056616
19779245838800309020710901108623076055840560874947683868933307983889740861098, 484142892962014525622802871243771251630989692921418399250684343864726719607
15809674457591068260500231096547884663477504671301328376470539321488297136269, 17248217966426461162598642492081323955413493822345963105111950906748085726993
51389146243388897862536827376083678283254968173174092405559735146844605960886, 76270297631839691957600868546075603341658315921410662990750508372816749756342
8546136483228691235175483695358970669016297011034592687138821792311304549123, 50944036926772704545192460582579252926218579393605835860190848998337621491474
71394902388815804779831233069397218166872228872306268441581504110914321470999, 30411037600424349662815170423656470469796821207498749036514624314429107610348
63178301862147220936969317616180633009752085604428964604294943695167010323348, 44324013037001514020680784489039927095651501517343444694155404937425539329882
70929711833955092944100183083952257457856234681360077725198661101941738379130, 48799130613317367449495016706793368803180333772475528481818228117715287001454
20107394630092028263643103672123962896421643772795809527284529447389019056993, 48785748030793117304267880584122913076148317328614423407509444193283396335516
45485070152949878779793342992719515901120858087624827170238686629911325842250, 39043915733269953231460062535727453173827011070675276688465551561127130180062
33052228016455625463116212920289317367123492718901424428989669389159434944443, 41391319075024696397844971131868497274848078446071414993782132918987644939965
24214857133495955161218950239289863591198760702042141288367379521669604437276, 15083348301699553192090998456647387452724512835932601188620123405375465794127
72016154056141874454421961774088184725326572272838313823157912078549178481053, 3228688474844130193687438903701537872010398090894045555971068211123732381913
25741875201902328145748219189475556597383286370197709307057563158419776967965, 67441526077147566151299286976444113178397940679198388805815303667941230389391
5234135201128166735744379914263935383682660620908810433564359275782056666008, 1114806111993675322457840290437417603215748017746836819697939428788704406826
65082410852981281121439062288421548879126401724409867169810675558356241184208, 17666817983220953009826737058211600586687974067064723157646279126899085439432
1431642608625054972490247134046337738768106664478109782405029495349132213871, 7892567648018052158378758855895982972718559490512971991069939663394409909359
41133893412910967998324611550799417719559924759231738460506674865580828666392, 9201460651296686882017343759585474553927398038755760569096072603592509754292
25523039973539905436638736970497071677756721059969727487753726146483947133062, 76589479678081574492740013941099760037970042686629173562396673812618943663764
27666798521387987983431647861562939999983435251463107266618851265235395872980, 51500842313121648853405201250142284876997529821046237822785371492614669780115
56171902097593119918771010933371288925999301452073748997514639865245933181875, 41278937024065141165045252597315766778884442666041954975304757030320469315475
18929006878973125043488254238143815721539766438735432891923554395853914134279, 41243342572558262061278100799897879066176420003315483602710019094205180628192
75492678459082056132266902714698516641943874350062639347383686803566883112481, 24608366238381777325300990040609136446686228751477588129746349044395796355709
20932028907251428849531264046338508283184068979112046728246440972348189035502, 74676773215303631146547980109120387863979696522520672611755189210162516213941
25634806803272123766330681733482517979478867310707071108848808290590292265652, 8018694779842726789853657418885569970621272004459185319014015760371374904539
55809039220863763316105875343001129739676515293718422997626863837644119858099, 63052027832949164665276709518083234386827277480929030341784582650885515697953
9911521797496061143099545642666673171950187726214965655966903305246879327104, 49593028734509023811015910806745329658698633573772201780765094275565360675613
41493471534805567876762838937937720494059553003332903860918929463236481492447, 819389933091066513174358979891574443924294434444283197590416079295372911960
11186404518248527124809771265875391773381573384976058545098107285998215235640, 72599628270163883318293849948198775131544701137545286441842299194587933153072
51751055689583245417466122175431048545938935344223572006139828104584275404867, 14782285339019651370354321352632764733653351785128868361599554130526631691053
210568851299184745321595905417569781125512849752589322401938964097883748639, 46721211378687692514119658881880329477017699919660875316236221434210669257287
45569571103081839982643544852168691957381154987139896984986456074940129079129, 13806513369158401646379982567631001909720943505798835562276885999107014897335
73615703817727739664664303184855364343064180232233526232058192347205926468207, 731268689744752174852084113883996642164175429330246813909793910012181175576
41306127789477044908846097264931295431482673291259755785007038923202497311813, 70718603545703102713030483592190064213138092097753136159490724354640974147525
36404073536236896752843807011553986041091935472634052160375456590369016726561, 73262783100309296908110322141564221912038653638701499198424328799262640204156
52502746173992287177537263124366073752349428118835731933863066050850716188556, 32261139390111699824721308008466650974112689270856406111804989094797834605043
69229106582115003370473970835356074724475413889077590247435212748963446167444, 71496908906575851052497944593252523703021188118873180839120611416435479183276
45490781420487741703793833761485363246549356547989669474612869187177299841958, 8255300718795319536254071142830464881895908076272242679232060385511804873934
17300211261817163865163601228944984289493373556912813500203369963785043379993, 27011480254042132826843655047562769435143181055790603502083251533752605788462
35795971928475848095934543403312294978999165006057726848312134046303900323646, 71976860168011170411020570868298071249714503064628512642940887630798624288472
62026297170304763133393447587034849908045090503334044889907995449929515128963, 45347195790411803003303402749023757082372514937181991032329934841670779695629
49212675610910483386505358300783937930978855829711165768741200007120103595700, 28267764499211421554587773729097610896686524308300893455679622432639314271441
54228153271616683440194264743165683339413980071685454227604272093800145951857, 9775381889058084037836169301771908556984729066319500903420440790189412722192
70857462411712419646402396404351073176238367329087597599003600607403621127863, 69739343674614340801621460830184154677830068310942526739871431976123456563666
58289584355756776255302236000873653937257477258202963514437138970016243634092, 57976168213293884298654581962257876185430853915694350351102161790741441560222
8709126166620636457356425406767053267211811908586000045428379576576261482260, 18191158786620229806683400322425899429240364595932167213175219484061291643865
72828527888670956699507179050330366450630551397199723674161960060237857962386, 47132658980139848533793810599883154336770363796103174827261857463439339244615
51228300548358978345579440389288338672995106865068406116696077202775527058422, 11471635569180834825861204378720369520341422020428058133050960299244359970725
9395456207988327080398806101140894714513940854829713941837015831794442422032, 15347030046678539565457791095976992824872959189840694190565288417474375655555
65007248133496460104158847288732152815944338247767846775809978005286344304601, 74751153884577312051335600900707401770016618212216773277628846311810641877236
4781049498794341183596729547934831017056399295098210379378327200726388280435, 30495823008120224794333131310965069511941877084079157042730181650657387612012
49751928360498066101202432131212553284233324626704807113557573692386217667095, 51143470906899501393036029356933686846508606108351969303124228566226559380069
25958403702086525583718096445116089603698953585856885073510100813684109876310, 73947626712776834491251377837203155019986296713142003719766671473685390531182
41770554042107795599011052614692518319781845444131664792609640160070419548808, 65542013818876703817515816319582042174383075178312251172423722120355239816917
15131045441631806796519449051473148761028665489284279067310384005228934250929, 40563320064978598136431059277628819244123474722801271739740988179081858522332
9124038643397392583308854822196905655956561107726657923964691479440967837934, 72863801507017470329618112207490756982331423249080455577461913639015466621619
70217764978862472186423763009362811361168844080524010940703505917570239053899, 25411937004362305725140677594458974785030755723666741089957302504156068092745
73580490567493858949202611875224882640326614829531453316206961652390824806236, 23415030249078889268615685618346574367999833450230896319038134393433547475795
19497679240313333543888119886309418818884943110274753966306380055454358585078, 38925389223636663255973990333114581926463730040462304574474880440581558302027
33385191991111646847385096388837843373387688081134488170083685226808674359911, 25296403292914968706549949989407683887685819071826982938774391003222969750447
53304045051848917415961657098402504559033013114914168449552522663361433833319, 75944927296334776021823698265671714725840067539921688181026757724622542850494
33051524654868804477394130462252265085009861056946110270100555557826107525071, 24392698015129973989265056167357379396871655436827830904121831413458872229956
68332691608409182200418392762114256140162456710986565329637460816037058185901, 15523021827913726572810634234688946965205176167391184803469044055248021550307
51817620507727629531310641499654445257649449572446781697491774409374510126373, 52920996379102383241656119800507120704093519023098627775807033650131275243113
1163083100724747467023187468984285258533117603988943020341305684296258321977, 2294263573151963389783240536907931972552900890815632079733298321049846308322
75174639700401332183524482839777038445217758844128206190260136685159659917239, 37082334341321190476152220637477636162147700388380789594006817931923881713771
60426078995161698594006483050482936120836706065413802532925305126968384833334, 51265972265570261022668327234734800264770707400766627293981208867290628168999
11760060417846722558235696910559301234005595988626923615026357694639746165801, 12357682863817152193835762186861344055627621333554594218780177148713064369662
64038965962573169055988015460597669926734919057604385287199979693354284191962, 36859582520241845988692453834798370106023073530094293185788542496853067286480
51198205315698195968194111621425678855466464481125378813228573391339358101423, 6086258709279240727531694842208509731656643631131254461238485637466363239536
15883689156810474574864774720518431694943502819005862451655330598938408965932, 43456922972844551734285987832299406936859487362078140278170868366562992005958
19501423903671303787535597639062134946180157057882233118458196560479770959015, 17926968379706836245705887600399524754369143901545699775742301242468705160729
20615280977128020514301241497792535431059868134276609454137616629906316261204, 75472476598722962848105913938812421610663460825039084018523386550387141634236
68366273320057151817464349714826408305964945115038136710924859847303228268483, 35028776160270254142644478768229051188643083532709728933939535344359031691959
11121824130235398795431263366767880503671966278203938171570644877185207327171, 54240747386737302442977279858146791183239008936500672730724459266072309351620
69710905805158777169193719955409768493969581634271060785431646524504869048045, 8691682729338601250014424651388394806005315742549829095056992748744125626228
52051837330788709920549164572069719890557106254844306772384456044570857299267, 68503029279739318651637685083867697810106380218858356525674841124076791195318
38876029198409281209197438378936143189640051690690997099882243881979896907533, 15975668286946237267691918657931568617512728780077213915269360924819816037167
14848696942006404504584501203138517525444223399322297138223227954889251766888, 31657978776308768143227369059569052639172784513238951522403364464692170921366
12521856052568016361758582056465631647721463420048150433277852269353484326363, 53965670433202672806430217398138803640015587920607794604977131058170498688316
62743351546449077259441838166043601384597033897638078589245500735282445430768, 62825234882231447603237967795423629394948529102941298783307858659639511344436
23401608129869154558651522920834711804270161982779072534471043039853666796255, 74396305968546041060782514273652459172730006686603349310192776321952751388237
26090454671383356874572827265970810393480625286289428271387874316127286596372, 28975667952481526222696787570833280212840196692070656297819638464804195136305
28009194575062640441022327563917449038468338728847639259950543213442375242609, 66970106592984261509401637873150896780359122358666113163868153293487641599913
44237987492932096145430676990890728732636410590696247866929569540897582362508, 42015512471937262173968422997659367458479845651833002218732216198834895814043
12391135757113289312911315203040721831993593840371439385596576690625277001610, 76357115599529448294697069931342108392471213482800763078704748808802529837919
14624440516879818440881486159787999624102641599143622629854458896404175517838, 19069124094012927644163723546789605417963058424347259844171311221084248580792
38615604373993725010183550011868363586702221824304474422692742139435847148838, 16450647465248130804046376143278267978862495388195135114456825173391262748215
70091637223256972962779485704849794331093984443120781092634517535565449036061, 50091143563578381805155081695595753518223429047029689726693606968258209827146
4701331378413655772015860567043813722993444402924145629315576593572840308821, 32624453611238757066865290256229342804298257991750482614684611151502606146204
13140289982554011152539484833880908714721709136721421460445941551665566786010, 36995600541144463448431156248961897950620156483721558925423036230438727492284
65078850993558508662639136651604436688664442422452655425089161419753480415009, 48611079564399991200175319476877791368025310346382283474455159963580197090391
749574847563381610964163372546946315778286606213434310835982260021144268109, 28620636530968397760126804571707180126756535658647597657487040345784369997363
48429558651080450134344534095471085848861084605753534565212882424142546580540, 19516613090863191735006330560409357818924968192268795859411096363952453356383
59610561485714352415281492338957947209174102839357481544563103685489483908316, 10410960140000779186963740153226574059152872522316203017846946642439949568086
40555559227253707112867583506835009737448654192753257605549408722156995228473, 45354157639857375487725554012916410327626002106473924012509835642427993502783
47330485610712518750211677985920145816439043763610426756073005657434811082830, 20157505212344645630322165932140754513237159299664670728923842512020845194070
17841690210595024293551422658509428759988995318828244297568588039895314245467, 28649708662183974288491085786044518282934919915492085125039403255576419747047
48119301146325223523314347161355513836911591508343608541916442105708656037582, 65883767645706181479987159135703156989818426560324370603871012834006347393593
14899116230426427701349713085539860090305031194013006691762396800279899555583, 42688587574140328886250361861395195861003085881546362142041198355724171073765
27200122746721127220508370870643318395685123703091993595020297292371559731569, 13835698170429725634756748713109268488305373371968497657537791913261035231518
20149908768855472008396524623695595501186797019467812277797350986814959582974, 24392274011738554165868791170755256053117704752577964654117183182440571400126
40973734379114471907859240990225551117472598372814216683072658477717896950752, 75649888231908588624823450661795133713480757397365581367213899779070260871094
24865945633269937757021647379739117258421542695929973705766939361627749610869, 13376181641688893935785115320369869658636492470237788097980284956957887745488
68149067217538086177264833602201171198416577226529115457930236613990933775012, 49873069048346768961841201663261856974539786410035761377622613704072127865937
54098349690316697713568618730199342355106615696014559136533245480672389914506, 67883217592858857336651342829386373461714094224368829938538713623307037002337
70994625221555492986388481905472844166710701301216701447607622894540400058480, 17560202352837700570530717141773807097186688035569715429592731092991723875104
30818423749899668507226980434792873387385887842586410306228928386838122997672, 62132873051834204506004093623749696212435251362221755638672045261618818564863
658213502112184326188575994516668475119944758372263086885723032452811628407, 51561622114547646564823524109656501118426745151967792023944116120372040011563
2443987161509249490055800283714206901449373590442181366739749879453703710187, 20400632105696092699969762477407357822681903827929405009556012064609287554323
16338925541950520352217459768318281221616469363777658317506041289088635319547, 71428784602309484434713659750287640934869977265493721284229188063322099271840
15830352770823241383806574871438733593375030052686931424368153134781930571493, 15463210098280434357670281291881971116749798908448284920162633775056856223641
41430197160137093238247298358657830366825614438245654126039278532815153072678, 41052679502954881051175381567692723508650427449851646563522182826317537221993
30601460153381219556763720751817619314903834531921284049615335818340150858868, 37030805975883884050080419168491891126531356588251342959864182946346049320980
50658330457275044810272581989743125417644223717848473744470297769108670376978, 30638446587385313248694975573040184206706702244338233755624423991046748479967
63554426197129172124300200597307599988735385733192524696115192669560384684857, 41117714272734789084298065776387565393567861626360374293054698561185144301094
71625498351087542002643172555597575787507498406456774580869063256166432004082, 53801215516334864484292099626204863850458259396898874322945674732269407565093
10235676875940315505854304365054809429341526548943382443308476737804984407630, 58790016688276565622399277268815710720896365287142844518331330581821497911629
52953500008292621911426675936170024877304087618075128318601454887225341355382, 54351407540655142849278793507154767379555115145090097519492682096729567031765
58017570693495524412194140449919542624999698245805256134042098812137682404403, 28628241997096187285216984670294676030116298357747330552210384219885190741987
51103268767343182421516878132051440842279221823592936803137281099281438717632, 61438278642384686079123290739809073190680771765562004762521630411861943074042
54019734406780987446638784897849089151148097684325418371530739070531529321553, 23730983117066787294000228609803161727108357423385664940796409135431849047530
41888069439861491890193133648801910926289688104106202169241414989695449093552, 44133095576605920596558482253846490003880282629807787852615719497044453937836
19713624980369841004938871135251583528621994050214492584182148279345126218250, 67056092503478333041734967356526643717064520870696166404080154030768533378087
9481460545090669857647441624480154681372258130317475812691259977918954387714, 12507899743996347319667954350779788191923737845021625882086565296939581883449
21618187682648641866762916216389433419042420760719211021831126465586469554889, 39903283559483244448203362969130816982249864278969682323307612416149265831082
56586573259617146782172111050013517933732650820015584094471939587392448959352, 76108125595701671900513390323264887946715443588981070035498380454347963603435
17594259861596244025070410152358543812934663505129227733750186851332164014815, 59579591288069157602389063855610930563030440825522018151814735834942471874814
52331726589235469691454635451167050532859754914525755997781415198833654069208, 44754765524317416031824720150875381813614134657358733666090024666960420215894
32264609374121393032957390425954880180959782654087696637560326998193960852287, 6514463948621017995364683737833500636641914880539464755871064638232086906576
30736050794497178555760923625986856524848492484202176456309916869844847111588, 66862301231661907559827679773599000973646421335377773667541559426644176064975
59078004324764193318277355674007617327821758234731073637814414851844787536445, 50395310673785870559967066216567946095326502477854042948300602064246172368017
75857728157793023023178995137892159207936858210377889391798972032403783474024, 7458850876406267482789636359084128202881568769318192690594364698215404989646
36117067853190831855078320713530423226679911913139887410971279725146029467472, 3143900470429817560409193844089473139752462660312366098831555924067795501528
23942045950181131614631805646943845078429733763814348457718278634392364640547, 64571255136441331176800966652635363968379172608307340492299373275914133167656
49852066553565126106144902764599347041634255971217856349827711752513083602937, 14627645225732294297309131831898917477628621513882450544430376975168084839225
