Elliptic Curve: brainpoolP256r1
Field Prime: 76884956397045344220809746629001649093037950200943055203735601445031516197751
Base Point: (63243729749562333355292243550312970334778175571054726587095381623627144114786, 38218615093753523893122277964030810387585405539772602581557831887485717997975)
Polynomial Degree: 8
Polynomial Coefficients: [14, 45, 20, 16, 31, 57, 43, 10, 36]
Public Key: (15835382094739115436298873991136523347268814580262539862020857560231147706625, 46156774345159673477398580364132329638212544974793562275542408482568696174402)
44554940492656258729139337164216338771788024368514079334414197249038489795347, 76820825610415300029947385660944295597205366480192031753515089259185747839775
18626884076812338794248411446676400112085817493428576272260998138487141878977, 34919842909757203869482660305701114363113317674700512808192126351528008810343
58851642582604885198711423594102449505996617433843995773321502793815095814497, 2654608268332461696215862704943600904577993806247418675881034487700178082901
31247546158448278744668957257981639974257466869669262913127137771731371623608, 30616567535062366461987094662464341165214037814629841531599626133734970379181
26492037633981880657179223952785181534355065893001469736677685975934132404679, 30518802220973830773378828976650150689696987167831880721298700842015604325927
68155020573659055184434154458094960973860577665661368506402739519376146327525, 54151767864641007067942494521938664278653755901485488032408089248058730051416
36116095859869554749821941400305330666239565607835303867536740118592077698633, 18785283731736106668414126323442421727332516941916874767697644743076095112372
38179427865987686149887529365253702400748035369942191255455858245162180386531, 1947883668114078892126725436579443542301539408345832454957025761527398457720
37015232939763004783431834926627771092908470675805508660762404010549277930664, 43164305370957026587801949990380246603207292744583611449313962104224748272646
75396748253395513321005162309386339908723433716525238656978092072948148151604, 65574057335307757411573805797897148976628058398355414128809723943330642635767
58083288909088203022793538501212032123309309436802658814909437593564376333793, 18162771998348046141771335622132631361184163607640656992692130293415762902852
1913964630774611006521024950290890353141991401221283121438561542217111173090, 33244117956301660062735308943628032897829521176355028045482628117585639206776
61791890752893849847518677809758413288418925252347691700286125830444957239598, 35932237997676455128078443866943067196525484372485757236762482596709177797665
11627466659840682648728149209353283122717789426217704897106002303624090048677, 66477471373001954872707239652788148475155662768660344555833006194146054640803
40822053402186388595847700199141260812207213199246255759671791370276148891598, 28637161073442357927743976676618110526344964050521460327609519976009298189363
47969554890867629272320479891743549822265546310802979056955401422298931148701, 53560440117382277270853456727545306903004182302786248307996997851690673017265
6107054874833438102165708630939742895219633814095317498702372268405133975949, 52896938672593607960443862321428118835191453803951029410890828269796333362583
38567856663878059341331456955807724668840889091458642866400953430953004372234, 69618166191214012893577084715472705410110863903753321090865297868877194105568
50570241862267505031569349092498180533328552111811879672677530542097684710357, 42457209063164494786415582333387848999574395838014381148851012471842961181381
16703465694636361575090938564396530388842619863318094179492957493996276392620, 68495416837682490565600379801144382121589681261280001986709421474256004954206
60845383972864747332227141656633991307455523673563527600226137499477602189289, 50228159964731543297482091092612175008413563585245457097937163401631890129938
52065030725475081700127592741990721720396394014467277131637957871679874941653, 5529215739935906680648717105454255316997691559718669254318671007501575190450
37375529468761290259198843797894834534346720831477747538404783625526909293905, 41972180717229077991768393302682240515394135901221169268450723488771324706892
35780631876210631347192956231803266766479625917326581645223514525841084293117, 76321093586783079742986018343118303827203430024495801930290784805617567548754
53115933788141495757045610631285830457663185051562668416876204796838715755379, 19399792376184591244843404579170762172204540831033912271721769941031835442865
36330416842712775657651210246257739187259536854453486809885016621464618976883, 63340879294680566380168617027088907234310443959513461604317820852555072353574
61998099139680712289083717265741879564246679853361738731400798641452309651508, 7504872811771595487267450883108658258346823323279826639024898601825454812237
19462254048095860086025448244004504755821547131342664840843082492283493503196, 69642186352706582997144999419076828811190293049619421750792352130354227082910
52063494919032955739265993013020540108075506885570432790414355025629810105709, 22583598696595364572014140182677593510893818228536994991684719789446708333026
1028793329523707588338555575418237001658582526029171610692445556395318208493, 19269620173584714779986837376517400182514201404460741228794368650459760907020
16136271861316868665955933681719777421995156764921463725964061106990068718983, 53492626123018919321881577147366494962046549612304944461966513546016305609723
35993167538598745239747710589608823742708614175123488164875119635576497950353, 11209592081953490140104423809790134160389797196634777706542104598725507391302
13767289043331522944495934377453808160971308103826659260025940334766627696514, 284214980249468262425956610166160784102551925842721598682027182372901478856
42358328378023876449948097357469033854946346435581823453588894631230716436037, 12162673394048412853427313621509332325399581285550539076176211512929784890568
15097293332132810395309843150647460536198041623494301887642139883377207205030, 16681198431599569028631348701126246967088517420477129777820598307923174067660
15671274039972421489621763517937884461756150480848586285950822416114559693332, 59959577134759190604084759391637384153252299697046585594020470146965428095671
61759864673026991426043965964839875199266149228325720308254241282222649911048, 34244597623559764271543810165870437404377491834561165210923366003061538959521
42355193754636405778342801416250948379565600468797723461150317551096195657131, 20640257860494197267315703409999605768007209818487788149400577338155844045247
14287310228401124498548927213256019875230392898095070940534223814176723495481, 51738124956565459615149622310684484431873089175793849215439214553511304137878
67624805671532096164721107347560206233276961277166590967532127330462739056769, 17618429824794564424414948532183304842831789045810321051471710225070079502831
48764029200633705189953941875040174665456884281206274556958460712911093202871, 31336958090361836151986689986872806400059516306753102492508015808316547940344
65265208467440844276456440276194576561502368870698541058179762118023045924400, 32401234603287380604775662265878623294436616974903011218231133064506495127870
62876261087681237496700378000968823130874867366929942572981716623121757288896, 68250898592271076677496706813618918068887893313032778294319957515072030220721
28806679583211817550089691977215412145853365113492014185159998649384217703772, 49490154690648352929700344953542652027511550421606766510045002681573046180181
74544969518394082577296549970221081914840232186617012164738821972960969327708, 53565768990651995513738766441383198522614636993185419308110429858263827432534
27404952223728410142315519885337496828179318150637166482170717229245113117665, 18161953952672408034689460196328003829841659379140485500097878772066659766731
60038950990770844622972346649382233797370075937733124891631813010464646564491, 26805838690735007598897645934986779792729185541793395058521173645078822848949
46714747035085328783449221898390257332556293766013747207503919022408176758936, 38463187194396862132458315540229475660748472053132190632913306909558077819180
71802776590593350416049215740225014588169127020175550367042711668708885481526, 27594916881312800660402844811485654478028690132480213482392055847083578624125
55778352818717911644294032292694222901027214193686212620694048983805775133654, 13452066171042538452591113773647970870671253314134681977033696407025021414714
63792664658521244687344747936703067164419633654874985664098123279063292300, 39600544387580709789718985158706679173771503302674045886491214741127300432610
32798801770310583373284544634792486406968448668405887687848100505814239381821, 41464571444084170067826306513403894640176719005503836110336333636011235976428
58444751589285190010020339602546437612190108684479749602805855974876861815970, 35250478565095672931900905899683169322639692528886122054342796718425691440321
12812820873200493752681220608536640627936565114615556050703073435882815886169, 59479178120911400038506893948540811168771501825460799845289243960030407717470
57890097405490380489567210005622174409006752792625501516051719301578809302861, 32455467949044355224093870112407833917314650141864136245936158742096378546522
55287104491911896934764491934547907602627236632419386159650714786035008023313, 38822573522780411397955186820166894515940853803045585839201595650882637607484
7071144998390110379093112329815628115025704466184519586586467892741345354268, 49353441265131655974162735113625531794421107317018182705906257850010126074016
41279783489357902334694684615920869495057484902243811999531456994550126507089, 74302959537722946980937826757327116117852984887323775829514085374983112831515
55830963939828478472917835656283199038390765028892788140744226267736613663626, 7964193871099091307347774491341725965929730843035890885068829791910115624374
54961169426361977236196301847972975765432875474693869683255137738009960915088, 43536870521883802205382468552421849774552100898113597221892789495445016948879
39889641072086564468593727770365507453495187429374675901091401729394083422469, 21289998794909265603185878540125057025941823753620608709631902295205335500943
35218075699702063490561806509356234425683852978509296769343797479444810651379, 25780818966845128468869930912327013087129916076300117668670554089363853630327
75382730131279999079150597774767052234279655381927586546288513848525395458002, 22800325058473840879755191607349470145703691159736021147753531159822904279872
48785232397109498576267206255017519660635497034176052351992894399332819673765, 6081460880993816616253484753828859994826320917431510228876912843928806608611
69056406865393902406782710689400750660804334831215649039385745831342340484699, 47906915295355750421647181841929922087858086266094982867743361834362412072434
22054459736687054863157960784410172257785784183400673701711002128779978889007, 70205685017382430128783221707094268323433243701351636091936782723438507554358
30334047611639894375921288694484009950567280950940278518827470973294141867832, 31477531611654011624130253556041786278360169021052847390349782539230388236455
63576168714344546678450315357998990605735035522767277634062819510131384969643, 57319942020846278673162913877450889273944571096561613703554716143541962878482
12525190704686477709263337023721656362269260550951348493869119454289145155345, 4023946151698774313346024771338251499118162376323052390924105581751872193726
27328324520358731639180516017408478066815690186502099765025653834754855506407, 48454566965083441653179902578618653723395062425621824385765179431477548034933
22336523028492016821975794319301953965524837150531037452842206395495052940381, 21254893963656884911932958778046139139796826580824768629707420897093279474392
20782719613160485787505173351511972403555982276460274301693726560934121280946, 23635711837745838186340636343727538074619126800366282609368867086467219507429
20387657135165297966163058829481263024228559229087383058704314498365600726340, 33505283971277943237714260363274609213561178446485625242248878106289685248908
43693849392496643149956563623951702093999017175210526925756490087837484748425, 38685208188701373588177939363568785949613805612269589157601877040145979511989
68297568931291379212639617470519327233523637435524139138487567165215097835778, 73695840267891509375397454104737374067079278223588042472282058718935357766661
62948158372431891377872010820980499086293390765775980065117228910712299293649, 25465560905186984611057625220427842447717223095752119182896868734881193866534
76232394765575649777876908156196244856620869589832301674680678392255796032070, 30578092817635075229247078545035075423787994554289638225895244734739288900381
34491012570042126557303386973314556789396936689107742667782506971501074929823, 55495944853728203894406076233875493550211201869600318680366886951217691627565
29986589011914685478614342165362596133245337114246633846038862125697372759343, 62519682707537567977663856666274231232337428303777169651506154913169433883915
62756368260995217198830141960034386289086256818337161405295705805332406770539, 70220648995526803515108842235253014364801691215405495212520723997078304004666
47492288525148833045835132514359648371664996811702354189335495886378354363478, 1273339143342406623835926918265215986467686365355241362249199177480435107354
71832694017397914653352017422733986694694409448010845027437340376188304560608, 63176160121270832076695311843799438754472191145267499245528668912488136699824
73329961582778565203828451065280008595101624012732031134372081769110302866031, 8802872875405560165786930866268686825218079835742921283568693809418211711109
15389212982181505634971397679684500102532782860936616512999520976986059644939, 53131873936713857092980884672054656173285398352076328235200669240655838659912
7816056846593368060484382237252100247068315713799032740192855428574743946894, 62135094376848808223183758523711479535249683713052963022532690271319921639621
9296235868674311619982641198670702391232302089555922610576354865209413655023, 54763766523152319353644468859749839378272700551381759016996259389901107163738
54887891489351359541633632515212420025318408802445513298272527891129766993593, 27098041723473599606324636860734767026217563422395045671171954640273111030999
67178175418077797034875117722139034647556478014585677579100634196135149153705, 66323251977623881054045022999397735635056147287531235347558042069728182566273
49375864173788795527576168650737028548683444636166466997895256600383415985864, 24728615253243401994588966283867250343729246891847507739906478086827813735560
70463340281110559383158249986906561256315944423713700055768029564283464823002, 37625632085337647313712900309539827630905381652143472623538629057497631760670
27987989938322399787137646222873047245936310252482784575708382290176520149241, 17406295679391044086677529726214598707806912951289232413600496545045674424178
55312697411482843534753019788361910320846992998280793739585582747135723210964, 10031073445643782536042395202432586906207031312404740970440690193683317222306
38139369880178467407165538546651514305577559272390455815405818337512607818653, 34170402085525212656966014489008085937376147219371776905846829251747739608329
62845071190838949706331510461997576007621386737912377163272750787716892941175, 35976600894633746300661478631183963998724810574377792370772399581409354566332
34547437353722988944769827680719222045427991953441039182372586737068274936102, 31481867648386752423627686986035533783223674874119896969112343708977472046063
22047481508077971084194457273208491961366708357361998878017307576936647012003, 31985096799196651780679805509177466631295668340512569831245816175214483906356
5770219958360219770795837448041276199921271950341495480641692024490876338558, 73401878484493724778666512355075663829174982698874109209441440949351118445735
15974298852443636794712289775945495291253700596348285052902361397765991356855, 10424633310999180697022080606523790226929420248204562755375509598324162728355
7361719157150279943249613284543648314278999303230315259341729063938253897323, 4982204290543990122535127467955531218965627651182963681365778821836008370855
66628392138128701267646418632031608370885717069408330291731869809415403150824, 22618188801405096791115328577369926381273703404210541415563978720222517242009
75270046656029779266695758865895187129063950059733432492684891049608604164530, 723031193467809388587354026328346764919723925938486045900354089575173644312
65251026718744340678643333633745815031515166045558673054109241703771752680351, 16335960053052989735841589381007254084647076709357391656368717485063052577910
63770127651677554998445389026867575706898521976604392091829682041455879537111, 74790055823285167774182392198118126148545607944558711367222215261456246121520
9937315449359498873852829239093365193495960274936553557286335497340121597729, 11885111471511203378446275044950167786540652086915162742110685707619612967416
52320634918463023668788843417023723546011245471520844691515516973716684232424, 17053825602068753292128275832156274934384287538672193248355500958192692061216
26075249386560738543150088853253631949356468769314121064894697978213081504115, 17832192744108908904616538177416218451149072153708225109326083174721530412916
45340490903607219945550400978537979505781805495912900695161050106524323380602, 56798420520963927233127290202409830409335856380575898847184045846909946668473
41840714204314561653351924134576834725826200201074994128239601858690021226465, 16107707366549585050178463511828490725222868752171296420699268399333219837376
6872768288162124076429492558150976546904201351014016714648205462633414560774, 51657306289077037661684944864079849449830194510902100207310379785921326876078
35128882447401472895281658433052518205499285077196985214966927917669529746325, 58764989354787508629750131722286273060406167156411042843354395550842319237162
50776419722046618032580750899958204101341095309285731682041536752807823005089, 47654137820367275704099470958542135339268457041166967687242304070232148850873
6489494798935235428383602447540459488342424926408582853961555894310096947514, 23439905483283993741027042772870520085155408005776084709911386638490348623020
38893881888497198628887391621939761123199313519293645871530077220111260432693, 26180344906261268019404456385957267340857649046472911728119645365759846700732
28520898970771932682597958887516614911752542233392788448263184728224659894468, 34394247898379840677075784611214992823058941021202922602407116606662211187630
5178216208656431631557870848938080635767847957500090102759442332051882423423, 48990509424090932712452553389265353806158171036177546677157491621110942908004
2001651709848122885631661402308962854545058245188394069472832849838861212948, 27432673158612181948441464652324425521761064641034950568106632927446898104998
1615756711700793067975942621350491091552802176737887982182761150183587457518, 55559225843624459645293493304623473103338652001404197305841525376436701763722
7712226371981237785067753837179376710928498416355745560715778077716495914317, 9749726044204169590257639601346709083399739175071914885292759918736722304131
57881680337300150122497658861362769181790818536530047283089673863443804996977, 33550265452353039907354315634320820281731790033001845805333902670040095844239
54348256681563158551313022959982561501159045778160022952689697494559606731532, 44747984371625432057223666195157210952099089654864936422142575656137135885128
11071591723384042376905859079626265708409358683624559190539457390263932697602, 21267811006553859171570885947528133041245042826712193869986472379513056722521
54153423441564308426925714035160656302517482981535974479052145846745834776408, 72418354774894651293468033707814964185648739205523080483799138425080140492068
66081420748761399771832695156093151458448051120207280655291092933319509045158, 1213690356910144064502780675540192023541698367192869987311769755176744969347
14965229056526067339698980717931491671577118487705376489929814665121554752460, 36863467699056249023717125507653248757369877576465067767237010619533467475076
39562718504691131943499121494630021519292744079746054207712263450710311401002, 3366077863660748791062853929677693002085155099601834696208779215731236796954
29170610479251264934424239598645754874391271506510725303519664392426012739799, 67609358365161688427162563016182215557266221755715899073993638940486543496064
71316955527432036170425297612492887288456309604231020327662158047436675588935, 4864651522050856257777138555476639595796615094901228271776426902335593722945
27620477018980481749499061232012737107629091136182642771360227747823613499088, 63314401340757397329976580079914288750165020259446275080440486325140863702278
75936010971337817131383565097304589911639767816136034407817077706228490831511, 71380141886030769724659899764074813268949638313903801505710021070790298009534
58250162411754906101664672226782283553038679811490606963097268314189970518556, 4253317034729902372778052924347034612761431916440539460973383418265537118065
1806764698572331585477936285170140340557243316247678817451492518458059893755, 64276160716626326244756736179840448162685572163569697813417055548611782804937
75528477359852863543909218020749299407788324192253272725074320752520597960381, 44288259336560240651558356225960706945309160189088343983776791428445206459997
24710601912209484268501744072396587851780960682977637461409411760249436378026, 1584878202340013809087200774157501107721495399100799301005277695645708074280
20474046649453118429331492276719788070308854598939974772479185707815193934929, 73357321618439999787694129564397512122569416149484908472079165060497935399190
71249499044131268552440035814955299610170287857193624080993299755699010098053, 41153140498235109095023621876412972806635226692224424431908483417502025649031
17483756103442768287814128482268826018873342257821892552653984687346339495971, 24255528158390419793163997614612699144866025271473363462772581785930281065543
9099944266675204603035771932804215541049312705698675215191279090545498963048, 31461362342175835649103282306430415557305956674925970020509963779735258294912
5183729981039557867009994519328774012931144569585093243959347506578337525460, 54954728613395942856188154797690891218640410056941215236016744747458123949116
873888306438856261490642176930427277497736167730823273950496695536104332369, 25914745528485813777067202926343064147073353812718064234090349942776256853696
51625062845814041581890064566841133071828401521578573756769432293051872623388, 14092349293087836145627737170322167013121080894885825736189862400880931694305
66629043488325928215307677062946753235618007400986165848308264482913334750409, 71663783478280309627540848670807401342739467096072754827344005758684222182037
42748335694000442760830815318860918560996543990386441317874125917649590765003, 17146116209835910876497294643875823086707207872107550121124605551303423137784
62968739490498763685531430870410426829895193189004483363044843470999174258890, 31252363397522215735220333128670019168762998550889810750590123516150715131336
60793442973323824965866905040680184868834000773467889079427246345665044005026, 43633162756184184796251430403783455359983896652765100926589673980317426370032
61573634188638754976262211357951225146600514598996401685989715216405977484939, 70008426934856270053741888133608024417931868200517952069527362157271187741914
20370806555621240616797025361687062771304529564424869086993030085923405255103, 13051461045603504180617288070553647991772252944170723562169095879229849504456
51695470230984158309432872789174969773237016514956802559475931296823613995041, 27516411294601219068778102160912057168421988219514545571850719751485988556321
69860786574547090824527837108968355633836118313041843686201568736201094474335, 72199822432993062781565971914687700054382745158189781146659952577077094081981
1938418349635349878365926106225636076360397631698636805633243549741954587705, 21073740195098136374381879326076344598619752283930598825203742229844844884978
56360393715856817918077774118868524119423380133781942611627879394074338168972, 35757246288156345843633392224092559801999502290125778382099551766411667888307
20650158157433131238166457738478923257174616897728148407467442360775367095994, 43160553161509381545871159597483501818639720727837457901935774693428604571282
46754639030040835491836740782290796712601108379606607661233903261158959836234, 70168864248402831232523849505780001952275093402062161819770631865343148459212
10672091414544771225430337163666933841270882142238759436214648030290526230499, 19752906039224423882015451862013366834864805823767885625556800718464878796832
35645037738289752286340869263691518154578484811459025967229391602415605323208, 12129678710312812636608602353607090009806509245845845341660912584556279780950
41740049051300398081672177555736681332463695712123100990535869439205364237724, 39802602497427525290198045134074497836409679262496358416236151993886462043772
26502157342003529862776955743861347104589303044492708119576558298080335851117, 51861949619066647013917608141767917134194529296879377665313020072018649373842
17766672584340931675347085488181522673093893285733083392591538886557628705556, 63163443152121532938052939343477436589688279403043051303356490101479144365391
10378042430389284838791775407069047223191265783884740738882495427467649413920, 32934816795625344366327593955732225425901332131061933078968592644647372538253
14917390993112466074273548379917272712543137467815197939887922064782141466022, 29370552931673358278046525109117096365009243069365294043223119763908211153352
30828257054598286035277730437250621553760860347485796656598422091802209411854, 27752419781830255643367329280503796780009597106347993699223118362011388298168
9456610986810288261437889259342470586197438108565126068171864012021317892312, 3216846082345407825487735934341450071787840923875295244588703338013183938586
15532695228758104850776920747930848559994347687597105474695316715893511359772, 3569712187331929627810781890775818923697096517821699259710147128107433945861
30706952336556054353819582614658805654961894982435663266169223898862164418527, 51900459117811618074305136420499353758957616850754626443218795363257734900684
76774000111179202357550820658956999432643691481742735857669282903435405582834, 12325898313104753233754998276270562318648830427980772266604034212827671351586
36224111051875754235106711401200469731987158582922907522550676901754474177171, 29254250240133985193562959058654426790440578604994714509564347499930409055033
25052518678937279213837332633058467829927101571985850254854119411448928269744, 22749642650451483447515715781742412633274406157557181519715465406859578973101
2863437847170398613381157039484220116680483480289278118220420142591288358168, 66027272701822976411469390445994377315940816850806644936038682650574525166190
54756831882177862867352793429301846712540143901544140007966892843219797387015, 21748459456413187077948118795499302621727023266598024743401967544601984325029
16778828951007972345105654925132643040950191567441952841945019614395974343694, 47634301438028922358175268768939210644500637783965367221303095867636832220113
11113290395259707115300030109784169237051486443671903231074507587294438242925, 64913251280000078285235849273172084914866022439404110641030195817786779972337
29855703735410698246669622994685155095255674276884160629690174254999346838653, 19886965065628688909265035153278300033567553400740077823282061956532712372318
38575223722186857516056450820901667308694642777141467527587598363559201779601, 11652337903590103757719924322495358712615629088379620183348121678441999142044
35977934608178490039853178716863334289745323151392351800768980051517220353475, 13629180997329680999709306716683628196953723901050204094883803237955861404752
37992864985249467666266487813644809770500837116397922302711520794179157095771, 12900529666619558992190266229466623163878898849344262576384101731751297105691
54425633587543628981932852465509027170898433380551378097788578708664052540639, 13583596869729071447988558516092549240811736186970152876266529262987171959400
64571797470647585010841407800349592317221850505760554531331873855829429446844, 22239209607117668986059818271471428824021083863755522413438640984202493396499
29073417115947995705531651193030434652466180418984872473098547147552147654100, 6078151931159719660510643632729781677514330193979447048048757245716967026420
61486826065606915261427532167083800714662939068052126353316249117730379457455, 56705619416575560810354832003462630575324258619013762247016884280540414192730
55512712172342608098170030460596116377815272883461096230423881725395885055416, 40424472993437513906166410492100331841535851892592271192440142490786872305234
14604232295982937540421402699996913197129324392809382819595775644429525989661, 44302149807874446003766637432918101148752253952179043436970306739119395812060
50359723944137582469784366054783595661337916330707199264396646807411927299888, 62197519738319246664644320776451005725341925056086643594700193449259177330077
49858864402796287908838716126465013091421694126980296921362750294314674045516, 5553011926667910693114862348940336646017750728390690464046521631643661412781
68562718439977294798407037143230111782167159545839332841784763592948504155360, 64933339037860345338341753203108674021758802783388129357846669385430095654332
32066354983595473815112645571796146291397329686988169441852665203114084155560, 58553481608376491942594922798866096220702483520653156823045344991841974373923
34080766080934835215860849424899149712694769344628295532570784995379238099516, 46633386345474021240484733712042609473126083528744861438795266016999048558404
66756539984175820661777702546453169096546323280841282503346603691726094452026, 48104650206361999902052840689634951100158924108907810826415194989987607258783
55412506851580749479203738849475402167523975706489632947582843952903483775814, 56010626291422633339182802654756057310872260959728184376677217769828323985254
63420497938925318974175002950858537761957676544164753054298551410664625493913, 11198036565347700442755388399364000289646977084451773223553687767460014940163
2065147067936432011689570228286560981259096661750306484925508062190058222587, 39606735813972189359549188048899324694337553367622111124019287910945537929548
36433231155406279487313514866139914426172997979669940025412518508179750082412, 67701324715704207805989853268236796406527214666307905682330115660400503707671
13551786949292717454128266986869261268158060059758844200941975619489407050103, 42358479200488750481501415706207635732076823593881341655173518366252965722596
27604273510338972476974450032721689998612497469361532734576052615549150759730, 63538726920742503068326941195055408931061697375698375816867249823579565328567
17186690631324649243122818448496248090461919772078608718471675120039687512161, 13861391101130071884649291565997600857444216469948183768518895423375288467512
32427784092858959276619571755065700642854563154715977308715506511437816911664, 54570279677637261028672857370551631207553037763562290746067304002834947110756
8826273173059770321408155106759902945969061958066585945266158712188158205348, 9478447808330871016765156258988308813239356127270747704965371197529002327324
61603874359843631560806992563021267964711380408346262760329142871488121165160, 22445300417878035903603217749986119996610156778501101191914432436214524188223
58461861160584707394254138288278186850118943946198650353514096113772155903454, 57629876186707282052158479899179005583046951909895512745593821458277241230535
41076688449410841684847047638075208174871084954869497937425280761513087825540, 73682405925944200223484410358591833321263695486954932184924181478260400517910
30570632170031162448634683263085153480273416964553391479106109798918674296641, 73919743423728088328308681338576767142268576344340292588182118310031011690534
37195201484886087308486718526000782658068170644088906165608739239296397033854, 19942652843725169195062257645464762028862028920762838053772015770641880968529
775132096061407595380084766837421861857785951898052311631082082556269318432, 20992180551288055904228298955961430430337322212619197994141130359906517030332
51985048724539236675804264014653242595202902713445107433908096902181043573712, 52645728214225766512662555660338763852252545896798729872918091141087757330989
16895780238145834433749559419053471401570469920383758218964427422089854022157, 53462520352571104636993127261824789555134107512497403740483209268491864127010
48305161378579932098357258286410344099755652596582500068222406791973680290478, 46660196232355455091603218099154691195136693984612593793232616522178531850050
10243372466443199588386262003664766833613293678517373824455939562507279769902, 64925981069113915691787148836095144386063147935798349751642231391012510122054
36169374491835717993424947581405417019933222973600341918901686631461736654493, 30251103758531824316958318766756937300437601452907209701800057325643576832652
36248846276104037734400751192134800782924495839075475965238076572901786755753, 1076233472742219387768715902986201089687886012146832448273102051742390739524
58700907821011678871936076391184394679947736916326322449431577585604956807733, 4062221729571258871101906441420335824388019394656939346348989815967325594527
1617890641789132811002337918925635734336208320049383668794027884013842180895, 2952795461403251656341116526364104484162241349733672856102148561987125931594
37206790647686282486915979560150278950308009804563139496113930418804303354845, 12504932529324549300739257199040395121078665629428750120971862878455288820501
30292565006114115339483572526234786650121719574498418053414430455875228669438, 56150623939307416926929152225659326065745344589923135397866824910149109545248
32376973109518478579718450351917532583548004330659607785155975154867007004640, 43959810859933922525996373278502830456797716846808288931835782037988225303487
3448132654292480005309125946933642359209925195378523867862377495396814849773, 63935652561064561263151636835229799523582879047518572746110902409616599706357
56902983997463972296595036299790646429907473397469353735258459042040708023251, 32362396654298503519590972781391176491950178667649369583796210276483152040284
49662195629313796865890968784123887505731060229942130774579500269440468306574, 44604137112419881339843127461876905473881177254188334144710644885188835039169
52974846644557334999904705991924282635837224990649744854139696713194108080021, 16315399177214877548410889345340690760543707733336843646718675819076606432569
31105456594772176844850349209906240484601858642751737890593400396486154096133, 74437558804022703798086414946944492132142642893988254716793920725377732726140
5026940963594772465329859158168711669323966324982283274939601573534306339427, 10277984342240139520665001224992826366871723711038503441650609059338615974699
49510655926252028960511646199075149951929557527251184497342041772758534886272, 52569957175281537603194670281644329769636486301244215612457411048169445145789
28520822379072985353707830958687065835746080679757815668803571886802777530490, 55201726658934303718143478541699938181724536302391185487659137867637543311433
26118190574932893582999359011087921031224042591722776561323633511294685924366, 5772705460060847190425255333412947078235638927210752083886870670872920515521
31202354972949438724192404260157717754678547056871749164272017348631025133770, 63346382892464568799802036930903464790091377584745230827225369112766935092062
25020793251833472127503480566442120117301039340380860835215101939858875939043, 46182903172537269536218160844683727360255828416460195466342664995912382231346
10275131559484576065733049644073572120138465753454695945913032993542697315045, 1887803391900521511490934107842116425856736000834074388424947180104695789260
70079008752171784090678122674281163740269511809127997031726375316781279258056, 16801259111791285535566956221994535907400652267389309626327958813957446775330
35304737885592076316957771895874004527139185162494137945587702328007562265527, 51190098182083260731991486741278497138046911275555354270288426243035343034939
3350796453378239970255579864586982640658891147334074377157753570977184139024, 35479533303446460723040620433878083845391325282080391458563542070564289637536
45428382239130389338635411734740858446444026512365291932394406753645013485975, 73909450987095903978873620371214283984207126252905896925723411793452650297034
63439348441175727976401658753166945934686392271884921508067059593261303837999, 4135165905110746215008436018588542748957623070710433926767150786602490125776
29405712521618828531185908421022456525687313135938205937513266710828362188513, 66525333631637072293975852543689579811960040633311869683378935317938075214154
902309336325676324839934296186502916887091222367143926510506461118127168652, 26608199875204906144355885535741528156701610906083439488478647446183423720094
61234897509475148584199039029328156833537929624595923482183384361019893148949, 64459939801008402979499982698770417185413411319878410840252593264622885507518
16247376609322037939068375660099463026400700128117903392705961726866098159822, 48991611362355873496786788742223144239882472923067499020943224850205307468483
62014270713615890956930579047330557270103825203664014106598624321395681395122, 20463273727500716163932005768510147756390562626344475056795984520575385548620
1914218669680229187035998016787475167557987507225942624562727434860505434037, 63953274911428900506617637034662157604411325923061333690985108968231863867187
61380676362120134098023599704368935921778139584472813948828682919454037393092, 36858836659418860564139640655120645765144630733766402592891596457685369037155
3467520838864477200548900793067840907617442463105080071044220753905247176638, 68727142573535367676517487179671661135774947961059602156504584260545153169282
6145084593797781007047969749323089917561849866520731729254958300645923647477, 55514003603402445859527935907117239463029248294198393461881194850479126892947
1658056197268163170112212115546530119788070736060060588619140820167001010129, 23938431461847332975807781026258669177778297655998653320404321901137471331260
55344778552366347168324355008777388091624540533255327015332901684062347452662, 25821920070817690975860039126983419152061043948486742306916425288127528247985
16329523000776935069721101065264303493612133293846567897322643436940840553333, 50154359789504578670194806304420632825334904640607949962918287555106450205611
16404773662120635850007757117650710412491373036461996264218303377028241134679, 10769325367667291792270499413386463158906433542394553471688820361395648941408
18875121874908910449777121215720708758737729426557519576602432365843230391320, 16746358178103694298952775616902391907341748241005949702171843401911077799365
50491261416539875213667059163722119699442024394102830040093926285859348730266, 53179797886587267598204931427923734222335708189571321200146426984079059668515
19091067576788646546770927599268442711015451740923473493884957016721836150348, 69839812678700777470768270042712170889479610510220966285779319919309168432863
4799822061700625777663769172682718971540678509466790517121743597872675180318, 76639780106108061262392875224871022485950070294996709102262281136783238394261
14927016042226453120733423412016168941825046130804247554647057583846645472283, 28812637068435757052066235824911845301195608797558083392297378249754699498004
48274974194831478170827726480677177660094162892660372670635273803663290321422, 4013681390065011282179817201536919087373115513794769534239919968243875477441
3687472005815949322420256454623687631080935077150689883487616777589112022858, 5460717419224079981832003914941267780515676442466028268222226773769509847867
39083724494201253010640181167136364794961742091133335674177158904349879008775, 9262217209264686741514096589479678651198233951812945930619826772594182884901
75307178855537699537789197915109443458026427894248254380312910241521509010131, 36241738873126691205955219373325222410542176332055123751913961940844133240382
24021607612072766953499577243327906949221551826041400517582514629885324348363, 3826940173977893804526592679029237040814450046391816960027168410011184271842
14369309755584455427166673532258810145923931653068521163062160910878302059731, 76197273043127456955211388969308457879292635020475213176923250543269993567735
36377495993865330263936373768641726338556194995873152562707650638205620360, 8772364102331543813752528726203963248383082623212252828397955787882286635358
49213655433874589055161154683362299333970021513242881168086423515961182097858, 92952210341804140850245420442431115892781432012055885736699447979405538021
16488679370443353326612856967890281197489391601288469102548627103096869728594, 12357348546327573250641321067961980896938349169911786825929177769944918754263
21824059878487688715558057993382199850693836935509298716623169424953387663105, 71981764028125302279607965739288529919451260578193496817426665282319740967176
39300469434888333645183674561714096628726124143594722150789850091932743350128, 66576276107094230088709014462307496021147711605309871281427127159726860810198
43736271064050900800643209513367744791000759046001873393612846346758845020017, 2394790403559874948750048624609597859075689040506402241590658912810724771180
52454581101110191807027888677894509563085348539994923012550941229637714300591, 18126728429650997116554200293655156230703119636375166256891786272366400947272
22054517804788051101977316894208516717742248413133728972281866801920311130944, 7378934107254922395844151308057909154374260575086621806385357758078217099560
31528780428655367305238519510882946312443281073242976441236602376204816343037, 49188226486116388620165033717854132841832711432914595202900390903970710175399
31826298046888510609881570259992760912290144327128105218017643679073567718742, 72290111356102550891659737324175636749415846608821935440151628371690838954021
45173045540573516943831328063563865555238288270359878815491940151662734867884, 32031228330452216565143062560712151144223347479391926037338990305571222963632
43876426286290484360064138149855546758753540679033059589160670444295700492364, 16307026740256351598074391245385240909996762880260565436577975955050145396794
14534728818925634651432199604319816620605271541494184194278916577761908780571, 34472737388878553520677036833882731738432898081832347059235211904907875831169
19477755890114684366626658508340065087305224005883174503286996176949706812797, 57345612696339349330388343001819185155077338488269479976597023337454725844813
74700901181506790559366267461377936222036577217962987150848634306257215702736, 23137929537883155091125315144760468932998287533886175551797923227110946522422
41396235861255147290646729728306574111306275093312875788970276276768751682416, 73604212689584646397689925041602332014122226328920855228231788390614086084224
36033919077377601752356206293821120448347752095348770719271441704544064022140, 66306670350872506425826459067695330275178424136534063975290006255440037409622
43299098674283311202988042441083999739057008145110955751167087679332142904929, 28440239953739009145358070321854003210119517120745210903961751672937421623662
51545707038242683886243072582051941057532603574209005469686715804015141014024, 4400430675731659698591505110212105128678194192495520923213750614158920526137
26548995245347244412816269747259349737341868067060963149700263330479828078517, 12421897822104844314318258688778491237911221840870028741069889537699707348514
35515240389756075891595394704045671504956187318756875916783856636426078104697, 43893134175874927247053546271897864864245808718272816915704487425730218037647
43878704114869502849561199010350721190514888641206130013826823057833271354210, 70760023416881767781765289174630229707473537930917035792128296092169095170560
48921093093115463505037456510138965984269492030474152029904653567519666426819, 2564135512427792106622785074773468611622403213249303575097571878515524007971
48635602728424281828945669420051175496915528309268527139940846244523525517642, 27679852897758060542611821695349061225167553653458634513102518657076895755260
57973355549568571283998005881906047378369870204390932820369231846246019241221, 63933390516745094278015716271980900347775763559573163801394696676841378138419
58932332955465241501688829457892201322921731754024593048699169661695069072315, 2009624857621752438089238404994947571753904041169826362019557234590753360795
71970023937082450825448898477812503359935588811303872324483310997390989072333, 30277771831684259928420879064128034618975380287740523482668243338788209335796
75963125758346936055133616807840930373816732121059091640168975935874618774781, 67014053758652162301518594624202250379163794581691262254389684806748599825058
36727937611125449670799426132642806027498750455554483388498801067550684231513, 69369818840208107236556529955721248516527930870381174269621275184683021033328
1817670396182725332497021687005327413573879704034004643473136019322610318651, 6761138742437762269319369213062050732284617937631119945860090514499007860140
63370793477025644713927974832448087152442580708572417645480791923903265799291, 39359329037071880878091112185179825628056662249586313981304973180858055244418
28773392130845931052528648985295134276395540873957977605421561112426335673323, 34529283267372132763777784942121833056983734700284924249018620708404986530290
75448315177550498971574915501479655168575518832738931479174163795395758329944, 28978155719562145645398543448060090967670454707652018416429634857379702688859
5751105112337812885501048573515773525906735226493652499593259906983348769512, 39638746195631436960710039209004008150183032525423360287733793004105215365692
42252653467157136409987418293255777499863147396341598646966862179907878839048, 21821896278503770160261777355398452568516860316770722706761694078009416282289
35223384853941969076135900459772256940355420337455871670047374388361120789717, 31206668229574391657469911516587247212831570694244319623498351359380007789478
73202921549670782976992986540987593443954920141861237827910917698837165787460, 37490511893389065948751924381177953783878292395926455149064123006669742039625
76558405731603384132473485375096317603436638455917652959416944341571662922380, 2827099401298965356785255496564861513419874536968172671407165659252779547211
25123402343377492793855589037937686474499150971620116270752177452202298823376, 44695872096730271199473050523678087555888179915368731037249760249381682946912
51553451519086603733143016179763078056995816512316641391423879495394109740368, 76027791024939909606303062160494235452282696885047176952541188760190745539692
61901900323744978503271792195023765627099877986104229855273596319346747785449, 38789547523165126359294803907444023969330885157467904161048858783658244372504
16197996306084218908677630959560067634305763386808195387979305577744066127565, 48918796034414295292598175521888139429293889838211643825520500375958053245564
65829607534195565760964374510046698147548106858827558731769035196786578526499, 14413690206623521553917341343864609777901282829933706047670662779624661331047
23149302731136124582361186323137002576761933261911905436785548351736850869888, 39195006636974090923846537336567663612885785225117821468045928432515561918066
15451283217413573630919182671623053172874827269909093948184173893497135517800, 32092706597677770089410827102359238875771710118710111278804984118194489438824
34123449160321780747636818205687602925971155873108559335036658035446383015175, 33963717792934967626687894365435111465866256601279512542238358296591100025223
47092628166239390914061777609407665807411825486407993105772786682969592227870, 21574983727997214541217998336412916572901589654640088709219298429425411708522
9225711230545694244143346598621540660699720365879986936439370865190489196153, 27010017018550416569708928222573587862956682427147471206677484130714026912985
8772371746531251465147617278906728353225374088485461137184157102919805091838, 31247475936665138911395201788063187801020332538247837535965524919556979399471
28869976500359665400356784451195666325634379353059864941335455594046730652793, 61886935902095899736119054149843729659290540484371606066181234434056447308718
9050136618943833350870194737122578985267459799973603772554356434471096090459, 75921665760263199928131057131421677843362213490783949075185700445993892927233
10585329055421031247493138657950052531444211364082202196569997756548602908751, 1054050519708874409306723984487256426630646794499385343262402879418568131307
68470663473930169375994120267454619975175468905878505581574513399874505307343, 57031290186961653383991839172546775325902931546307172767639072096589739168015
3677736153107808534221638821723022466135227790846045405559926811917909439990, 41751849198448046372280031181202843388751165328482498898089980811188780927558
43217374546195490748401456674392129074026377397914498329016695807574705262049, 10546490562131074413401231834331477458789823752179112713813986849596272573003
11926264230554658884922158834999760223509000237980148735683296262716494475647, 72817645732669512095607631903157455484185764654956051125542424395502193717817
75264047922686964294847993902898864095509761700166774300277118951895849272352, 75581566775205276735360790569934815250899931694665169360226087368133582325920
46337711048910536681272105681667442481514201134535601088430378810406544033949, 51695874723686435821938844106903477305168704196146024863695200504142345443165
46956753934398480435656904026727526512609242463700541543280947221299827596439, 12678396456901952333300590165637077228155740652263855352255272790342470051170
48661581571380849033761459446607319018198502910958741944044034984237792618062, 66732202487795037456512357629841835432994444379912066550064929752233519165446
18106330107069623703341732138493740003799513164342885934312281852171150051412, 47614354949515680871946951250010648311484340671701692022577616092392923169863
61774395390034661152842939194678980868448750554562969624023040121668212946667, 58120827683464874628869844750417132154981691969355884559047863270935984179706
6025473166801492962719650016917352640237907498676702192607990182112467796047, 53972978619332106556405900811252061661236863644123376814437613259219418697773
21548480053278852997136021812782231212345704187375441726611738856008487846515, 69609462172845099687169589982484727752900358985566286499507380373921620832808
2381427315703510956922612707462138822548998513811037790450455815456071507774, 25277708701136895529686460631538705350455923441957889098836876202355108955921
51469200732947898853892255502072811667087491228750000894682505866859534128973, 61619250727810281076666413283020498640156486465037350232694736398282705647347
42718973979720576426926293025114452876399225841383572525838330087567001223313, 28273944454346769514164940587284752367014731604855907010273110841745173950602
49417021855214311327943844547662070216810275648354389847728269704305678602069, 1381519258296780715903197487971257951733489314827856547861253520314124420290
44691114335204297350423875031862605265783972010710713594810514830844624676704, 3274042933574999564919494122386360852500067055976036493810053053042414978046
34140126489708632143609029984124520601796435400873239231749802555729846607789, 48117489363839126785975728113285943732561399172657531704186272222190938337630
50693028209513372919821242433336336952921977538194992846551196459557067386950, 23515163656059637212064525952171209376695193299533502217735424453213997800458
9254000913719843698250678091025086908199151483292509682910921782983543712943, 31584900995165035991279935958657891739369457611234065635954164343986300682341
71879001485219998083294867282464824352763128926052530755810654449180573371346, 8221901822447279888959771042568997433933611775636306854031684836626008548854
27034588289323986177122173319042301370996690280917596454091288536375063909805, 13175062835095144564905038793942149595131480751071417435683324040786317244822
69685311188837795304706378234906875289817010274434958340539059942310666628532, 44740815521311255046250257140837059982606786624618928703633202391385206539779
68492693881608337105189094146546561837530558000909098213160636275141079032230, 8751117684582263744768339030670848791292118103653002692618176766837866828259
60338103424189766868859509187725798525801340819752850514363875643158809287751, 52166089220560153176400187076392076584094232227923501124046673863139913193085
22596794479650178282746536276568240565004433085188330205615580483887327511975, 7136182151760802670446383019833577266366052599779956657033505165599703414253
3568430131139310741017626224114598342533472291330111473866894857441712806999, 76134314730079484375451935621509980268418099830968026493375588646643717473615
1207646387824637390520980735541002519925216335764696213398281662546721998475, 54276019002277305160946198536890216436859261601805964121060481928360064969177
52772038629500205890978967174922130779609296814912418968856369568823119101174, 10382932543457731318830263020352694362451720692745499877836066536893253237353
35133297212673437712697197739691928610483192356844266184890356511268560118580, 71814585374890770157225309767728151521937586181689399553046172529775994640028
10780253615969861392431942863366282015362735635901232481726401086351752137724, 52083286361977659022871980307930302735402067007658257739145171927799749551864
45398370500937753816890407915115273888218323658020216813067395695978388429762, 16703731481481506474291102208454279047782868726612576927541552119270699245845
38557310630494907523539939860879642603320469621117343987036979515448497068917, 61137661472299091444596170843364319397016845868172076337862932532503534162480
24287336480889988345015699812442270191597108266647506513003766868349774424669, 11851290744280991046291789598383621149591314793170497810825506101761358158462
67415669236650678221618054675798698182188926055217478795181847668362116363413, 73139352695905034747043021882341850599376228444000244089904870801010295247859
34745450450019584619223956877166097511636305761298512689389631506058195105487, 3102345371829808031426900943463538069685011480559705382522031167523023804928
68181711330735522226617314059078782961952106323501105648079453038842770689980, 1777445439192825654735848484739451752746282709779335904018097409118386268799
46239373901735834716824807543530079265195610080110135774189291140295744959407, 75722414554295366234758543537117474753987012903328213006322322656902971295722
10616338053911933303591348843921360276464239662087158376661011769333750961565, 52928591912137144162090850683041798474949946827866095440906084298394810797134
49517171160544153336795791501298896918356139583999519916251768423643346495655, 56363272666432954905583157972732993261755146991761807277235783510332219465497
60706576363166675695230001777134504628593782697012979020619182068552507657898, 37993875934977641320111700293503742880670562653168886122209894820248611504578
2701663480536265599813856740379225640250486862610794976191738018118938531088, 48173246961740689815393600326007758951356131591162488661564190376544861948718
48384861712327686923326932104902204389931743482767237712945751902252636113233, 39634577227584070402676223987269023642707096997644729169380331314121848409247
76704051947479232583246472176113808936839915910590811438692212918391741461405, 23562273979185518427130686575302322538696083258298568776904498274124624505037
48404067136979789298141512760881372114678450290215637843028085152934677679005, 63679187738655552031258165205077877417661548007828742652967384627664962454268
23791331892985273880871039987632552188369962161065922776430234584295858117121, 63045997626999348452548236681363128773279120995511040905131793846009055700289
61211020915187291058707121181616546549066342035196912400967448258921457573827, 27839050300299757142436266895426218951081993542484694002793635686606563836998
24669725777316944308984784637899798314724830080051984124908242465858681016850, 69243390338483687395311123305573285516624855870843041371575211318807212551777
23076888026519615913640354728075125006647119850603186910663722511164945940421, 76845525279098232309548644694292187106627459592229740535050158664445844620750
30535931682044054304131547822844992412324308572814449721065190090100040908281, 19858355560926718952158861855646088637893946863773867479433496660843368574418
28391311216893923886187912351643549631232783377335603358115887585850850981297, 67721150113273730723824306042945042506558436795950552951424761786954583678195
75730002534616567095772099874068139973760825768254309536853550510189933916775, 69803410754984746712169826895911302888467130564600064112660257659563938539966
68167442578223722201774764671272248132129053426409240634966181578102653256718, 63169874400448532703829286139810181173624514364884614693854024697515192350181
46720925301866424189924919512122876639076943570537652426069409366287336945858, 17172611794395115261600489105295257264631149784716509134849188543426272930187
57134006340889645863691963014522356951124747749190839188099356126388293655212, 12101402559381060272502752108326927549246406121807733108806520004158514617884
22341611136235419423343649931765876867186492526064053082499322621595728854570, 61314103281673548348279501450396050529678327325507281245945905218663499881833
66812461488499549539715801786344487297592998969512441923920024053639598083789, 16950781701894049782176966788871458579859979864133226740927877522746809289892
2157344994928817098250374034407975470134907918654226257549536220796095490605, 74465083785517415908704740639279956919494824011088070507364564312195810166950
44449978464685058434931762274721648221012107975014163459337759233578353602251, 42852518844990105328231838878353734564995448549776362450138710293028026484681
64262089057827458214208432181579087765521690664145046286128448071306797702024, 74739345608436683271924667462598007416625843380608836402200559765309239820221
60834536714326732561903256433914924137771921914298284455777773064164481012592, 76812799955795459313214100713842188791540179479417794581201447531082068928804
66991685572670994220433959049243231098430462962106084298879044742755941542707, 33269075626834827876678637153569749172929746123323535196716842366789040802818
57292518753225171191233037861044010148085057794636158938202618461731102766309, 64354930425577547635621536905774613943977021688793228519506238753897310535526
49145345057629083055033533792079927357217768705457249368662211402851776284076, 73684137404887674752013367189725128622147729852589671938119126404351411852403
12022887342324707629889735067125809173874643347787801110849792906875092338856, 33771494521897596775525508735452051230380308481674244423504764011540930667874
36088358561653069965779894626314364257304702602386623350061834651068689729677, 69145976571247251206843868133839214276282587183729855989507735904348467641485
45736313099910143695438424258798889641690540712899895909035813263751968017224, 4067188834913805082765906720488544616118518571064257229858468724096636673259
14174966185577632003692102743832903849377020211334007308457830812989630581052, 43758979036872803044812129013249397437631759498550044742869349904968720776789
43453701926310865971404323417184165913296766127792861525387512202968157013414, 23100455188844184976244549171010872442733200434670457658065032300537813429696
76233938926477571049798965289198353191547925966356496544251498945571452530749, 16202450263131956422047694886881843350585692338186698251419108379550659443785
59859650238340124211849602062031822783375524819127752991151066523593149995742, 7694001370023101869127700753783014917506774256613570780833293975444509439717
16380404436950442213323269173744567250634663262096052454153623305212893680708, 43156510049722642205121136281951566554958472503643822819910554754503774080325
69163825497615892176020072238337390720457630533180413920378210617446806047254, 46439266715141503706444493276336457580786973322570114059046344113952292547625
63677484034827346856116513248883879031820553356168919735746102782270506385596, 21802705646640951041855916566254731904677507091194797097987298697501437332515
67320881607600123932065502492641190241814418670525763792145928170786510838646, 20389747121651040720411347813466709689282563456052881977357241399326205036934
52331385314477670843466209956870371942844724102035670513727732307131641251705, 16448940079663971015427041736408948667882592984936775972184537827640446041398
59793138875606482127343302234584788889669580259221922625294971963010259877014, 37683130506676442644225968218570536403943562656466714958028502042899113767675
49726545807156871489452386497146620536069839158966193767945976753588195688401, 35564096067552064051298023619085066637963282488636807115018161856508073530075
44248747373831310088880688147401841540099495596366170316586338299329614605866, 54694858776300372074080802812980251018476799978982924184792358487704703234522
40664152685305045420927234835203235458035940098172981868001194736792153079622, 68774453200754599112084201009309928250398877677693364175963822820258972405941
62411903064447392029862039463045225932198702244412763770208889809064663656788, 63569533067179837804945034653237916046166497969134950219409695770321500096844
64455381137451453504950224089391949058110106147562617985662464210672576319838, 58747424871211547410265202935719920660093085917733719715549589454539358581865
54510326034162290411897545407502630050117225115519386744993208950239794947112, 20689972656539565626587586366641929275337834193455835499664387988268538296158
67850570896922895681094424780755689876991103353268939405959062455165058210609, 61969429591075430649774143984471184265028453164297192122290240024492237534673
67002575204406353584472026427369290067705225028507117897741128802100963378588, 54876454888541437611592213215118401692626577392133140584690986436547434076153
7923229196493864072203168319401505857112906793363592392046887223077973081690, 38995847691033466471351451433824415868712553816244210783674570949159351658081
19704966568521697824040179466805726188757358591939884978782808556308889555591, 35747807105529999563045621352064434031909913288382699446363809837515918410292
15282727075151273403793843594407226983895995060214453150590996512586996297344, 30155088111329125465228114048219742809054158024987928856307095293324548385369
8402278012687119107722780544330144914062235792855520637836731960138489431161, 32105288578220441721615686676920082510748327379326370276413857575424998668692
45359181752214349126253356766242312072600995768118316170151476952030496105021, 57833048655662934911872746798016731858337548749795941207606316208664977212913
37059769226369891641820049003847626700390567234540771071855748406587701264788, 27855141338794472564589971601177351508135759471827467545997792882433297035560
28774312873812530738375156178233148356290381316124695846979180456087466927369, 43537588692767641286876659693434924226305273374787495431268675087262782315541
14331553272564648297084454545285837890502925066012381731231088562335707497143, 66858416720512424135830254577954149489770468036238731692513552626631987904298
68658374200959739513287278182762291248168146185673677340439996853803132682338, 34985840394497499214190590094366317927889270631863724911100146005898723432896
66245181797355560693611714873504205648357577790093671092115438700540414236221, 65391655938570494657163155542072808302006512334738571819458246820163069896783
21501599709289702039826873740675309356696032607312231720285218977563968475184, 33494811315757299570849168773415624403067495403525556953261200434711804795404
16494018016415738091343652532115608309310673168538067025592808435395190675978, 71642194593855484822363907840613390745916690231390631634481523508396693141565
74911911284748383350838779865926304364246495883210857663102928355542423300411, 74584263365022410220916858981982032153720214558792978827526920267618515870108
51119142114918253634769720165517068445776189996869263986098334359358146261341, 18999324774044036812481332222241944646948562525061849003092550288849687814659
16791878818595492136200651010077416942210853886390167973017205898784567224910, 15910368500357925902185426142517092583667191366989860719479724101179314036442
44723773199705554334219166677332382783510789846587383448328403378377330617558, 47564803714494085485938747965814518107109197739301097650475552369389746326415
71118259899242219069922736335072268205634043449454247198669083097278617385326, 29404459096531854414252363569130353962624946051903168274347546069717837822690
18469792797687125132305422339592581657440895499947261031470772286664896254409, 29448681646423963276646132443122364403003118012144350418024889742954340978935
22468974667213598623803485500027451734280037297444254172930657055381130317535, 75985506420403875309644118366172804232800744854708025325651786907849893369583
3132736942775369855012071343366591607413999765896200010152666035913434384378, 23126777453878272205560649859869926508856295271611132247339902679712628319833
38294633249995475532684478159376228136925339390025866027570099337584518944955, 34306105969677894395046490252043179215131968910745362395779146106989404803105
27507011845855229292443755589804924425396085752254468365828991965145379713875, 71977601557007671083149744042550762322607884801989965666316915302135944565353
52711217996299458085126654091148220437082935722454679910196995057580809431519, 40350325953340149777221116451637833008677765954177248897809542548250006804070
34650194753460785622714735661654252986938411589869196430795203099343398758966, 70191124929010714877918421721417356254195424503479563082502943390419494000503
18432116681077470628371335625585847976391266616165345381498792638982566566887, 33911944742717312476305135937867619379419236706955538071126615932588225167850
35435587991366835029482144409208855147010881218911250637939832716879203950916, 35528848221010870439186910336864106278124580255686250483319806697647977436632
10116996159402658793253733349489504695654986856650127393330370866778056824598, 47704190302107128939078009162978501812869782280387229760269896953186515889611
27483175793844791543049932809517491596860704273275918655676221963809087803265, 16086674027623595681248272145964011557828488377546734608577874999075969727289
60458374912420213174264555749950328965904115704860388869880537133162616955418, 8919643966121983216661396955997119946807706825792881620646143820743580197655
60692481944489456499254488573543569068279086397738153470298825639930566797434, 35101954088447379615977717852017394826530594894088409530127610601957826604001
16429757158994629487208915525244964423288826298204339190558797935410471843152, 69756556112848164178316861110934513860880277254643110772531566479268411523811
75615366753071829349443148655514884184558784783610193159134214684949444595518, 66160438141606327908779047042678825021308174129797482112252265047904498072934
53629521775609441299396888749955696801629466170226428107729373845491851655207, 15057792463662679341414240202126413132952694667501510072840315801591071068349
67609715880236809522055500696206644249337871215181318527758456817377393029494, 25745578174121794249615450104213618975542529588857014076404946823570167410457
48568102300167233118255156844204184817712184656084923114365483153677904291476, 69753031421540189427403280110340851859392912473155253415524481373611985977092
40722318305520101869271975869030730591720540260507729420399065624126140653329, 20106308869713370773253288357256176501675395821281109842979824580530344956440
33614113322947625762721060606903945492633061416206127103441107871215781618722, 75123087161878017162596097231185362944547687523821599447169097704028825769559
66867156405058077922359419031756477305105882111414765174392134425016595708122, 60116765996403492674611168635067403375142926181653224315244096574295794165992
28434183279230702759366414444043001723552810402902110092436110040616576005609, 52276207536429779759157714034490355674449414127083916766328948810353226172788
38039227584786714368198423215186080007724607653768416911405880597980146261206, 13251862947543287440006071131148388266315052627258558451270912000095986840479
5661751797077397272704696064687135736496589669745668219079122767315451130880, 20717412294815935450052482990428093507462483625380582018209999872020481160520
53033505918443058603300853821109048541374721058559520029124960755061529716135, 68427114167633945672176008374757724467913907235289612881697950053422387869813
70313046216420326584248108213417702805149391548003905557083357425597369341680, 33089564860078794904207232723207015215493424056961945211894375765257863305877
48627194598456022203948134889801599703507681989266943465398267133564962824390, 27015307862388751890804382978350384738379208761115862016438291208321927146205
42291872414763887252645187607367205079569547369623842768131910112719131269581, 25760544424525287248107882859883318420137022058592477527023734394670859667832
38992286621684890174690507993953315235595853732374827376073042241898116144843, 65940081470340464046759041433494862759085288406978891400853648795126017127386
43056645190769563915453070516326690391098234832164791691261747398860137942632, 61102794156696485988251851430307974990704200393336951817646698952548094513552
26521674168226099337667877933808504677966313446169761170928048454585806430501, 45444767498463475082059263084619454627465519116256232730485937725804514297804
