Elliptic Curve: brainpoolP256r1
Field Prime: 76884956397045344220809746629001649093037950200943055203735601445031516197751
Base Point: (63243729749562333355292243550312970334778175571054726587095381623627144114786, 38218615093753523893122277964030810387585405539772602581557831887485717997975)
Polynomial Degree: 9
Polynomial Coefficients: [55, 52, 56, 36, 31, 22, 49, 53, 14, 43]
Public Key: (43812479928726242300720166433580458717625821962848634398777642283332143269488, 62312381202085473886061550012509003497438776654297863042776383884145726502503)
6462353151689054961014255201882684219838414725677079586140690945349854678186, 22456557163597741610432952197576233127469251588778665084271042613765409459451
19348195995160567147576725544928369735479570125595456276526735081790534891494, 31941278899603518218815761415520461683816146656486494548162358443821205726597
26918278520883297979983232894051845575469325660675362044998589010822199384517, 57663582776887372343030815836017396332416979697450776267440534908340192915978
31413005938508150193808522653486994618744250644169689475583399103936934499675, 33480170767521148486229686839357881615322679236648835477851979287558208401250
27355934958050734095123558266096161586718229624708092214152336239982701203734, 75331873540982429917366634734913118194254799957287939391149421760886555977834
48806131736728658484647230959903240231947624501286853960555172556255150082758, 62772377887313721654694194723103093219547052237512382015758189401991232352766
13177391576157509529640274954782579425818415991593533827439351397596775899150, 57576093148532280311258183331082466587633940568328673510630637063876528696150
17221433837168526799832601472948927488231895986019738607785764185847947668835, 64659746295486485699459501489378543188328820250397684126297409888421481493403
50229928832787869515742724796459522553515979349198211051961895801517408076108, 54408342925706223435174365028548530942502889818901641966430938759424930471719
15993124370279677362537319376316695030961279664744132208999023897461076033933, 65734381959555057333829596068485737927957943964163472854454821572584116958350
32219270102427856223832754175913969211164806470221404637692624392105268247523, 15910536551742145678489674626876681261146723735758504985590460419136015629845
27315674002649409152827869079173692629019275625670632283857594385349637354067, 6534388359726433352418316196047519713963595163056728263532590073102542244918
15887339424076850168590421021905363568167308347932835499139239185230002839616, 46784792114884601434857691260213952312373052266010756634491660847085075418084
9012277366257616170417486011935361169641146447211424051441189358555212690390, 65520343810806117058058700995571858060089587128217238168686204537720120072719
20207785225774005455677723912065506161867243106545661839482992680872210421149, 20840077958210034309056011742451478572175861853648322681920078070817851104390
71300461955744759748563170096717945518629935565196450503574754734836795693824, 18151212462207024558501674172827220851975215772850313200590695878032390575520
40638730954200491321196878125725666115057284948042875472158178096230776181764, 66903434393558106098789889057901279396400068505015025931959539855680750478279
57006250820085065715848589376285490950392535130515842591646706910252200954863, 17094543287105683138143980844611415627729433081783287228662832393287992164381
38527462931740923899752954909843829110628238374798278821809428889699650144796, 29253992780824984969111775384038422716561838148624133832569958307036222450757
21820595971433447807400430786442095870149685652005719618416315124050477150449, 34223641865288910036191624175437636313879085346031313561700741573480297714605
64287827513352625207798134640112667672424593082155847520682133530449098836329, 61938695297005175217074159317980476071618371018963562805341645746516585696430
23398619266267133223521276780951421145593799468273909056779909410542874232077, 54463113000515933734359912793707509157278807048345270740768179371760415063033
3648780404511816938832827194634968803375030912780423473641777943162076860824, 70512348550101401739083407477941830293536717253010933383052214071920379141522
70458051768589021581067697388787026014573646940594637642991244096971683157948, 21557576240057619833564315532463974199426373156240861173022841226177734252790
76558324749938778845263405716964055916125709169631293054534650657651090436421, 68648088933388075373498777286341111678767703246179489009828148352787354150656
24565076282183958829657502691634864370432421538298027862337806617557556266282, 62576529869337015203270936765984026415640691662034724003199842285165598780519
28591605665966307214823551226828953015343676085398289082320805483668863050104, 27532981984009587589728289164517230149561335312395115049329239713656929430388
4793041761315770265930618902786293169469357684948056236213234341311405483141, 68846262650780387779818894773116897523583329996458416368327088382637543118500
72876118557757431214424842577427597559860950522430634787410290369602466517693, 66122982906768104840369614539866461243219392958010203104530616522527984321150
45438913316652442177027645355529319541206470879909705710932054036128841856124, 59220944464869211040526439702907956105347575275075642016407271855881996761868
26761539503748253597280452098648632335977668607626356373194276879001921036434, 13833235161477596280696936156714547789977286899216511112012984752013546673254
18804632064669787365356941515259600779564346809963181956280196115415322086715, 9504848010221000821198523666165956029526739582567849865924263731638061320038
62841938319625005272822797310665696581689402552789777038975677876961707492657, 28075645610692438741540354825052993918791552403688189921790418960120437086295
33562985075241494116474617057187145911138539994068035713826158995704875064162, 28108468874134086675163337882399535448590264742965232145914887668992109359935
55707616131422613988388068257696332309256503847628819899003116954854992981399, 13295327367489465840645386266658075906909779605068815360825966304144663960781
64802263061929403640749730037019634773439532817057924968625381647476671754239, 4516830514165105543765860191044529945264497129479636734505921895547084990270
19004276917391876724165846084102507806251351436382309765261013388338192312620, 64333652606407818014428754550356809912418852471584646090349664557928549926256
57308436773588190149259083122114343384640147713715076608942888022240006474240, 46078199151246533769550349870133359389582088728023530637183148381617004469184
7836777088149958745393923901058696844391252927633017048961419002487778821986, 58827847247668028910721335887592711554757828901680181547610152239591540420322
13493645946630538144238117666197112928729280122179747099541721234318594674157, 63283596392399068960204934337900064896901524477011922196679244519319810795864
67575995807462416869050384112490478414077881119042199411395483733774306537513, 55129433862725291902107494876063454584137934821174671133231206185289684163516
71990530166060701478265282820714245378985956080693435152787752740141841918610, 65225429338039251506378414113331831720353741639003420424645095106094193077039
49465332111726970344180933305654698974038407114554830838338704272324966709261, 34425218346949459554342958266034150571854654615232605947348108841580236921778
27509415170156401738626833744542376098297834682578052804780979930201460763659, 30027866352930081661443981176636246174442178883101818669011187049270489338955
41242095731433108403751582462434627583242735094060976148726230469646340080209, 15152919509997033857441433261452993808915493113813666508920632329177784197867
26083454943358465414228944572905770340105734046472731251507558203447364625762, 38934516520207081184735182261363611334911683724913687545696805483191102774967
48282041464803311244256915053306779682724754762228060925105450507148169162720, 56213686438996435849319407698279856196983505315456433302739701327518923533331
16924005527877155093571475588461271201418013352484175405152419444813754981489, 19072306316094624367159084243541756326576341855726944217906270900307759913052
23969746121343693740491398022533732549770231717548612126606988763589515714717, 33644067815845686327046591175545176839353467646723172418941911499975283577570
41956432465555785192489956275065545110029560744982971655986775027054637319376, 76697780215607190791399090060935307685528985906151677325598744644680448992937
22500697061156117401812981346201219578617751488462428423923354344993944092465, 32483307753747110886402836492775989747037671085926802783295277357886582010690
69606027232686939442837219292909959193271344712554091954050582720009369719211, 65829773435895758816820268020751043740214903737378539374843925696331079563924
6617172761639989725872677996205821113137090145740735567572667580889820318095, 50688786615906006051232970512032914182169484350615715567965074945602270060678
49461477112240946066800749469598172182366643221550703376494494708317743948864, 63876766303912194013848526812981473217088104422842071301533773221786763196605
33145183907076332088041929250990882264314136607400146522377637982107600156749, 66607810200124438474002048063493744168421675322495581959830755622556019622463
6050852721143524752891945459750233280509039188502784395627125601205209407877, 2466576338194550651868701240806516656925970170922485357445221864462782332613
12562854652870676032288338759971287767019915246493379229017845843724967544369, 9036218822887812874078974605793587208483240784061872370429140039728525404401
10692000071947972926195719081430160358779034690769324686664066140373238791207, 17508281057194598819133651324265396301784927431789239240808363548533060365750
76308573483232214084547689739608140298841480596045253341929448861298880608163, 38619083313203289726797478495463311589302260129065373123893970887982656641229
21379322912834311621576878460955978822003115812005905711878784995917015393321, 34555217998256578562826037311497853133084740423994392928367110891867208176153
62320536785015675337129240355335231667317198870328746975026792388380577759956, 3468582918007434578688711097957735211209189463131831830030841372120057490026
18705877269111329537737753525895990217353059706024423491258844549745057279855, 41379748596962207442116113116362500662415016297219846119098206978226292861175
63146892185883303848664392643087958353127612169118809039331773213979428769450, 64191982677375371265298319202887262346768488478561081791049393860492227489765
59793409442205288677250673393238662282488520018874550481302429293017438760075, 9725302567572066288663169891597674729991368505600077347814746886139189602391
22299161728169394387207256698788124533827654801317407725567423853303157437722, 29636271648515228740482080485953248124077480935173699556378276156632565883600
43523154405765603747543617994220713618869401285740683106447979882007622905329, 20660569967704029704944194198506492318492263307175912286716791203115208619195
73094469466801166588696429109603381366760134380329074637149866391928079247408, 56561237325156216682691150529873162366400976475346429221756468368556568376352
29124947166971846378650662182956779201349103324394225903136092112504729921581, 60230011928296680770076893463444970840819155114007454393954223699187081736756
41911877770020523468801387261680292123211229652238164692665805482804415365278, 69918790606127763264978946884940449231978159474787306853065159292036533841080
1902083839602528063682235217248953781269936281522024913463684387194630954993, 12996319768229480021884011787259070568986670190610745080731972493593662265883
60661673381515634105989029338276820885701466825766177124375943353251976096903, 75765678539992834524152227976691262633138469956487344744261276760912666061265
31882743276904524795866110657678937412215024648110630008337613619068550007325, 3676727178996701569507538690378937555055588061127042271818729548527285651000
36048235260981333185785990670719919978260878790902695314298533095338370400803, 43901465339163676384729226990169020191040284604806180072946994803023791174354
25146568335727424837247798763632100120354830713124371008937978460365914072306, 6155767294396075314333432821065499886673808225438048931770681336774595964645
5994596662816813736498941176688757998168854800061921114819600091098999475069, 69229818588484042674075366233707052280151010748424429582705041115504217950095
20414708685761577051700118941013059865094320018335548809945317447634763881532, 56001789270301975302319808255414289340260950751611925165046762961945445423156
20069544995170458699084010371432280333895379007958336922333717678665219854151, 24339819070051832251685830484058106878364752599203837754933504948790841363069
40706123620394130161556574979034392321361441982918034662081279758996998833091, 35306202696479638845044518608996521277386580083409615988742684789101824616385
30487617352349760819552984476794688724640970368489810759675792074580260952386, 74793895461065622244747282129882058662671781831905953057632585804058352039729
33820804096875813797652862940198079028111811332098631826592561657785717821679, 27240244486291228977215967117549051262533322396133288089319058939071950959443
21965356686233350930883554435691234064812502619533462371248939277900495885685, 7510435757155341145068690495323898411389264099750327061643029504255446331990
22165211372773259199744399288393580026033339031317350431776890798916366647486, 4297825341336241259320050859104579806790147026917625347124267986019288005666
73541994243054882380755954704011336157329320982064608878660304668293968850420, 61719930219651595190746024507497563656496775827576139852227913487480100319070
30717631213326801617810351300704785484922696314326959319409251398292462164283, 7068150599094675650087149034842144157012240150457875062913041664896598937016
35039395697931173619073784819193423439356219860323560859582970999325307404674, 10535296525652239042953735746323606259172268036812668965506324264506384691875
62871753845251513445168401709236722132022157129361790082983842060250793956265, 32578008977069259377750393302995122899759286081729562934955513347917789739557
59889277520261161313321607010781374805971675907473285897892430337858747267819, 47822216201977511497220961633883307854543765547246424781189109322376625522657
30951286003153852859901383349235186559679922829427811025570483067394560669056, 9714120732870442144279568857229171469038428102305247366238054946693255427530
34047938325591973915916734228578076113237233814551709470820814619689992512056, 22499337801464780660814541331913647102823838983751587378116752539314557288422
70452015408302831089429504748507462913687075788351140207356050475894902840586, 65950173375960643155445258608880400389874430101081090609939252073170233716860
47434244736208018590019945656979297546335494237856957311038323146635691226586, 37611653713647868068937785338234644123777368328084188262746292405329816580564
59697720703925557860896251660171343238128488509773288262876583447179176048603, 15112125071309369305991451912486953454319363585484628286213954069784444122687
50853847557204469800977252456325686784946727811159450200056259820868857915200, 56840457218125658131047219215290024216224011438854708179471537093291167415850
71356542273197125983291306940271795655719421418691746895754061313126285093302, 54851867254519227370934834136042366699219402804483352690728933696161353975353
53777812995097813034523468812434013245622450945519287534531861453218214833751, 67862457375536753930243601376311700021490873114522178923609238211542096437606
74950846033017213481563987081332408843811421841587989697015338172884442175665, 19548684550236677578416152469966808204520926305613194033584506891943908372415
70831184953927316173123900648535457132699565806266182809235494538223561879763, 57590687464691669192247497619737881454004605722149119802015368916633765383368
40250860566964769385951048634967897388674618840082536027060422544460654080474, 41298029518695270074105867720523620187376833451053935751873527301763774763877
19746015872742707864568785126694827157774367718362525691104688240065149389393, 63947370120305714650688235774642891101945685208501404156383121258831998575354
33956617379086701258649427603978129094441990138539815420727602983555604830424, 40069072111851856673182354407294706154804077948641855106819147328553152046801
55386677746275883905149471496619089783076886142082941722877918658767812111443, 65809247149005699016907460541116299538211794328404170896490278844304880412613
60241589874534943573266236412510730825321583809833891874760163232536732892098, 76441007416546984937684408255159466196539466349216714927460256643654090243138
20777276591635023785036537835146850080660648620868789233103424181036442267051, 68528567929763391767930990668618454287717502539995393355611596613462427010519
31443917121429923494016829255221461709107452400906926375974963796163390813220, 71124372430123536528969152289840139954256092933704189974871238800529648518899
55082618513597032666328002964743478343597856871661930134191161932900906285739, 49101411963641241450548000902190720453456907869805777358774350516402302287196
28887089278089273518075176721517144567753120702307698346017560097260422759150, 68278615476526026054928977533193763758878308334087979440511178051486511485399
31076624461271437831622838694762836466023022246111303088930600854521539165820, 3797192667267688719457672306432224970745522596365569065693590441138814275787
46836165742195957313814790397399285127324231158313404071767120131502413149, 56681085606400185481241288662459741755449953347872774727845826399967248522654
48911456030359930699792635801099446575406433307173054191784224993547664196540, 43060991276421295200589357340008021492711767021562831831266887537665500589708
70461382462604611537211760752371186644176085185647567548765971217926649265382, 73457039742392895664628206280198704380505417815820923588112357905096791688310
45277556224877459176436352518041691207599768396032935044635417998106470622053, 38910496511550960616768589871013572035585043966466210019626574053429043847360
60113863130122288216639879289201997471155224196325603866409294461787477480130, 66642971690936731613047126406113129341904330451600673831863405077507971563085
16069389234463409922993200559511824729515872412743966446815875733640830049375, 21815278703775739767670116158864000660285852760069984364893908486574093564186
49903585854103692021977590768916135833415561574272664878854662614651909626062, 66756113480167903239544641886248824473292869139823975901703920312096184967188
22371678739047378736323526158597811400538559452367716030003291702810862361828, 76728027955748162581536512072043739360311900972601677864156445811074798956240
31253138936868235533690675160097577716493910926178811611317957680064629846075, 16289553100409640810138733028876721461531623854171470539133021171324931575890
36452950780058822588656791825206693798055045084469749630975705183266911349435, 5583742483215045749735746903021648673599431232123163895839994362219902689996
12276814508434354274267397142513566777406226687023525460669875487246134514615, 2911431455029283676762662652559727052884286401851801432459927314930083333549
44317164816126154618242406293913233065072304198119050073984234106944681667032, 75317171639356863360033793329187857756812157772382867012739972148976434861804
26045309555816176834374960339040561244167260651948657017663522875705308918555, 72467914125399768649252987443680616234495272107099005394748554661547178607971
20233706345109156858931848142744411860603975857107960115673672750454486958605, 67718308988945723082478106155088406717914867448969306925348786147511794609074
34639457446890958422446893405425457448847493260810189330010903385140110759500, 55729531379124530916081563261181121449401735401064085538305016394495304472207
1810058683864543957530962440615045148408421590142079450733077917585272805308, 13960858649960817708207060686693558493246072368205972816263213389563988515553
25002904656232497910818076496374172283645041136104280804594901443363905092148, 498147760560767326836575555649356310133085723432882148120117414536165044048
8611306690238920438838992748466462726079206330294750025952614702054161136978, 39750759476602305124521198051873798164043578153275154045461515673752240141615
47376307705583584724064422445206446041163913061135151771581717217558521776603, 44378834136034928431777793263524887164357759844323881194802763980957572468493
9814009654996348878990196579602058809517688558667030202768961311695679846791, 49474180655880330477497946128053637377249807941610644033735839871374592604348
16883623970855025699638903845204167247358363252120654448475079749881501198610, 13575165299781463762168977458063920707764154810860797340831333797824935529370
26345122903958202742086210995282409470938045128276288489384455395274118642682, 13763237967745091765981708260317767038199815751013543735356443434808879150117
40068188310645305547035039419262562474403976045497848906224681577018661153660, 33155300235374596216215672023462453412756228553862264799298232607120000810993
56192877884506631927925090928106254888536705701136975102055508487309874482618, 13963927155313673216464582792267033986610133959573329146274518385764877764401
36463830973126982256456339357186554641689257031474347427211433266784803506509, 29480468236577339867284352455223629950057316958660973778935186500449985064904
4263235415564501727286247626717649620330453058369746779582533681868240893121, 73745670145726189690819993324847830994779611753144115098634749327088478692121
24864900016341256580912528614149700228716858169794871325119155273782374748612, 19626138845649031268634747727680681170058028880002364921472154298265663834563
13886203222483973571022147582189420133366620080079360703285653087853257185390, 67388904273472085574257268086340317913519658018278527907338448365599271618195
7899863380040825135779481870032143482419545196384708887615362334410266376227, 39095936804734977198611227934789286855533125391361960531292278239744528040924
59862271513010203633887302403064767013006995633247671303759193728339324602955, 43840297461204051194567198863708514216810114159207900161186150838019514542241
73682311892222435650904744918740836828269588440097284526698511062025667047901, 55937878746410142374139009238349028626372508601918917753552849307141046798253
43227586327093260466895889880729153895424132900336377560565868402959169345933, 25340573392027154870401987231939889651925411032222097027876994214289365954091
49507831118951886779567593976274846100887986339038815434521056665914073413179, 12320012447279410371302526050239162649239969909633382741568698470796397581940
58703651902914078290725474732883923849096660036250200500822625606325434722426, 9310685905856690153611074729537293943107492893484238134380883787209221477440
14042919391150943294907373886803532521025065161717549328382780559494981763723, 74366805377066935140412958873476861351868748912503139172017397927878912939202
23243438586755412228770500679692552633282586303985916200938347142888920011941, 30185950776451207936157208331903503235979003946106061851835769842483501054984
48239471048161237276634229576823301315252890633935773890998340283427825606266, 47887294238055805879130070983341614325812878973418772535445115618125966350911
14143371034752926215376745484456566567873528812035073333016708807603581313745, 58275463034815963209670137998468748707847369844418695635709415168386383815842
74790363374838762698221800284537863768802098952511009922341495787906417299430, 48308471844681270583804368833929499164020294967370595294608997076474131702731
27262038570505519424659588458828351252053533052245437463028531760814807180741, 58235012467734405478341722687838025035970375009126355800313043034016946528983
54899089708349436192215158870366336215323735609523616245535588048923939057017, 31626870946338031430298010414525078392911607227941703086449917115107191388841
59060714467922415064509484758035725412976543804886320935346804057355040286106, 35387688815937132736630249340187094444239755506531579142641474536249828634446
25627945922548889479714242425938290579887311798686517057010734964689104076569, 43903330634266619690873514903771485624277665641422658029478721272399083456910
1319542178895816354261343925363103517451624475439987697148434136894605802790, 21112353128821754748730905200932638749141445597340257332230998582082915201908
36007561749616757561613255149167934330459681165024892320707507917387397759550, 54713872505615701879883390246966058453148334570133021721595003765372351392578
49125228834180896879360119881463459308086033287827411737494739837106403975856, 33714628811628079808808653783581189861944286216496134856988491796610230144890
26527102020953928365391331907116732005811294750894359942494239033201422238295, 22364466681678282713868206667415358800178783273464460917758382985680401928333
9744765877898382939865172308363942341279244022725333600973236395438203546942, 68702396454169561416960258831876634456476214320612807438500000885478206257751
52427720350077670018068123700279407669015971499623598241808335852734784557143, 27000239747116144524833884330622756544252101218060499174831444751335209502594
31222218658050615793144453295453877502016508793799256215595863660035064113097, 41525694163481532534998950014450065340459152841940225323602112989415243141034
40431528582447492868984371905396316535513271971390221582935879082995357352961, 73094580211160921199648507418468944418746350087149034131703461681456221275652
25338863156764462344052948261308830460905730035474211407892735590277235908711, 47437570544674626874370646840952949644433195708718836327856210763569649842865
63596956517782325971589974881963529071325579833874379286517572272121506167633, 16063031268157259868676611006594751648640813330355444234881572483549719058883
34243701730315982944699826294966045604653024069157028601981775572313536084818, 75985070104912697083337691876467924953747613148307405404267428066961238722183
39409466815503333473192027911808923248618437651050877541540514242085649532783, 66827017925676711943074099961762098291287099876938806726565383367368505040468
2930627181841874786649650939633555585319294883114369531891468422648797848798, 54668401880533519303537466597425981235130539214143385440600068896675656186690
55111832472375292364853555352811005944589518643895110176387147552790282004244, 35692361673105117917852595635342540596507777479573916712540320862224677060353
25579877500227696678535378638487294625827495664999425580272194896582455614813, 47782244276307958479080566542214523708030524087363187124552458908785305352140
25879362382084120173592841149325674136437012409660416348864666367903069606530, 60426328390895442688220902620041203608916775623142402393383837477504664773189
37962487490814947472695695743835773529303441081885390262808018715431339290173, 45804446837424311493992243148004031425888302152236250350963237433662247764317
22720369225890037287042333129359226562245395406716886573296324891942792028018, 22963786320837485248870826064204045008361145356574623892244958186592667781848
42277413934230207643543135315186638178786385287861992291105628394685747769941, 18302190448200363658620687958398064629151974652262578183553303894615606179480
34453470153844703386147062181215675483966997715184974518758117613872590782662, 48154511545111081506967537744178632278331004914157774450044736070439045461904
7808995477094534016445699616131325258330253376645236424922035190755599636740, 9247524337378534794696853282904156311443200852497050166991030702841307517847
8096256647799042548765227123658195534439824729835116971326831904230637742293, 75636810947619264561010231699328359754408789789028050063933841396811943442335
26661932023286244129127639647888135869693396938844765625596194331320758286516, 28321095394069011737312580972996851389834227436532749695639359516291341860443
33612294331904159562639546317915892854613344377009158669796701285325504360630, 74468874537132698138361229654516315713142056643567096372416265527155708743158
19274368724905059876787067430190711331396407471336895685673886187736961041034, 28510305459251143400122124350948884865244540786822672232036994379715571647062
69700374687984468987762431730163579713922191165356440837940835947755252859915, 37308913356136031811469166232145728035338773000454461298297855374401283189145
60018291893719292542128157734532243593686176675547265383052127801412755916218, 3275651355690440185843529406163161835775334808175867313026652203423147135749
18266467090674662493713306187768760800564971134411232752697462374397224027033, 72175464183564098145190156135987797361327028377956197861147583881241186532213
28068399256699556448484674176269552832943628142804290574809085391843730118918, 56779593760179112857917702718693556903760849817551166735468664071172927782871
65633180855498406869169617338132524289043141020412743420950669515202624187657, 21204266366612558683753691943270072203866240724070547326328570535931972946616
76835769150573144181621259152704978143215578062317773334106880177734635924285, 69162348084152425998267499671451812530454162702660400902198700923436942301753
22127742250144298982961062288464034569169543365744980768236925928473839576617, 24421137680778181281717137092291903076544606765558069286102452894354637022478
67788592583778101791996514344709627051035028724865428585515136338644441456156, 605746508095742707984257556410731843774549271687391169014426149713989691741
1052208945305585638493928291632146981768479325180020421930437299120154121275, 2460199754338738404064461746866388743720733635648750374198611046115431492231
75533771918268757142073560455987569930965547652159393919505150567987185584877, 45460913865561806376493163381693908281095703745410439691517253112284161929998
47810201442828404639026995817274787107284645787955462104538831024410595821943, 8941820109712871431562230518010242121495832766815521208350880174112528308625
50999774257127691616302117666127497426887002416313052034402649960058057989517, 72877587649522179021363663993901362375918528213567371489059372902484567536488
74772687699592608831401382322527672232227870490817118279425472417443412150980, 33356971447122956799770378291583688427490666272022218810901165986331778859601
22953860480513673580993555380521461192214875845957585681222365627496770161886, 11435707654158745166721537131148574816080982267633384952570998133392987245178
25826908267396223326304012022859420560797288847482841847920876390974639172517, 62827766519836077474048471267029225612247263627759394386087856890864960331860
65153615386987527239867041633291054200088014933747925713871171045434697238839, 75015588803465424489855865507726384763206316212266170420052283007287677561118
25910331875332309597082436061711832192439022940865029578323948084260546685980, 48122247438657031823339533585249942083311300139483018129851669089840942058915
53807750058292188226722851240117903905194212577186174743302731531804385373105, 71136287382533900770701836252753098751102889072825479299547308079790746007308
43254096029880082779648667047188165628708752566724193014901224441789838673054, 12054099789396662481636331349903818763728760743855474879454112084203639122357
23449227028506757052953931107080531269630370990175766474233519383952997083020, 45496300253001286656287292844834812082130600108627960610222351253480272109074
502226052483836015016331413321093150914266549525550194933107875240670865714, 36753981086331592833083358348709040596152820882458140759798266798247345084730
69196459204388616871479190916612714717990495627732821699877066349688783161917, 53489179874178782407387714388734789596224460979563796094941234060298988967639
38054527382087582466199130821469016086435754243517010834982170687403244582239, 19812269984012991219780888781604724577275971868987591975139479646308142852206
15887528831831236017935265236840529576935685193541174846015862710469367119033, 61995310787378794092331699051810475529051504722254669472315950695902253276948
50573341723839695465909283964094007448551865630938349429184870915642986425065, 14133596391291983121317591479980817844997473310148678777489476573721878929760
28638760283304433833266402312717230380980602810602154357804029673321107675912, 33578373372871205942677818006154289361721149134007198928642395592110007195690
31781796346923382126436188897742942265658515163491300590788607296455126443501, 9852177385565615900104944135674302750436450078618143479291633007211922433499
18650384258752184354849668009640672486265598287757900436412747500628691657359, 357247041499946161052627175187979860055689196954960876701904112850389825672
38050084876291396955796639922315028690063569709328058814783606689103238114719, 50905889586375295562847581801367793830170113282754272475616628514416512426680
61061464349383659435041607064972747318607647835016659942234511840845958733485, 72919823978560606383036195487674594148778999438804637005467556635231240303558
62751692564830401366044639209371312896027439505861967565160496107497791885086, 75682119069421422243316673017838349024501051411390007494173914139431943915150
36461131417717863330269519740227953083561759639029225405049103723448528311265, 3497230949039783305199976368543702372793656519586525287950885935769574859964
72985756534025302461877985437170289386560452729487250807971026984519799282120, 35570524828057079252312535548728115771649730801696081578455251320763663581781
60093854081212255392941446245710130460743698003330394247284022648414286468239, 24509593974269052731170506188231109631573827342126695730654964667563613474250
12886804417263361114504961176593770324341096214686941068713019159606021044050, 65491625446168106642303183124500562141158034493998402198353596441125394461334
52471284099031618732784161007863540018554924810214151478037644967951310637605, 64022808266042017614215752565044451026504083619158574074087856790139111825661
63938108251403983928074872586367467256069152061256087853141642386158974178508, 4390515482091132471498919504221337128268436034299447174482552340915578679961
69485595210024680662884336166984261853060241560169487871101408502922401047213, 9594157789781014761997672166296182486688983551414553206026407322967857896203
49040342065612726037667311537112699581958915363562951696471456602944719944057, 64466878982277015405227840774901995187617339254322679162812138057205108458707
33000001451989767541185586730053942413077545235046163077165712734216147255569, 74264374534661152216775599657544118217988333836191761172243853157301840674074
20820828991047334641207892417558264465983327642036178593968436578810936002152, 21676774876119478942248178967738779290713083962003287932541442309502790802796
19859417217163744145740341124017368585521093422906948630971814823012796093490, 31404668051249608600988386269457693909744949879641189728083721614610984942061
76866440734487624532262446463324624196843904432787144238194205285109012060499, 57778418001986596122923292530305139842294286618291236084523091328854256493405
45053184818274570647888207021309986484807140570349742802396668146798316176768, 34277384585610365711338416061611015759260631931790004503055989061114972635940
40048775673853550127070842173818154786209456043103064796610161315173788462277, 61536229136496384998561595377512361612153138878637639081174166957082331950101
51068459372905163720670011184032556042508817000238120054020457541818349764636, 59885574145708332135873553687859887075630413442865291851004581071150095677080
58885367019490003075658761494864905219547263123382518762793328188426867848435, 4057623653338876869287105489896703264406292066436472573975294444912894827932
29552872771565147537496252284614316498348099009727213611487631496105373702974, 20061689798306707895198094634946299548095442971799567211806225856110658903215
61722449209439258124383950342693130661834702893966498228924137541702264480688, 48648059464056909432784441882960742570526868508315162042754723325284170650234
18415669393967943774224227451144568465913682916592003619986008718191377311240, 65822278974270741780399942831808860261689524274266455892497998421242588102475
45209630854553212354934389322729666908777406902203016672886873452078755851652, 71096877565095481647476233081793738429308132792660963564285384542287413369806
61976844649141963888413424163000875604529148452101909989552091294482675942619, 68557096164837350619859409833641752467553385728906215638102978115432404283027
18064221788339134715328593537259328201282675743509293155265456110334623925017, 6892656385209050844651737942924019708119226872701073674255567799214694384111
41400962479569998154707138638660948929831928644613578798387160606170916521967, 17405772774576283846766893808328246417855777194549763361266757224727370490533
22436171674356587409365388614882878894150666188711688806156746535953246005200, 21642097464576143353720517702932008300524041331305862594333477263200066222250
24156605160108483136955324945649564002398752246412490567001475525861040466636, 53361358718524837977104132056679292457384427902496909499080025545256847544066
11220705868391693785725217613955860207411741793694380658921804669714675384666, 413609242360217072283111199825329017729041094373248630303962724706843590561
53636490530565857903846356748440172460866085448287265732608016243083850927183, 49210938376725866954968992747155399940363379656880340937918072270133818687656
46868197382258131064387487544800544604692117297603034956760923482594269934836, 71423905885369293933541572366809576581787170026578231877982901966905137988488
30627329517621976606599462887944488188144843473539882489144349642107277526893, 15608998318935884745160871886188399003911315392330412850719448108579454107932
12317218673109015511486205443482126814238631695990028237238823197566441477521, 38309592078468027734211389217002892529399707916150416178378057602187769256421
64526596220593234038526100007199749450335174528052297723883230041431609415339, 457893881857770154054399663707345364123698888552091463369572043381901834239
2020869666589519255242664070172386107233748551288658919732704042224692222539, 37038966471017704557342929580525959933951513395334367631901028621027770222700
63918795358283455916363635297595089906314138774611915057457100284654935924172, 45709358818681905358042959353661002936380217335854267778425451486168952373495
49457844366126299405388027802614234041238752674594985366940756031339025597676, 15145075503854716718380100396582051072629982502090023773243207170075694683789
21081547689281904365855107648410071369012397926011308903524818514891661513502, 4483966619025034630396741884940410448207640184575683038587726647088904475950
70483399794147220386430728497441762487821423768881059450367751811362281507077, 67480374658104080262897654797853539987292553156678083214171282020942485726499
14846219851915505684229712412125046853236235491916052074741416839422294774766, 31185510917562723719350187870287512935884510961315561477343101342225259679454
45628074926056960541106957410500643864371043126384027087488893293917496499160, 20013117413856358104237393258034122338083620652292661307426728812826639136256
67103411302145044254934063272446607468003679498798571010779698173051671485174, 54087714036660355131972902144833561870395887869234193027726275887352132954903
23003809519480995735571470839194125998735360374439479937985108809896862066324, 25190077442678361247110506910828540205602166771149224117585072563864292199880
53385452383303877260438016385106043512997002442914033967212056593963176211957, 33008577140040816351713759950963921969103223526900530689656703851486148672579
73603483333360224309919712372950442460288259858494298328601183168026653866728, 1601004705446238859219295576086814067410078782608115015337281279300774669688
71597625972954580463453693885866047561812605376842505712424685006823127038660, 63736151885427120619476895348861957167972855205296111974553300506530663470539
16298906045776478328649370013158568900649800480941032595333658166682389215334, 60139389799973615589657641871048096228034379598411743472281326896544222824062
49916178554297690442505288379746455789828181548330851260675928714553296601547, 60756880112868692642284604597991474872947532494997718319554032725718394197531
44018734159307484974196759737538305158111317736801096376720781361684631469373, 63428617185257226721366418689377028188338579499339599923025793477897217795874
54996498978263001577524829489767225544473733038649281478279151113269980438671, 33453879077942742402604205632517880073960863955362390437324986217389977046920
5077883101087878199029702551734046533945346178077524553740709029062014866972, 74923927419410233890476742079178589632065106671577757289283712505994258899957
25438247137092125109725361275884668645913448223108046130883374370669300339119, 65109159417326176392366699261623508386346131839061995347993292130055078812912
28480835207856486649144527860949706427027531009513074077617467850923999225519, 38604815156679359186730708662314117668959739814728398644348024687075872903519
20083570656238886508080650784688169447460878688773271091252667045964794305254, 6135722411946469200057144930242825899899665339297622735770496052140273939319
25856548737811289355287399378061315189058857028530987089342285771802119700771, 50144555812456818286122767264478955745525510077987755779986005137580771916590
2311519681116633571533681714535139300524978405275699936763762329645681397848, 17128230426320399320861320553517032940236379760507387634778190280976990643417
43324769403887750111328944211641895626144329064324622044730413973218291678806, 62153578246599101161397664909555151687010593630548822879937565845362526922657
3597039816483013286337666309334211201093275085248191007211177369122019635190, 27505727742057597472243074845284423869236260513794286340175745802588712055644
61924107227536930286687127413211498643718454510067388891658577753271711966027, 49551516400395057941318403906069394998200988432955198958378146930950675731918
46963524754376000715093479055330212380166087536810134594440526916672089388984, 3191496327993463799162509011789931575825834962237454963414958735169346075135
47266344680833803805083561957620106740866422372157571678575237429450389950295, 41202537239548452601440771323169395084032462214886887551240136408756654067713
41798078571912682641649624151918404826560898370610163918602200347496052856763, 68524067391206623058429310941512798743534985681240848246080269040332852519556
59294337110477454038092342732534796334792227177892748622535597045744979390452, 23523869459197376711034870263165930225832438099232554481306211810701712544194
17465781037278553993596580550821513803696535071394971192854757095508604348557, 65348222935172396892455677654551625111795048351308885285298587727626570991094
63970356597158297505334921203182634828649579610044204262440933187348219606786, 16897736552631325614178235595425162016108947572245988134231550136893101868006
74309916380990466331823709689736235460249661288281701490496337212477285578185, 55832485345306836861123158697062932285483820418702404884222824890312249720694
75735765913695814978140841580277570543160972875070025025674771299662891646251, 21783434414538755443657494292653060660772052394515676554600338142376210332375
40713444757196716071181682305983877543139230494867736331990688857785137846509, 66667334557029265246858492963126548469530957312578218013477746316681624466678
34492370581442909581423571798241273489236978679866655007549772767875341542330, 65520593169612602913772187908823103187019809641197443274958970636868067789891
29505629695282593585941640498385605126321413221073003164159976836736840903245, 65797164284647056552810031062437141253035938988545901558844424920018921405609
28824534983752600107448579218525613355871555266237291113317608637232007061764, 48314756557948205440232001761969260937125206202287778796627287934472534265536
17471237136604878246910827418085688876210493898603250248849727921090604392029, 22526310106408035957768568282698236248586200591426108180976659509906103417747
30485824728930074120461480895855798286919054327495918779190597920456575435153, 71823135284109188403392221610126827123808060396813127533859440242771644256535
59750934502319610899366660079158091460353125083356801346867065128183379454829, 4931652731975024140177267861693724717440638724066557798476863943908520933267
41379431455494168433798631145880350161736745254681394984622286396138856686495, 1897946521045936397714448150949624122331919919085188432783922524830259931619
75798156336822326455405932049881625261750526304906594662388071948998295867678, 2933368017517756293907884811351487792261236098081549464306245283656322134684
13594451926738486184918506981556338416592856705236883052043518232246147753158, 39458088966316730240295763350219177958032177246195281273331334537046964631995
18199111239825204262480777143225407276893448285584262138694712107098599041379, 20454187038161871709835433057038254560070856322038590218982873299729412066641
24564333538079282549978577997857232991244958301468579555141371838634608280864, 42811456336070150213782086148617294750842902851218627266923811176733883951257
19024911286624211654054111652266752555227614632796540145234072936236034050487, 26621235513984289826566407427747547070997737886829442940332727938489623532207
10582902991092677034903367719706655803998814141287874115287043739727558256405, 2152668495189610510897992162992310440938675135797919598720460613341350454342
6983692037959049905094238064153940114584836265491663355657868456683503955036, 65282156079084877777661398532445325171462674314934957641862853055813834956259
31222895870879531758070541226275167843047640340425959884965416433770148375001, 38658570301657702963580421652681823908065734808650056586456700582022252281618
8014757762193654183252590422129862591945399299881390638688168423525486940087, 29963448425967919602181524101906951637203056132440779546736129178098721131001
71914145337006378281313616758966123884323858467795075864660448118079684623130, 1068578091410102160310850555075541432618563512833865894007282410750002788265
68966586665647886898495657188404026212600044953633331673891939077158810384249, 25144578844131804299605661715723258094839994461059071743044942843352719754660
52586082978869807286131826218959037780145990502601766918911662567560933551169, 71138385156527453036244650673108386692361323364021049260479157620145520725533
21066093991890970545205756846042775541452060748239237897060969829665133076716, 33279164600957210660739327892978329273252460754130804805341221475937124347342
13669466228570774786139543729521479825474163868632822021708128269768033191436, 23237012241346830072305216504856342057634154164693446999248805007903899158212
39276294013099023662385205419816555107330063002913826776063759923387397066067, 47986849136891077810383479526363012815340642898761156585369158426605294732052
47761020183395455158282307393546556799978652677320718311714568100131381217677, 38561403998896829039152110870830479051198614876076193251318995260273174613875
64963136607440933546530740319115912607160366991316981203818556459826293026569, 76520999464903158910590883808035461926764218861772510519184994029698994330203
44222413247723429295649358240411350367974574812509193517123386684732705901836, 9835470722119265031960555337504830807714463016731984886207845292801031278656
48787498226580359376064654981732133426257812076597123867818288388676836624663, 51910258632751659773881383386149915189683414867322953180538735761477536888039
16643755458635400205225059722328395813783271450179226835013045606283921706901, 21388744090836830398701625114534185638590192308667505703929913525419988171236
48844921959673135036928774907801487235847280616190327731003153477214241118324, 6583461215223256378723080304690987393220299387545272661350342118803145281729
60489415404809323298643750957023211499730773584558043050810172890833157933704, 12658121340473953700281160222731606056831183411491585200927405369328096960665
66142750014778852421270009769184120564044837357307785377654555884391068806604, 63666147768261971609789172137753663645006795767179085455763549001922222249951
62130240193472528272977781230986340277504096631809628686404524110350606117343, 38394510257708519297004279217114026240581741814722091225921221993894730963407
72827008813999909603151884921740870149610948749802539578790793545503960823676, 14102248012958618072968706844621973274689662463252462014323222025092799955088
48764503535360019045554725410112831940444473827943431906379262229834251871379, 30164854700580018765586118481748256451080049110411606815785370118491297755502
24851304079347793463153776916206815692340453215857832314258163216000307699934, 55488151966243394700626676447647568336672697733040917897207439559037842180460
69233535777322401237162275134847453730132865167348948832408165389117464715620, 37731895655605652304830966342476981476795542265221920861784857951702007242996
36661260685759573136385639395422887938478799841607544035808007126254209363646, 69733339912933939977683670553715670828495493532738425088124217311902090330919
58721112667792230146618588273227934061363930982835015680054944724701144915839, 11081663843227750335730534643480451097305584213266884122812699689862987155213
54067266989423230928593981225745894017850547109531452696367171088581018396736, 20333881604667081606894833047089133185571875955205354491171907970782745899441
56579920478861114462670698056540136956867982673627338599096421715161451595102, 5455215298934478492983849271561634268925201059774315274102221047703830353589
54647022211473966415788703373234212641356821413453728263374970509664696727297, 52973306247860661384736463022920083961538012235434215574428796729562403510382
37304055986609312998244041675698424275682875972553361455111819459205896095822, 60400898170663657598593662939721637799086241985918075014771555298995104477404
42139611772217470068685693115988311400839215347024009996962127085240823864725, 51364242687819195578187919800821763884188909655786672992849283032595305589069
57442028475613232582373641474098995840280568588480627925215250420444561007134, 15584179418578465613589803807546919404999879024775051983053749467453477025894
52804448797680105478808903685898141151855991504777758649672712494775130919681, 48875396112269276679903988111927299870008854770290969911100671045607918973349
65762914879542090087081269052958358619729845191750072907784976469209752391360, 14657354003880860754641299655789794373370165261370068045089320721739791673598
18799046271915318639283314121896576212796746163886065299291961253685365997466, 53748301177756926263063623064788920327190149791918896155731759929841504841354
534683257386358924048492630857655335030513485468724419662996079425139501150, 48567630294617442762191530807494358843325883578676226215488398471724806415260
64027682358576577029078102580228588487249437834471769919397170496039321385560, 241827486644654008259966999270321525292040807620298831925983394105525829467
22084298499168672443226412763089663146548368859309957033404783201452653812172, 17649569902276066621801168414765791060165418703518501946443321505919659847033
36285021516288920400138329867997713952320038474421275171946573826949403269735, 13057588674893989671886879080286743797184561556313247547526290242724254304640
17558262989843482881978249028440203336751336375484165061624587660478803268459, 7871118532585070907348981229308164740875900638358473144057687237068124534576
44573625666163934494239183083331391304483701576081208789136174165566733536131, 33101283094752063365030240416785514444791611541342742729486818277081399192819
2283771585940862586221980417905862854952041067651594666697843142229274595419, 55558370049727043846807593626966641496637075224660527949482394538465724824331
75751961810575530720566385097524999486451283460219302024225243624434411775783, 22209217885231668127017883744853812648961251160551678356728310229122888156155
68991885584471878666907738005090007358854671852787776102980077511888385171464, 70419482991329967269914931687546672471439365178471034081013427221562117702902
75767779120966448231948583070175207788681207093926957250396830927963453763428, 66780455961693675451580647126930413849092642631880077664806500303347210940672
72122467322964121982337382177615477250370252633475643303522417229109429289477, 39411934998089128418516026108013046185134640279507668079702780174551490034764
6545433213254745645023943331505434073303963045036359628071153131943844731834, 38373865427329843576044863788250050492861189531870943134732835438676178795594
6434984564405958151764230490115018135683850687131745801667017267918828521888, 59373482989337258964337036190588957116312967759828238448467162686691954793924
36709557652365756703156966873203720885621273988946086784695899524888259947895, 64729712778785866732896136655297343188115810029705267174138553094723326976796
12374325643254336440680227775572244415643073360770604701896247242245109243114, 47855725067264300334248249466790428686152653074781315947555096379641345550903
9692631454845918904154276646112203347842998044476906804553905782398894134509, 52188184638579021812454472097465034197685119494021835808223465260718699980806
19067838355556989091990411962831453267689943305562933080436637598720965325735, 51212964702402200215010525966496813480794977677943333132006689400456926918449
51147559633762142150104353199496776534042051894838233343606676136873312574250, 75251829266520727743637003880484214241029392335533825876276531926749137448806
61784216003267175704085740404990380864881805251028712890079474248389060586269, 41677581617322976074112563179445880540369427304511408281918235761631021096798
