Elliptic Curve: brainpoolP256r1
Field Prime: 76884956397045344220809746629001649093037950200943055203735601445031516197751
Base Point: (63243729749562333355292243550312970334778175571054726587095381623627144114786, 38218615093753523893122277964030810387585405539772602581557831887485717997975)
Polynomial Degree: 8
Polynomial Coefficients: [17, 60, 43, 28, 11, 20, 15, 20, 51]
Public Key: (852849225830575960568815652920618748220909758164107422684370675730120689478, 43873469485365439080539311960951764583022198948333183469204862305727076271759)
25228355809696683862642303600302632567386266062962102188608422639862974733108, 44264096235280722207871962366487782220954900306974639027268795981113879174159
18886951042956706927761920019463050150828073187196167160340935976714619309121, 29219623565246837913741736675637829257776876260812546940023935847624320101401
11015493276364130005849357884675401282450549094707252551986479752767604906231, 72684668821938689440171001661155837249437623291698637084523746199553247948328
29980180206113164896019727016696871326568463809668682922775483066020759079959, 70467213128380780036580461932606751999704256786179949180023539758821094654483
617331483554471170956209503271956447871329956508601602777207741255250589446, 23892945376826409920344020151638453100152950072095534552287679545197904718499
46601322052356729905141105218662540121919712735867216471519381128926784994403, 20415235618481857561698457520862523686646467858279029440144957806608123262165
43967973506660332516171383806959491824792098121856352745816537011256081035766, 29288123677883529680679742159561398347981383866225908279790893388123009560654
10000259341372157683010979089545704527912785537280103382542627152861719886220, 65322160323897358291157481777139663846474243524356038057303644749382910982684
14889576941379407504241529149327359415388763152628900286962800061113000427526, 51873208580193809777388849490435451972037004211588146357361889686220769722939
29207180868697109928118371917719720593218141380699223745282660785123906354795, 23166342197496765754233231271306350368657791351735117489958166959739013581456
14470618280741020470722358703552965547243837950881479192846092785558512498532, 22051925534973648669571131104370468484989006266066946660884116633743303229534
25115556208704470810387334250143304879864337206702993953121983520189529200318, 69601948776941372460519212315408843356340830521966299515023151453649775650232
74554750746102179009301044263073460098379030028946281898917249072957111550605, 22722468345206746736142557038124629068466246099198071319600428463963796856338
68232399042020692429438368979799990570596115312189791971406329249589638432401, 49489314229142234575427026740907247334444357422564713028682558412511366289073
15655657928431053014952984125596158767871305368997046570469595207232458475947, 43753916789978315130440441617262763576004275533655289054452315010775248851672
41748735507924061391791895941707293213989003903615952006189810516462034110499, 70526487968930177384671576472780163550105703616890808240221447427442409543438
31094605805671212669579130498370033405662854198283170606288643012957475187967, 40025256616649430977348026739816957629388291905149111892921782153937214948610
63444008584953284663052426751195053146750907071360729624997754896042284892897, 63276988762841062473515832096187633075101600371451925910332186304873706757330
38482924558065430613122397357152912988495332323141521763241704815483601353722, 25794217729259370933227984916319412286496050716079480704857111919487456360925
47621997865724297934118343863337043536240583592793850615164052062249775249139, 42166196235406340851879193306061819377390730038039177864971199675774881986056
14154989493890942680131277356297782832934956099337178283675827919990183898172, 68415975499941740149972270358073520121956431902810625686856712148804762615495
73767606006709020783051862263030040211463387110865952611729492676189174756641, 28617744257344016389185781980558913890959089280369250052754917907537753352092
58910107227095742061104717655295676789487238742138194554482716645566873114427, 27803872244194944339821639308513268680169045362989130654992459037848576600142
32228042803972742930382204236546702857357065608232584578993471080942398195082, 8945630158843704033320783836540774402650799398587449341947153413541376497661
34542493567402455658129667176166421653764521045703171184863258140904020971391, 31564344410424573107099038693284109959265860224007466890055659442659420982866
15445962903025226274917403953934980302988772522932530131654455505612847635849, 70640980247429264096622487597956623436792774595213472686657485889742787645332
46051413020380057329297099529276944417470340677721829608367693956915157967923, 11302805457685457081520220198848214615738658918616406563601998320850846448349
66062330865318533936879618174772693118040844226284253787702581847074535748698, 76410179601101713882539545455171114176163861600386762311968895661154926407046
64612350916776988280248813710635494389246487895544337638108201598534942382690, 49363295394104445225684054935345175769367365263819169790129436586338722157657
50460773409676633607127125526541118205198866189418186682706405721751427879775, 10744431559601565601463255922756308905744524148662650908532520450435508692436
2538743478375486034990424083000684021849755791726514096413371110667347606511, 21804434873294809033524521460373536186928461936285234193935666456513916164987
14189004123400955320181227993767533831090002144672367040350972219048620031014, 42477736311136944270837923385849975500831739092959939773450061503923476231572
60764019684307127514220549095440308031610221925429260049085908303946866182662, 47549719039978162949642220774137633959765870867997413728818527447279683399462
21340449754071236796112717036006322950368230616403808284032061790433016201074, 19751306294256544699691822752723866671995188312706067378062479350750862521828
24623217536267803796059298618366811211024797929104056311555755149799907983548, 5021723283580843550609484864851027933974640694680709919248773051054976498595
56866433986046357567231034721250586978505052234843673360284250480043729087179, 70359152594742104313578511284732100105350497698717352038536398820902321652479
16968423146476825528881581786935911599776628999638343392835410973697393244192, 14674286736712884745414086817821870394791696873385385570972082617520897127734
30629205352729271749352187720713281861300096476357600451766169412077810858930, 43251891068159109041635214973260273494341757157581448921857031064314847813744
62702217599378004426927496565198664230833323474684576371456446624665814701338, 36110475100347643479527319528184948997930705626224552717929169210266565280279
56258956339282497237242427858567562642096782343419965452044062914900811832518, 72186621760788655531303832151917318066563577390706299717288747208111272192700
67157509338282313783410540833021711345650834522720062213133911356519533595003, 16931843627898455512629316340974796362205852335007300679894329958663815787678
11639279237186635524526024770836821039848142291974434403122875686337200476991, 4954602121914837572051506328957114665922140426175071284039307125489314491911
29363446985953028253846964752232056776241768744983827685009594989735560164475, 62392340077427938800530253111841711144941412886405898734598901194803134884232
24213727308192445414237393094571048166100099548699868396099038451461864334137, 20656281957018273251519984835256326011608104256021833087435335645360483897031
1126242181154925522825985376342339058773445849212392551470956101648788097032, 12475382013031250786410630045906563211609072751359259350589163751141112187621
66927914404985474737567150805642702094699034570863620506779000142297322451819, 62024274224786082079930899191640121240010830705613349524172305420786109931156
36744280010735670876105139263878032477455700884678094536155004618009550258262, 68357439495738727440146229826595468204531512491021497687365133981944662564353
34031927619260014960899540939140360588669832429916636966327212665691455784415, 65241147547328220892965388464991658426004389291399836917172955301510893928988
54023477455996673320785826645437623340061477942931165835077229567337061113109, 72780728096669210905504979558533323120984257699837361693629781319388960845562
29957960534006309185867319364203505081321872942546651989385394480696501547477, 20411199309262421493599894003877551922505723060329230769514361043370858686495
11465935758707385559578485137479708476125116700386857035701718930803907752661, 7953826275694947425802070393991408504991697498112659770838309935378205071005
23213795049036406112849969241612426918106239364992441860585732686779101795640, 30690848631605842407991905775881689443753028842850190790841438662283283693362
1101347808092323185506903113614290991921174097737270710452026369464376540603, 68775756136827439551486007647609640328052816823763981359988789375219438135468
57351140751472997995462210076967105677083741606958403230279840312133133923993, 18807227282176860396252568850715393959182980115309645095922881268323039267355
61670948156703467743129634153026519975091936798790948038004384222095410121404, 9816153035192780367786229113236315935705594016173947090251432689746270399221
64225352875996162136359323822608679158122583561096136192492981129321607506041, 19530668321211050007006135422708687983703292098032976075333221805212811207908
10128893044925780476460675563903490232993453711275370071340786508322889899188, 75579141287982231975867855531735541111273063134549031640234668540458803740415
1808253087602569052220406383575640653978727212899437884084040412413623502324, 38911588246570699747705075264805394550266045057077575906356600376303349766686
73090657004499052108307271521425299943597383334204997933658159787233426515111, 56510071994997347588673001810130148651511281691362006295089300015728848761921
53537364180927074378694649773611912784220890922494608176303575975682930333208, 60926214693370633695327180766035185968334097643048662820084100986355330191897
34022956374528685764770758946853879480499388245237648708428016808316031791867, 34188485250424742672999872086920249707477454016911262020918007793627403817445
51387266569518335765786027202214692728110894609048998968328134101479409641418, 20853469395464453032330268544521070579344032804724536090145805569061607160838
15505292186114546408169819589769938232357711329147880374303955019513931365918, 5837221281924433192202832875721566600526370115856954994794084080516285417282
50322720254117059372628368193187152821842109916283184823925088071689156108894, 4996384168194057937502517841146693076119802047731172019766202320193772840833
31773529669509963371670061872156968504900212345690194354784100030467877276785, 15115358662645178337735358794400896692079784127344978608506350537427976820080
30706974245762616044373095616515188585813783349830191060308742953164934055078, 60534211798928899282413683579226426355178073068514335838528404951388356877624
2510063243634592898239406889697686934192519825163418645721015045677555835426, 71440274246351767984887884291578928555494511044353705927988609024301989253235
25827559589578664499279355538355649321946098183978678125805923677935523284919, 57015612840861389523351107836261836090746500672887997935017932670142234244631
73865642993508867663977703237368355792457354798691739228058795164764107955847, 65352690171420614189688599785176891613141618488149576561224054847134853678457
28109848742262341262059039606002930285016713978290566056996617512345051516781, 27089288708600734995827343111559414353398094508855423452803006975030909808449
30040594482374951146277155754574483233289232661092005278461370817936304860308, 44181569160223976730366600807101012882352618102086589198397236839639335164851
3681622896323458913682707309180882794791763832422265542337701129634697255865, 11585155238595226721434872141856056496206446825147353752394405469915369184062
20726262837225118280587473786239122947725643913194659007257282728361610046598, 61383859351638393314804507339003963272279996432639625792333096030894197376138
34318684456173213110958147687688229309286715221171387212766226506193784492536, 71465335293378859758848422117683959350073886844936685756098145744257959279008
35044323821110661867031645871080087260651158019256063063884279915498834615064, 16161744242431961540114828675712336244257966259582152651331986590917650063340
11690111921041994465642475646389582900527423243376732292778933148362513778779, 65768693780318360432218121649011621674208707784609045091372485800652981963250
2083388628295898725870649945939016910090515597951474216127671382236299079215, 50044978904441107746023574515551932391826731643690965930793887890922496478756
12573536598053295678224637408980498503696486292693037679209086490425186294955, 41117848819094022257258172059673302959293070260006003135294839049716341761262
40114150489373760866742723180051418213023677249888976853106033565875160878872, 36850773960989592706428650354314857496317446223441086863913241838723606811049
64279753117572306079771800793288045196753691722709216696622493281216019439829, 3319328248570584471456111280865281314903944472386178421635188131002253726533
4314929953589885154935977459519057399738751343514857846221997544807742447850, 68920952066324215492985751195196520295424135203398279120586503143599111367350
37802417571886914728900686935586371088558410214058203641404584236275614049648, 55005232764927185442275205202960810168245837403395968110583375595822927521603
1289664644182207120767041715453481269931417482036905564640586992572362845193, 21308495991830909834445232746588295619211171324925253840316621069482576403791
44773647092807602422529329669574180742889741133246487992490974281706955365837, 9409623470767868330725129540062692316903093458006973354934380306324335489935
12760043554636255438044945578852405948490291736636458865130772756172437347388, 63729235865113180255331462638253015945127397203354955036974298428016409320789
27069535788167813545646749519644055292453877866370270581903947374215465056589, 70735173507959917340227241261243066384841028990634572381953499011342376820384
2311671611959476950908527715794555304955689120252874933783263264457269902450, 60956751654632943037547724355856248675564052233714622483300496840894891159388
2302394142722763299985792558443721577388533632503353837741613432724719026106, 48311908852988145738936484545506185393002011091716982564743187121131322769813
59877530670894625358796662239537805098198350136124565230085461304193050715529, 10304140509606143897364373911451345357307426198476384996377242499299147833105
29634746964158867029216422832725673729095854835396433075580958661898907028476, 24074480052951125041506927428042961345496749696567464677882490974321213693593
25044472112099599342453330208625311660715078551677091775472956647055500692288, 39749026034406883214259726777010258204359955927345582726975790619761934816633
34333758170882134557161157588826079982665432845712312003710436680128938788434, 4578898955631551813456761422520864447080156741058644947385288659706653622088
39949907639086050958943717419056888467284036657976051865976378723609596048478, 41705147887139054105449714985526064364740169552450229189402763028150742320049
40788178741722643425797229701677862612610224840001499579238587413902383350710, 3901548759808602137295756506127469522639098454451219850252323672556907880655
34389904259413420728550280926821073491431189676652643316646110557329862886539, 15146707033666011652234729214016134543009835878790237530799293685196521130167
25738613635903740434035753297359874850477029583908027110204484931225121428486, 6595014242870859094890529471448808656894669704669059721142094168992800322464
1128694751875475069429738461624734020539007412799338411303273278997369937876, 15963399524786672208708291343804778287319721390565498434167384548550746487840
27468617011226022717310377296255703218355791269162765921783762411696455637635, 8549848099337701804393344517541107889314627183544821793378045847600840527036
19074461691477900688719649201374502273128529631680925858741604158498398072553, 38360058649104233077749193254569888430626663817903095918212964891898994522194
19282482754237626026955544084131107802421461470105791882104124983421912376239, 72401725799971108472208405305179396165588192207739783790012483540139143158421
39462496784459777857704256166192966745351754545195420115779081099588752319995, 70477243893626642038228953070976825664931299524986171685912400841189170245649
9177788135190886924015720272302918317525198017100746680784541332105879565668, 5625708491246285635912808771159907133300148773612959796909243184488868303225
49314654127338678644545014026789405780336153828254275337290710536625108921992, 10385756253524091572941329924466703488348197137354398788755336075307540593902
59180687253413742599583477584218524620852693759480503518078488055350766932369, 62646674533923374011797862863944316683412000733793682314856254920778618078584
55581692096294518401477595629487083135073929558261740754369291777797174926963, 49246408261791872864550609961421939004695084580510172886598558272465728351809
14249776339046177445263875350562308733809112142249754232200019013918676825819, 18996481436476258324671252838609553030603572864983113849267576326785325830450
74127416672763873121214712347321248907539356831941124066251930237100181569273, 24177758292535420894923454798539269377757293784465110477040247186371793456187
43971550485213882646816945963889215674014117601467863155879591385751665653032, 26029183785329461726087174293498552857229941949718233890642849558019978768876
41232357426606798865892974833111966334649020720896042040914543083525706818869, 55524524395192273476972345805951453280051946631721493900637694085828983406762
71363745286981098406407971513703796086352468376895757586984864205230187633651, 48208922378124168289923212772896616292897741151617477017754222103698891744610
10632204602869744788524673160690817846544392052815375013459663662717401868323, 58703874888844216980044984944876682754223852920642674281448722735193229475805
26027378733900192944378602242322353637964944989879151105536737253136251397173, 19989756902044953058419342666034284444789227321317218554063772576118038990517
47099950451200359020269094006040989031852263259043222663772077302007073982760, 36676070058642752122772719923873632377393262302340650094549235723083890155338
23002969667087789653216915832027418313739395824972315886029785342527002408928, 7219748886017660514051103955788531184646826133767669501493438737226820333476
55778624802901949637060892164704317839215070658604145253699315854120032289414, 71517597692075231356346489238396863605608212242378543950020333013678028002363
23754384607946889274595180524446562277018321457042604149687600181186911537859, 64498756169963600312971794694005884465185286794487975942370995575475087658281
42887768951942042026830005602289134291067895881793244983635008919372040417970, 5876638547565107965963981537068686974380904165706148405785411961421401662630
15672677763399385167419896973186824877351514672189160518467941971810453769888, 10003241428370934081820404281780916900982194060329485742625037758589241268570
40985376413698575165818698422241810323512917459046782457418561674891869593537, 2462244224912078821582409648379774608177718234178563400725870228143038504635
18479110192155867376289601598686707255730720475735925494516570095587879330436, 12022336701886972268659275547636391920998837001341889953617236065559044194036
53355599762804422629799899811251100422399619935477269263803744189908638191350, 62522069332650126473931795185112669345554557652965355486571357293727141110676
17833607687500090971755836944367806417677547610127937898805321993083853276485, 64073517804287847914346062255941510900142540241827684304463514256116212877027
31030557307587342778212991087956863010000249128754867794495196552442052818033, 13445683416366713742432248468711177280617964649901222342155889789257390838838
30027255634229665324723562214150504537374247596589734367668550859499469102143, 56934895068082620744894055834983235051366168758643121366668837902746825269583
41521190441283304341859249891857915059748238600539707630667254276019480099043, 26599563054722063864981564427245843201822753774554150858221065141934419382137
69423267796918311315819857388658958754909925249384280370977904300999243759744, 24219217932413701860881129431860659335210736025245953334558640941348320885801
38834869520371346975699378478644189018640658652292195047444090303465614550122, 52149778642863404235046952246824009593097583902495138359127588626954251194058
12031781304144507666074696007321052990849717795964999150424884906124981714983, 33674468091706706659478276961682183687165818883564084664249015592623143605705
35639531759512757421599091323567474944615783610714229606639710537557943951265, 6761954066807976475660967200697054929653127238742000124505156156140770041764
25970666692599015351841639498350133046063855312393898222318781894957492179617, 50552711547234343028118350307677766909346605749615923377742280879788103236478
43505879316969948213149319516099863731311273625908241530038247466698092031758, 34943019923802761496212068338898438436594637688194235761964333061143488265714
65828761102866923742168242219117442263233766957394305241191835749996354348501, 27556109375984336066332373467014388738827203546031656183472370866821451566017
17965422124781060489025286550312784228940745769675174813952022788684615406948, 32622943522486641766006831821517402956643545922702409408383032920918706594599
22931676504227329735584748727832974673303602069873887082431325118512946595068, 63222747762441338312134754885837068791007718292730306373696978920109949151862
43819493595320778041986909300059841763162132053373768538518467080170702882732, 35786150555118402913980184405271964684152819319558940554650509685828420060869
44195645905246400766376500471667059582566977908313344444583571483243395485342, 13654447953020349435422380435129787497680855420887667502004417433851575993527
74927320173602491600178470138850325344097710113421920209161988351601649986955, 64641414837966860403310523884300221679362576184145044529228439436999384511101
17761518849325616789731047016027785978179811478163299200661246669100908707517, 64516393665620698330450994734281600840703917614937858137004136763404608799743
30363883504752280407082674396010293154378351152935977838548502426662890711871, 61673404428439620582763015149120472275301702289461521639188231440911789979766
40446336272496345231379961045297402604945782521142150273346186406404341759015, 61932036189356758301197493978072435447397400871605682797770000693923613551352
73969569192349216628281178044110516787805689847694560534438689028661259623885, 19382287725996598773426016290317253562491417923365446567743916690249879715179
5143701818807652221379502100861803712397674106022072853591581969960323758785, 63636246044356977553936354586689112073453616959566511111761289944482581074657
6617717719983306298702895165057351261861854435329465474259358767569260733241, 62366604654540457315186051280838198775270293484974873547273460495617559593936
34039107959514699966474057080129949893026409026035979008114618278461991411923, 37027652239717575013577747005324027935476365148847992296604865390714642359477
31886005670127546929887551354023731483262840262695909596817032449024788052657, 1210212258114773997447727723877200004065467186045046055594646466051114521094
15853823275892965065174275301025820186875562399022555103851366498324727768291, 629294009930380760276080355824612760631424451666007584624213168004262749577
66479829360309779873590933785892781140322842004603245772255158315312824429356, 33771344239310169922262206540461397064016136514255634827535541907338973669914
39250755566692360903832771465478720882699793218550068172039680839122544807914, 33025552533808275391163953033312040913818615947574697286231295831663266593432
67132557521003088432731901078222819951845013030173165727404462499283950527403, 69420236034830378269328325894103657492906677020529566992194907994864608986391
15727460860614844716794518363280274251080512487722351841160214577757007899901, 60278287232836950626041292616147805637963580834831304051675675736336930633253
65977177002054105732661147278241243897191815536505295031954588216345319362093, 26937428958332804651474840993187093100136226484426600427918409108643437735298
66281256056592016474714974737012478840543570523836229774235032581692036313191, 67933224993707621457077019873447401674429961498629851203858083528363835763403
61522371961442024977241550744211944055947142711760252192422390164537876813974, 68253890298412345241842114654150018991324090754423357025636344582398553896531
75488022303225320064503936513756188809485317197898746844309464791097691565634, 65776835229016070025559608960332757088276124974455225264372805744674370327675
46608862448845304129816178018162907154799874795482203231958140192734349635141, 17509393922365110303650552671503479844577115095112063499186797278881095220586
12697177247278705350291929796304481307576014838615726714046217189968927616185, 40047621009485431104881462154968573450288395769476365031750881104516543871232
63352308927351109280618216910781583512824356721522148870759665650209538131689, 76385826526504492895852040526951261349129947370011610998066827201421241839051
1746038773863993027736648601846844144660204540322234435584520253696451236451, 33139349450239444714895083852381614842366961990694857423330603138580543912964
52556765247108052883243869703433503344214352963563484566054254469399165658406, 2182548352424446366275920013076052280887784713458381793728956932695725621167
49708442083837761915606676010063987201345790048294132076477975452607946394159, 1473700717139869363705253164941950718064789036921522595663799377386712957973
73022002785601938859740773878350291346746135625295609507478885243359715215794, 29868615101581962854110544298573909956663536246559836294413426717574533180607
53077350043741868816024515487518257378311660143141667377240011196245353586154, 56243996509233688793204319046157762835527980861793245965026511175920894205805
3788994137039099881972782155646853557387941718814848417230713601304435928292, 22571834446507357797382058452404981898595743526171257323947457252827038843250
24296240695118751142988426608789557227518520656497347149510491686689328857308, 21593809983584858073794947207884192391982791570012387550019981223571964597961
73036312036726355549702878817857799116698067709850998373972297557535641338640, 58516117411517585768744636179574831201516563233508631445324988756232596837937
16105580688144548991944658453439094164243503875352172838885201507664101010159, 68044330443143279959662692562494638715175663099510602824050297609032012324004
1311744219971331858140057608846970573766074598481332537509360423006319742721, 71653242263394855341765731399316614236845756385823664207564769141578443281795
17363407969787963478184037326951817397409835411313057744194161507564903779403, 43371262389846488176404199825657910681465394359759576890015913601049112886342
54700933425407835621214490863198340253084031820971441278103209505334294009401, 65129780777228879638880393138781049847356222441746104432706876747079119661207
70367141523454471786819658787455742851840784927636715589902179260964283838360, 233424905425953458705867090602293894238709710153936460411123586227927954288
26196705160397264062368237496856420471194680951190203775505881531838216402528, 13889604577828526613242142980288089543532289263543446003800796216080909620559
63723110550959360408352441388776963352314726372869763487638675636897637421589, 55099031964184987930474955237535380930928729273542298288080109036771087562448
22727143963948329945639630628835133614523559896356373135306482173858582633847, 18200881998782428084917293004775012284468601729617004834890758989308012765552
72421286017242385596135596068340024450483349918735360434805463506381820283903, 19563377865719120657148452821846921065953407840047451945523298323970237380193
62061875666957897066814119269237592989101044159453296579685985451193669351941, 52125544453121830639725530087893227346153250059042354677319696775134165250106
25500964008502211419338768549782963162151697819645130174065187610342297443361, 71010203727116657242811914060823432373421855650800403727227449836956596127860
74532934566117186067730793384635861158915697035134013023319877085211252326457, 5918496688872557346168532027143977204132051669112964321827414413339258565675
65441490811844039404795862618487564460199536166853981234517670933915159818015, 29298828033233466997947701396859581346783404074776891823734285194120998370786
59904709997062600728088632206680016129044076242805190365447918815461428348116, 17295192252025703686438810659067760897879275767544100214046846794356210063870
23311512039919021249678275409741490143549181218462761945468884110748654988842, 58719179887635017230614894687462033856493858129736506886158824819461854399362
16545861205738265579609844871145769464834886554253613913919085837226516036977, 60801426770245944525329183620196619591147334833948771821991993788316221511469
69106265161427379873114841703274342198882900935412179232854498122075595030941, 59218583544429039733542476134452778586020488521151088208701296958814835511226
31903502603725035741063865330217651152175495308867910807496800469529674386827, 3532501478483811946622221136330078469920904456213248393130649842440791413078
16334409006214689122309315220149058691453625866212225137426675690944541860999, 71050201887455284298909389745788809641937873072711474426951746016370797582188
70474019266608498277480865959807701964179124228091023321589826488489049811223, 22141631820623506033095389977842332366220631045392858166740283904107049324018
16033977255814350329280193522118941235159762344085751935573489447997032439265, 23763272636910570035493186729842593396947556702107578445364231732992769954007
59125229099229198628034813522125087560616684947868952175276131629944246276627, 35436531758061126136504251353339651822733098410573213819700270256333739129710
12657336416805521193234674057530204071535820496848252466760894430367751096601, 65864882353177112118717011907592696351241737272445552647697706381968188083421
10408620748095402657917999583017623214504509210644585524412830875636834892521, 25796893432481608394139032614983435958913523895993241269556126903056285815330
10293879139426066067691605889757380657607074018158179481753427786387235466912, 44223409418264210197685043504185069953368362276053278560242736982216808616170
33324270768948887178288922969460662219452343653753204747050736105259400714120, 45441301117313662899680694865136765534219473112517951093855931450336658038725
44323462410953034723161743792040868920424833216319767876667095572631906839239, 59226081338739085367414729839128978923964590820760989028614553736140941823937
47257209623753076983788774519422641892941321424705601102593052996478916198493, 39677533481436192292532643707229797868254399073803478057004528585459079335157
9012086230843252267010402945715812596566981023160613148578818109489301887265, 52570862235724921568709856799326307675604717418980725945031649756934633889413
27580003285508819270281728422986888141262263382250984979741436951155780533364, 45719608558001870932878851047753139877270745749120673522668167393852099427398
55555835854364016645329408776565171977508024204111804617554601984787568890610, 71524152072503352630009771516931155311209071434248279004868245326367634293931
73349056297609149809034362790844311339638018636648455459468236431635552266871, 236649613158206932364905274484243989045001518962386808473141616363749913020
52762232999044964745817728505696289660700787448503614579699662011173489792507, 43478203971984626228608451511041935224182372574510204689289637716915411048470
25879357523764598955572715039094904952635475205338080621179735225593243052390, 54894496596384951294332183943215943437528492192499417472415877613136857217186
45058387084530753995396094700475860836158188183739976613758249508342066833309, 25991881743833544850988366068301808350586369950920221253500244105741156157618
42308003326294157498331837315947863563466689843714918714408993881698758533939, 50385659501611223595959959095536760660939728174049409210026720054917871997178
39760512158611472646046121836363390359589882837151028033053691106898698519857, 66048082568674889686662523413438538367062907801151200931192189629840932202
34336279035812170612278898895400334858887743852062561944904915622036789450577, 10445040273162667583336565236499240630167516143502269876422741454022692829358
12839630490710047718080224539575336471231465719789221923360551973006334157592, 72069443770204387279502796076506315093855336323362504772442772493720971952001
