Elliptic Curve: brainpoolP256r1
Field Prime: 76884956397045344220809746629001649093037950200943055203735601445031516197751
Base Point: (63243729749562333355292243550312970334778175571054726587095381623627144114786, 38218615093753523893122277964030810387585405539772602581557831887485717997975)
Polynomial Degree: 9
Polynomial Coefficients: [31, 60, 48, 15, 11, 25, 27, 56, 36, 62]
Public Key: (2555718037054392159572246871572067980921717202346503558965498002655352313204, 66062368920459276509663221188431634548128552853161542402215958929194687790336)
33686831729505222136339662304937830658737748729690862008186652572318381078755, 76653748713501146386237194188944817631274336563676094757760052296409532520879
24376936639578522244479159706305172660957520519238460501932346215771011576639, 48608134818458539689086327683138792973157127548015138594183609928853018658184
4212276082147854153659007103922749948138667700269284016649612927557621130686, 49898564092797822041844912618635341860330646214837541468608304395552195713379
49902522274310738879512661287963027923081975337515399092758121673010445405008, 63200395310526740533711555200928442724297149852194502519101275129753933830931
5980902617754898361665664597283475094278809641838902923890350439288531446395, 35109772869801280773964693253593185085196540633479861256973986731197481505326
22603370299273674523957002188869508176618540338381877627747280244044168661888, 65187473638407864180563664126540143364532438226318521066319494969477347407195
30171274392674705077982852176756804456769825368410942812351284954492545206860, 53802216495165582907588075630172503906209054636448992073678338495613010314499
25173830584014200753492839075533192155620537054113874520898751315276648261197, 53680734155547868127286060235608737747828157141816721096858991939377977260
4463459439069408461620188126182173244056099625262838840745382376255195999483, 45990588590772216716213604232439523444318819484605319148191933951193547752905
13078141639413692070943823776025224240338498767499926461082157708870792849696, 656778531538809013444618134985954998325178703886584213972324642890843323432
23822183989838254771198738648233737403048216474536420321414196700075138827419, 29505948781746573902166300549770743308059202943336473891586093471140335231797
18053354703622323726624251914724076353032451989098838508296554706404508310757, 41763334674406327405367006831489792670307861041486241715843081452456735096608
32373186408887475393045569809931945951251221876399408520739402752102460358786, 66637987998243482846640925853847772549558760358396434156998097922639220646544
55258498391819238514222307830603844331711710970752639240267773572896586474375, 8613170132652660528504344193663176665681578406399028379898022168152938372130
75283129727119169181487499353238939718220559253507241358832025313764244167939, 51701439622893193739642986712472465306858196792782997622105941394750579284098
55840760776297755658340166781452448144909375583456728944426054543252820854282, 70961553584917676802061907478761769056808929737926765075036709073123441031176
13877610239516701983435881359544848424083876629251762103645802958353596427210, 30661291408050592981671755091618610494254806202303560220075789215669481102968
74094441871199141354295108464037231890720183286454654162218575373016266152009, 57166329676096869057322627164606822438431547098714290803593939446866267146120
57758171453741528118527994263739306172156229710696283853781296507913595084186, 20602421120526162714545687463783147646333256794044342199355865078662950630755
20061699227319672183186247388786025049650435337694575818258196325608297515626, 9725865597346997390284287994908987703088651298342352440409737974135530525521
2642734160916542277135358394933252305852981824084295507276852904319385981641, 62186263836493402962155656276046848562309347482071226606635730981899971933979
6087065655808815560793209663015079916699173117103338678106218811343747646578, 16098405402088897292673828178242362743003382833657248046683957709296914326863
13681345487499161356015370390108642633088805262772899184752351507084666660680, 2289292283712478713581653535229613982633409130186570256587101976655213866807
5851911279250075052825558411400055162952837531505307946219718716638465193927, 63053466283542097517722824323541893154679352338384526514962187853931177342448
37596749607555282130092267441002544613070455418281508285609905509006321631808, 46359986836239829209592562272064880642907588319781868709606660082788989685219
32424447477696142840727199811376281095723281016222118835406056982975261688870, 7581190896788881037400477177563942357812608448998477697988129636132310037381
69790570236686740148252197717206324782725106845920706172654021983430962526932, 6944938993178353622787552710768406376829279004404701408957135237631100767693
70881078330646799312740014533505839207104463921197802565489213782879071696351, 74137307960725843071083303729761240952402553761764507210788922204689801017842
55242977713104756590703268163905986592625732653781060185432676404822378060439, 376351203391575617285896834881038966609716682188803363244075216961578469260
15425205652771487990452366331895729332925194837192467357253215439860908624108, 13404341111621072151859792079073436893519214595874677822742183063494821919369
35643536134662681804170663630468706102252128030644970397116319750963716816338, 56327030346425925491168913520144229983030820985951337590837560385692846709363
44555068766314176427391489626536948026904438601236962822606076338812551730603, 48953699079399186523010351529876948417114359404115173093297095710462679117837
48288557442919079243570600832861722622107477860515523731071198894183152188091, 10349687117268536538414257524715829437804763942782062531858671135292122698577
58560530664411462664474941731352652830361481818512855493692571500527667694999, 31877016567434385053484673860426490757920269894593967525653668275740554330706
9770468609803398269255042074991977401576602378014741839268427503098889618293, 24520663667932590016159371535553934320883618937951478824848954183558554525913
28838932686540488181675316183803433010451721002041345503497270369562442579027, 70931685934961629012844304546255009366580796770152401135562761147562107647017
27812204294114364642086985201318573491964074991679529673298865384163844977537, 60157786026062328675209453159069246827518073069911115526059772943077016247391
22778218971424044456320605427764155719020494991270243852069714998921958126009, 73943667985223529567226131314186446006014594311872097067527907018774356417753
37470016142175297733516546492614742220803471124518191952860672072129206774494, 36670356838232873925987712888142859462690160533774039486295652187630081497997
37826842023750163803619562427364494598622216901515438550657781494574273966562, 67801540861726107683407427781441319377568884893169004889171647718346794821511
66201300341956629250144016470027097010310116502619613444783002257202874028657, 8165529510517852179655801706959910560442019913080773924452428086623987076765
38046081544671676757039551039860549396136487917546599167100743256007993433529, 15333028773306400958578561269227507691857244731444681517106888389542470508678
52497078673040781893795174679335875799927781968826005884797442061526717880816, 69621535063672303719798338749916311612749869900660640045714842452520085071123
10689714892276008774018606229089535940879327728296262860544062063241390230840, 9968926895213249763220127952398969663525949601571429451824454772337973561089
35905815466750949735789277411973042321598437786479538850075402907157835156471, 13667925905035403018238297347250374625639045394268127523944044250745601353202
66433609240572725821544167058488990785222214611426212669782879793966088195685, 45407743493701102640713204922376711998843262052542014095130146037058692221207
33239820484761349630049875001530173547798054749638343712999189145712341788021, 67492017489673897773555199642620193717976417690860321103086123731133126947565
40308568817384820095268438702643270441949668903310156336606888141864352683343, 57718263825237511701878404456326413466047227004915395139531211777219504934256
65082040467931178758120510835214933136231469656630241434642482426534103448125, 9539868758878362045256966218516557848703600882512077532815125040724240771739
36355053328913941650541682804302805911911214870598406426560387686985379712705, 17277156987437377031078201940856053465176899663644945211176724271371318502626
41517946837542168167577990060979523224717313638397313214865309283332925872886, 53997168364189493673273751330571920885763202058760407902099080273348460197935
57287228748008124754788310776075489940120509693340762643930463089480292882095, 50336131463620358102567256322005925757286985828747495602982034644820362134652
30984795000021589247655665780515978866918488745620154030213223192547298256452, 17758350888375040379766645208967131846418063630559106848376600865791571264687
11746319835609163889577903270888099157916749683168181621414638403156459544732, 75279288015724561601062487367007159926634122228475806018192945582916281208839
44187897550928075477573637932009624708487687662742803604870581267977021496946, 10106259935817753987143070111143345438850205160437813240326690789209457170983
68964373857548024191121074959947449220853401806075773109639029618890287153117, 74072922773989262969805133304433470273599305769074814404407709814916847140875
30844562292742893438445041486161411936118110780634385723247190724345060501987, 13639223678813676966561410204794655214527935178105236562174875315374805789202
47739651812546135543883057969643202175764396692512493433555412734175039012298, 17843675252797160644858610557774419991637713607136669790491681976014205488335
55519943918718405069863136806058817117717342685045923642211237627459264962101, 35752612952186129293933723567524962381383594232375468599393277304045140406824
22591732231681299014176873721097532032533363687057465183388193535159330655340, 36730062455324154140565048218642605372106503199116860289637882342737605096295
35052508358876294267000282435718659166794480545572460434456335171562666451222, 43882143442241274271441099439504567010201660502613076204440132232594389670148
12063500733798119132889607362931405639388001407134660129944052328057330064533, 43991812420272372926012957770747432306279579282801813891185847513400202770443
15354665014644692058197820075793132085208967644785615332888005621718495564784, 60187727025017906697723940028281630907144381018226128903535330021109074211131
61686424999471204149266682451046989476242962433364886341062275219555426153959, 55662881716950939366222062592132759011081803708094873659529996744787126024398
46628645009316520086935516191032611954352572331694189265697035701054314678089, 73276255602233638583544432626845555295287526899706405015687338933333387396184
69766660515569595571388695840737017379929964272434993938468353419212275388953, 34167291803328493930583983456911348614708625948462210483544806506759452223343
14328755684182948249765679636294347193292190816831369161432861634541643531956, 68060458397371677765369874276588299652571524818837398308409030278959693999795
21602656900323177884930368544855963130114915520758051340605498506050459064139, 37467820704167108954935739760634911898546925841167935752637250918242250816044
58469517722331218293384852717045914925967983626339913922816687982153305461449, 68798715502347565522190370151285662559681059698803682980449223857586443855952
50403779088802925923472435673131785790479126580098994775420884368131300157967, 50935397782770072742891579942959849444674328913472128704132202344732456549387
1179445875001608162362592317125711524016991608152430862716482246683227462699, 5859267288459072429670502141804130390458612770435456377272602556428354600499
52727045851360939551639729548586303637673733759668162258224385517914078779307, 46759855576299247153356733895147379874866158654785196472169819654846485641287
73957832511770540639458558833228762082500739248077096255995663230811929562439, 21480887684961167105396044021600040077306722395680649767982052258381502364500
74296705214806328389009087788836661087817743453398669039158923243432688656544, 48623800534816266602190084639871691058884472179024679977000245775498869340198
14824657325297809544802927811666067182323622821525915722774116868756263759850, 15379161731409406340721368553423094189348698313240156339241970873979440756879
25817016300568638133043627126719401336856153281958583873769215996147213184550, 17108647950054377157423330799694427337190323727527268575694172737089090650073
26582243061664505612232345861167025452045638359793528214552684380260795125472, 6668294168676102019003378461676118753960514292681328264387674318741189259856
16889915438133245613528953266715731708006414646263643338262563663900455712515, 40932257319097406845849485258005143460934427709224173664690248073981005796109
37401262188396259006483945372527419306863856739042033586067316317742042494597, 60507924829526084018144707807481355151981198973970186355292534827562100145749
43908534218204877492035338874275058174820979153464298276828256215029265158004, 34653486388117342546478072895905950813472026014853160125450786343163646561446
12539964150843475236971474135092391178862152485295227113780121581040620974216, 53530923712470742306034713447945585169874872106572940139229393514147016120448
10303351836412807819037488670471587440289117030919947937317722558881750009075, 13908942718562737648067082277166093007245904555181877210521088013858807305885
41055927016726804290238863762891713239076803432887337614647182971968586948597, 39734763666527891711410703806692579783900566370389362278129920418253187470800
24121684623600380318465738043840517854474372073295213629225906267649049553118, 49017275246386648799195043398597957486359026788984044840545972447390118955201
22475959311601044184241616735363811110469589847723218654981659024462795660809, 45952911216719866423712614355478522043109920542243140206444892553548587014660
72911223892197647618531202039573726394672604240783678073266471831410086680882, 23334847900436857748937890379787901475632587846087315460916832993576296947405
42531180822080802825357315472427113236866401492995145316645094358295829369833, 73683230564337761425316779155456372628673509431996786419233853082092624799529
2732313806314000265304510935175414084970176628967773178363546523007591325574, 58766768679664594786593793010011476534156747705950909884092868234980159662411
37043488097902006508981771437657897145185853912552775200211916234338865843580, 63216501321551532063712690028245327639217350748378177024364964348459063569369
40736402377110360129268753007339269272753154586921256937996200957296632320994, 73618630382103656213370825934024640551770270499632570598644852035385509515375
35261331000158375219930086290125405213816472148383075761619612455228022362663, 28795361250185119503023461621713332704583980466155779909142293318701443729499
23844019270459868459631312219553284488907709867524428831908753411691062404207, 35548391094527139460269720494723652756593530930053308415106503998161671284142
1127572802523393814171636122222528876388603654690709403226436151049561929317, 71470181956505025823796869930444952958585987524149574305909726293519216651235
55746226317038147669822338731655944323892230488478681095726535190618436406728, 34333201019899145911211557214800008815320090709636981438216080193222026013184
62075327077151862999415783177059814795582411556041716774385411104001709163684, 40441703609130642001847454432963162603715896777681664593299271952495744933066
39920749589220859822188599041754094674763487359686151898506930560241992768815, 33094789780256065154062139549703637748563307229578689673231812701717391161480
49263369989247028221319092952445065445258587167080591385206219788911539865659, 56821985401288981573509402345403030720898224672968545087499346735458118455561
33020171680367726736690685669603789336552920813303501263048617823221144071036, 15723300378688411711831849227413073630619741777032729853916835271729399683483
48470161785939294778785594598521775604120547368336640030017775680769993568630, 14023116075459228862629975431942824481986722352748851995246011653180468303070
17895111586759008524823224671714065270554348932135044638107658943840642853373, 58766751823329544240380304229018061347613285768617027728187202181303016488739
76437684823483497008096380537367528522998862682123390917928300011885258115283, 25683750608566154141621098444356132249940904574031840055922511939425324699020
12561634862986535440305618129358801695652503509357563348957764174785769650230, 64658036692043416116371819149621390701883438098855755552142938970357581250860
9029248408393630312427425068678669081700185328296900935075054063658788770058, 33630534428461052710839029554993912576358653576767891876048168556759244067328
17351122026706133478086788092843940789379673107862777429353015037846821009649, 53299653095178529017730978088275920766736441604659921310661363556165871002013
37376619912446163335489676620976225389593512759982700210830516984106158473369, 35779427341155882572555393573407796766413455192468073205834365746118657479592
71142966881168538637618223444312105687840637953142739982849276678338380232746, 1406811788091656247193780091836420811976964111684386799570290902040213937794
50566072622149857374551431876059888002294559137604418432250054001540898890323, 28597504900069896087363088476848621422451444622477184230835013108563190958202
42601150003013267362925655681918053233160682724755805351498326797765795945217, 60219824454544627816627733938306629641181043263336422037931820170887854329812
37030436828908305663778066352184913110817433411204867485706533667834100006483, 41321863338492790296876590563201863314247282022164970992490928120395186734653
59979147554931793674168812848223238613669757400878241881407573956263176055252, 40163516388564265579266375187265123418101957206365860398768602474180545470951
64961823581503273957358931211075604077807517011755796201523229177405883145370, 16810570834861582814407088738027352438057682698576948815906558546620898424800
45016113784604956016259462278499124032502068882077364318593031400774758826139, 52260955844453734728261045013489673716781848411830432445323364864439468630769
10076112989953275707576333631200173552424838397159976405042632027989154415506, 63145964029777464597898410837729870895648390982541592524985842423960170339973
54374727229171015842434522804197619111214393614357482421752244181373479028441, 30551539953613787015263871430234248158341319514350932727087416499756428324945
31709886525875190917144764704332709548617847451324389691581722389039242107603, 58793929000497686775268083183978153686616357462702626109274424459952729365227
15142117557848121454869354779298402465865749730205107798122467601974687106313, 4149254922295087822345003091459425873174576334184202529996980282444593264456
42235327763370320072972684433912158254987279933422327428030336443872804747762, 26110680074721589632288095379302290333597120163985638749204860288385116065579
39342486445406873422149518793671632134095107461908521868318014142455237766136, 41181119510979136888145473993930938871046592860755836133175814728456383752494
45391779102482329590500751481953263826377562339326329184274616149160095626464, 20558988704051162875048986234571033708213384565157445640683374319617458389650
44195628073823932179087717453238125985477766627261254421428779918803851731824, 57911757412669550943124134623360646599514717542915131983906227889197648799100
2649268603847832114480223003946754903307155365372873578967975862633465325682, 65424594693550436215858954041152701868414392212043854590822363330208332387020
39482529835148723339217011520556781849353086059208644298900811761485795911609, 61412314919445510579356205610565222219286629100833605880706372366410016808149
654864259969195896224151458761736967554002760635904915012407701708715031470, 11101845667307835014784333867995003688255438935337754298950068998937692750992
34791870113985382534706852586096784714880796145990166536216285326984212022649, 46632335179134066884418318340525189773979926320429127257505104060172680967209
10548612546454793591470945210214307939506943562401123405776484184874467125905, 51474439189924043854030866695041449804960795478906453712391617245828659144399
44210789138517052295379418143865199206204458616586568112991990536501359850770, 32076668990215511152786000130222210857608366232888411456672650377260598015063
68817527430750660824343229903262183528847625170976373211050529983181559784413, 49797018783168178833874616813561443992566088512158523815454744326380001790900
68453966426321983748369839451537321525132354030822439125949015223652269611659, 13304140842557700295899078795763883962360565236457236817702359326157453425013
3277777585945133322715585399630966191011993319280071502936029977346105661820, 53023955207937310651210005297993448570363149581731514312727817366361719864002
48823224722290854914351719927997466194229349470303462427780686180261805344637, 17347257779980869560455903556286968812901313641642831498958404225370804790525
35497060242292919487151525113208954200946694021752657363207013790944514943984, 42176804263678379653938679333997151097090543945730762807464624565619790233406
52660238627743666304162087819648346303656354858036271289097590769820529672058, 18058238596818180295826933573860546256419990572331353222184021763229917644278
16027200179378619256028600316576540865162447674403623670830278360787343090360, 38235729668460520768061944669246527704457626122402958967836391216768762165040
6534700652655687083527613412672594332441227850182622207140559910036325157792, 15682258586824769680466328813506431257132478610053430549952847586106244377305
10446870162505432254169341888574314927541355719829166289181683728389406404272, 69917167294760600848442806533024363777573039284126630731933098386433894482000
57113836818193863528877029717635100366716346954061408726822937361166811891456, 43185073046230700926466479050015188654536631762014737357244127146262506927971
65997617637388605344995903676818436865170806723705983877580799654509097546503, 51331848469124528302820463435372164434118969010450257204492127730147657211804
17497957365660304648726798097321201879000241850066269863030131664460421968681, 47290093429163471345400242542946277657904708274669654229381351494765758240272
61174305659788539734706974225794884483755557519849661627533701071219455885575, 71018242180511886763956623002430899670496138142667255536595572677744811723195
35298710883738853680979083032005827612776040841482219972767073998378639738359, 49305962304917486554486662372515479659536659330787538079425624337649511591651
44472876049784784478379415529392973938818262232133927380010825208167098807193, 7832166881655447595315762306870949200844034355275311841190102906288749700719
13839979329985367528383702440129032810621831566504530266007723070164330449216, 6614631203993048579787900527799366391111897727933992480217731170041882286494
46529917265461431015420253101536491236225221840414251299231758806185967951446, 56459004627004470009602065254321405589203084324844495458695770947487602015425
40542279556499177307528077566328385517969433145759487507699353709698952143954, 73718794569978708392190088608061576810972947154319683254472952877814612756068
62850433750466518917554063457836421050447999295476116276709152269324215085947, 61427661336151740641050232884013937347597999450657847690047073452654765160125
8123003141644213002439467621065165945407985562815632190516533347450606321212, 20224416714463633220816468237934434248412330125207559704532466726098296982034
531504082813329074317962465868978375232182039033132771530866388146370920090, 1913835675020179264766215720197561545423668299657545730138459230064778689420
31242091509722032256771218778712484184193396327103278395828893350422173538770, 38255548821905407044219304403146128310900538783852713858300567821962502403608
9130817055953964611535606234234337570538764573592611274693677314004604610775, 57917954980815195653097714554913363960613803424188444107153278852396408375831
1020355555343167286494024627212930524576745734600905467806242659630619241994, 44070016798340672641029143073028234160390369242448342887324533072503668282817
75512787381874282506840767129400750452323739022723985546351499694280884937670, 60037025422943184557984085274100316262468954254929845163580693288265574211774
18315623739586568312236160438059207880717229555593855404176839422978402124722, 20672929512357360035551585836290182657291006537767254901511475667407673643290
61364802296456065405369602516641018734488103291915541612030048569667701395599, 29851840006273955499957382751240395036678033934250506664046117694832405639078
41176829991371453874395863925131047502240803699857985724083844374044144342169, 52431281104977349561636138454558729240691112267583433231312682701407395054187
63367441320296467255377837444326755161266039355316110424364484813834182918106, 37570703123440551116312156812055957716283016496937621665805190429174914254793
46441262493696763085087716398768876428282289208899012514322442535058709789396, 40650890690538379058403427023638838676899006294381212282609588978544196069412
31762123849273904963641977979495503827555231445207235129357149051263540958976, 18716326781913752216771283754234773904456653023812406888612898510770385988735
7412404263622177711498881706041300555205180998835260585323390304713158541969, 3467477121309188722557038737167456070633435074110530992440179996904243924662
9945485366676048821550056288527785224085847375742247809624226617152522167655, 13192212061380659179688427251234123675798701391727790109933899758951390410716
56023493824084594570153018376058334033325511182243591148245266064636025613014, 71156139737898061780685836152426623911224089787823415960212751568052522177753
65618715521162206129501534234197471423913445652636960542697404213343668225654, 46440978307324868552717670626858326841829771981024226892889313837951804352862
8632879167103661516487682003458993172519758064258299316695791339469347941669, 10954214376164166007916457857910254788628217969721630686129527966048684421231
71998795253675423515269829852444040962912397556583820372412484682214433180074, 33191948014361542934095894127368363485615447219914456457518794755921522243860
19512901955972372025120183511861323909015720647680182631169436227827349225303, 2842678999953261927968382721195154501631366032785252911093663923154675467900
33060871631269848807123072196953533046774078113421076151329643460120858045846, 34022993594091851667017433506068879047753554133980068561085343951089535266039
39685421261240559081477228178103893632428694295752428800235972389872309210668, 55821236005699544641938949851533055762060716706575009058774309891966219406549
32371497972516214021700517593365000454915557192065094576293604243891793271942, 31225607594423199836828707314772449409603674974150457137038360083879384041869
54340460980406819376569256099961147382873987137990367774589227216669209945019, 63008726302915626807870458310295035739752386394910470104078414579239027973026
69817087177477626410987953086787818288908257019635906415875835036376536566212, 45288717088943639749472176615463423953459540437992926265709237881082302107991
21809151819038084126615084296010599244958526193115493400920203524608884222225, 63636777666357260724463048954858714851587177956516994086522978526945532257158
22638288740036241133377958664028768304345874196835478383653179192549527284435, 5864511204501229775900430709140453971863415732098896320865968543872452625609
64930959666834897785882669589480244292784377427520406990857468137503806608727, 55696360009237288966399183265602760538035897494333055468583574545304655561664
25968827856607164338559617510237106887464626786249741746636701946378856689138, 22975169919043185634235206837064648872475789580606702301472817516816636105468
70632001888412457839390319680799037619562353161395815674720164097497091115817, 44484924701880842162431569242407360930962322729213123788839468063624072654821
38953789487103042532407692587758985001002728365286756789539392449628877763618, 48013783256362652358655089425245048332206405208444908748981409623993148240872
70752389119060064167592345425454651678062132476135153963386100701940319724420, 60295939531553464078300073384609419685334559682246447713309721654890472226222
30547847462425512384069359566994650662754248443081253525538904408535764452598, 691330579479531968183037878737959563499988393212702687317798026591716494120
2958649284463872153254873118398283749178448074842345272538961971789922222329, 56986900545250130356026847387824065757556078955552101422831993768082571197344
20286665821738058156673602308226086206389052367753925192206642599071542090517, 64200916547887703994464622748722141047545045808477970245302389009766469785716
16390534863208844035512273751400765002300187970191985382842992681307815428147, 1358096058923013231950770716137985822100594187083922817204512799963100627418
18953594815780328424825487424095179322859399905710203022413959953589075661302, 23806018501672794292411020246367943105282086660764939215801049324822052787731
60955111322688211615143819229111363908088485664322496899094101809747665297596, 60108297404106644789770380092370585012061725027783240837299352560883954264290
37461605669114906026302716062305285026921735489259436176891343854435095257436, 30774509445449595181976289264024848445411852197308579717969199008594468882139
33988809076020887978117339668160945252588428025432200221704449331656236451439, 16526593390137909080201908029144111191443748494323316190627571612522035302353
53533185018737999093785454304842658390366108009154813391158709682927239028604, 67637439838144974559330659929876821601921273582662211703246274119120126478723
67451383275880720112950796974403415270950639494701799110691423929669156517122, 20936360287511974365616281086542521113921142696624496064096080586428619868689
32094264258492944318825666568833291772203450440959499797652419265437320044553, 47255824282457885858683614363346410322256232504081712620698533209747795606900
47991385982267109619927967906985269066313322547389517501006257886759095220063, 39827112187196247304070613184831433568222155421169909194109687013303491083619
44126997715225959820607458225870660894888636672142232862639663138442081101474, 26775448801216538517100720886350437818308586632736090072193468493826811845694
51059880837152068245057432190623193154381113630404190580594501438289163130581, 10212426031858828377924277495293113779784146601678436859218388234522009596750
28661503220534311233462968793902644340713995027077396555248515680809955786170, 45062438286373474578432296058358046204419588107261658593986816583970971002912
41374450470510197091157449170744087387110645861876489471798279630474717054115, 414125579621778185565268529693569416817341562455379422922730669238022475594
63314828659103574994115089511554686937340024218072271303261897440708955146792, 52910983776528727739723056889644161126108715691411784476067148333422102859725
75184743789457955982080645319005597604957724117808935036819076177591366450037, 39387514013949821444801894106701965457684130219359194985433174071653769347767
63402559290161776062770107798426650969158541792144392001901970154262737499898, 27661200267289264976667799639142591488281791811000238029428307462704009711739
19568672012487098570466988919513148793492607708529937896666942483399480596519, 14697283453932530845174922131169292045913977838300595729765031385574715501227
45662600284504960985383563737588959383807742608291133749659435845902028545867, 23262593264162604518513750618457629247736915140340732451708428658632946086758
59746868632816919523484402180471290431716988478774689866796137325664470146790, 21135450493452901495037293955629263588195657522283633500833361926641513187074
68189199488669555170455234745180337571520664024620928208455923720006910468680, 60568002086440993724778172744169437052854249775935380120215801496172205578565
13709522532198044111494022775371265181831658665428692734016725544399288265080, 46484283686203027357973496314622155023436345309697549165032873932579898098253
62573191997724655636001993749954372784804232189190660787893543756013890776373, 36378167385258888871044102783869798527924650664768374832109591679128628271560
30314685846368884819819108356444366285605846464683310355885407874976408131356, 28526746738011230973981454613846765074118886994951596498888237632668171211942
64615151539429696920724463706347813339371679137251323435975890308878915370251, 69779145084976192126720492006660811867447788443058674111409250549807144332557
11990612602118228955004391728205093346830622420405190222994317399366327900636, 72091664508936189239429468959868833626286585966144442232698251980638660398884
45749544125848899751202594597627316508715627395909039569280168572953854421517, 12317855276399711538340055265588397695263936666972777750771691278508553234901
38661434821385230383112673274261046103797091273833590770321495974199111146879, 14348627883497774025583724352373520691045533249161609950128259308122105713505
46447328007012211871274234807183416041511152700895887679942922587844454558686, 53743822063768828518121153242964474485093969952642587828621739241163884603079
55559507693662051212068921900877106609026992851300664342703793064700657617549, 6074477754152170612856607568245847441685670132275639485626885608664467053291
10854791769055012454164331858384620092767860502467567010040064989172036709090, 28331674511864964614086150502082796094568645934935874671134773022482787774247
54766960770511329388460048465565491146421519866231350635624169983507688964212, 65429473469060649123621477693169867176111856981747238394450077444938447787323
50427763855804123239641229305130579002901776572575380599304657741876623102084, 511982870778007544911148291465572175074007182164499272607378622320668911328
10157038873320758075153925199841686649116607755158933233184240236446794709573, 33076414975936619158487309445735374960953433448479427847084374019636327386104
73181424301357796305588164245589115948986708881126385276271096748432528944590, 63638635584159189632940841000996856231620230977500413972921009147834688640345
64764931987727728340642845410295609124853926660008181903899676591244108258049, 3049599579959831107132101551980788186246487551691930894002863719399329491935
31229271164072148610142640424045489292923930049239244882812247550706356485757, 63390998579749243602836345661978448007169454510357598218675860190628729464666
66273852272700484939072358975842029374472545226554453354315746275260260685159, 42059545822640600122608290911948872960925830331720852882707096751854046296089
13941650744359067841405480148324393814376517914406637802064232652913227235669, 63417899505859073643073132839207488687124836797952458706677426728550066489443
73351199186509059705092332772801820927825653135840227386889249345345704982278, 71701825692023339519574200020453725899395590594615859152168432742836830451052
58757944485253718605359354393811699573903678875774967445546716426027023733117, 46339681852007609651902003147047430419543294748190428156214943257218240507754
47180348998067886000605114590946089988516733584951751448742915100900002632327, 4932776930914990926431141049123866309120285317822189927059699682626590314452
64029698207319139297931541896429396807685780947565105433109249251365010617525, 37434009584131664387899847332490312038827818600994584045647369091589152853792
38921246751902120618763900435354834541982040086344994567961918761456705613676, 46467414977666252563936927688668037984191124549350728031735158986082240021600
9035211805183526657747606122899864139810373446704448695367320381369438805385, 33755965540437288814728969613815902358386705852735926857551476187339705890686
44929955217099043553147794340238822186948123633189304535885188934717377366546, 35157897716770363914662357405855490037154118977554773267530434784572923973758
176758412873548065224227944169953714596208138287568526344356100337414174104, 26112251314532363011485148108236717322505549460204001703867114663019076074532
45282807510404311777233540482474709621248996406502001845774031332554913485770, 46481076511016016597489005211545749310046338803620505873010207821601783745979
32266247393661478090135288462946245253235297951251342573647014766737676742755, 10759061057930453907627111132425319840519273339253036780962025380220666250223
40374052458520445016934149175644591696991798632117912044793109998282888519804, 5923502272500726441918737416477022485692857658854243009710928068737854917648
66531679857162916848187371602782953463588127573978711173738615496338809725263, 8368842067416224121005417675125678573932470475828552794971202630019584734988
43535616131312281992098546901498655898837102594039090408096175065639287975017, 42333154694306795431410988777126658755857331169879225502430960048231741478607
31165405871851165605771211215961621198871077036394052012577971370201464832777, 74169126890243900893283655378430798521762487893155437202919347181815843209271
48741151525759007504389194905170497281180302494608373800539806931297289323483, 20654713425937778595028048547462710120867184061008841418309382469368455443779
63871403813277185208412819290823669175804320386302380314310147133102584240063, 68258026818061933615722140108524901163636275298842836874102181830244108425881
34730314837498656914079059553672537040895547379228752471905824483810174531973, 68563852600138699251482570278184420383756127315926052836569768810632500726550
26473284091606788049924618452099270386972911094768200617314366170084057177533, 50892705543202485234636128512019524578282352014637917964843528948775994637059
65916592632665773261482459664930574630888284960427159462523517410907748235679, 13140298469962633592523857061517686927309553420622907566422305066176442014002
47380777058234796529665201367231959018668258386950552503917266148098434223477, 51453479796226725472245414772318838988953465103439906737382846581701381373199
19151939598743246510291835490147682595269871005800418758986360960449438453964, 64839123572134576439931603568192475046102231748707265463869446900334202351048
37162693920919765474045420513768101228716037410688267715189055602269685391011, 26106999439595050170791634994438180056872084438200238749024454162817586506877
31720908477575504944470469170520546498733355225898220223673523231664985502810, 29500818297743743794335772045208652039530400985267276229877680965898274969523
52136452260425027010506775085147706741964136804988746962310872690458198198079, 60291410313868783308951467756980043713292267534920397322990693758527406780160
2306572700296396320996773228700633866160720914078100249955662278156009593639, 65182977427819413071646056723436454710419772555552351766268884099168911586417
66209269776452189513779156802469374955842888814853006295645754021984772804116, 56571638424620568565098787501411462476198129022530268823472738787285368691806
61034945988459644896556622530317450974979422322163443180595387864313004489500, 32284626281121198886715721854281521802153587756653915259393376345445279709428
11116604183356207904654430753029649803186498399976095203089815166102491296890, 61309139832559458928372837644513957289609600103338529315836653175282896527087
17795747358007076896962118503991002618044445864902554846242473632956870392919, 18705913025964963867266995104325474623699607587593503953340553857267872882320
4660254218386239477077018257699459644251714042256682912915057118890075620499, 19113280848290876848056049115171198693392574693556840202803594820188364539755
14594799839805154883897505973964715640221570949724664327558969145120267944149, 64710370197396602102935730204565886412341429967823360250260685318480480652309
10587793441541958832699374497422898711815134533497228660614571486983539881851, 45825391977206227546533895679539281525932565349248782047145983471297504577694
25925443942261250957484778767738626695357653131189809609185124889882079459283, 27030245619389634103199211641653052798436022240291479172503237809871713285301
16871438397933385372038073646293952092851334057075717918319772527592416042970, 3615890913660420662125981867433268668620262470013974607500279313233795626874
19532162739896040435663526066008131933312933837184769900987207545444295046859, 16988985788513730376691204402794218480395541118282340271802341685078066002518
32748035008331516955515112217871743241954013433613544405923364308096349267982, 60990654469656622897313399508181653985187608183138573556515188545453038975170
69355158011803911421057479820093986184310444453349433068879303502423382022645, 36832495250699722644805185195416033549237473858305937779088853895353112524643
25976821374426498667072967120898276724569425047469000250185512699789694601860, 16137665993975847166613566340571670794956691879994935023458729319974127340993
35425549255907680730971381421531478294814221550266124333815077206704459482175, 12081324613382460281804252129764369277094605824712767520200733928131822371426
4748202624528548311722406008680260624881428271436108188041723718295901492443, 30912660885615146756671888168968582822084519036494826575265432340060769668249
50743640933262817334434827356669950827070245332564307442283642440121194933446, 24932972301165395655075107030958574892781272189491119036438165057400844619760
5839949663004142284375264787329113445987030935435987504504034113758672797870, 10836854269354895699689933442669549190833216323633492279048688254674448995685
4175294019537767439280349058973410843100088509644888720601547889264354075562, 71391513894101971846345127760728904459417013321441133999387873146926660248513
839919212186719251667347769619253132823128247513517067011127629996152978249, 4992956388237030774730080959845946121990576763742159209775618042484220181025
6593530536440740540901441371135884339106074990364625994274527155637147194668, 66170105964875685256775732099951406328033836409847864074831950043200134137717
3348233350068334861178448395692915675544419662851820792495132134744886632691, 10227377975592263691760910519149417878935257963831648500564577608111455637215
32945889020441711902265089276285253493919318896804958948976079298325743252324, 73417573114552604371621828146127950852818786551022597261714608146340067848516
11984628126618425352186986265448223131089799004926160062910655489768755138715, 59957391368069781456156126787746941791045014294362143580692817989883287811394
26602898981707257971664607276079612623278657796404802592175784160544433854030, 50398329567438211911695632908564347977123539719796168685001109768630914858790
3450798138087594633306684866610256454944570623819438083538887120052622165893, 66213175352540418723635615832933589584803953508905830304041374090881981555505
609804065861256051808638939458595360510537663653190643804586782754498243204, 30265332090289005112331217310706164060086349154980966226242009260222819403511
56611194144676219634408748594368339710057272660751387630806243790187504010587, 37415978208073546330262233552340265453429309250550938403984096562869184417138
36745827346225610456767170582717768106557946547846300654596881693578634211857, 53324170480119085863162489054378138517553409041493391453025819010427473260782
50175177543970770221629998943974766900763231395117452392928150670447378167945, 12205585683839870430576234799772542378348358624691252967372020160439621965110
13509670378770122411349096478002383692913245847926043479475990015918398921888, 32427336566873525293717523953826178252831383016208286338437557085523333491787
42919107545216763574195064961016207365766245654377058582580475718171418778169, 64773728057167434172932109671277414869763587623012019048167393838254918372810
68368856430364334848098693324571016372440129380186866490664371686948638378074, 42895467526535330854395231629321472241681157358645354080673927271702639223492
60768452030559677613297789891773744702168298242694126808637782980733400339773, 64980829648131066383476338909662344145133632908750263536422778129821315169036
50452087281007112536672988878759044083013040133218014062093903753972595446495, 69952002335646089839106210170286884112773083555677710409790575634860326297438
47363590274073061037246111988343673137643652890060237613402703229627390440018, 55843537513780713973374125203529013205223425819515020163002352322016865206097
72358386218657805456541588061022741762029539768575250199748501125874960236848, 5776520517347845285839790932678372185152428669132631251935419062047528955001
33151045308598529929659083968537069359038230133877351520042878991794165560376, 59735835741922689649699923872263777057183356069575560012000175030098346046352
38399883475600614593736838899875967063610246740270127303806962005704969890744, 27920673014451182525109460162927392626613949731315382911420246082314559859403
29827648472535474491213538857323658657725929845756814235050455475300577138861, 60595258302756037892837532085079429630886981067656215426106892079849374005984
36674460313335644705130085662513169461860084025079537312097332705547953500604, 71652643096187757279623480623125595769254812129535516822205480133566729586126
16988815652822798622716872863866666554697893551035165664952010588487559538181, 43404653999043204072923467341129126148654513184037363343828839373313502394651
44133248985316977614855229654266182335934401402485097274296998123730708247138, 62350199482238012420347586452492309899398321219497186506703011866251838613562
11470106532499146600683992518620742154677632333462852069841609726168597094125, 44683823140181855443167211726768293684230204746103006699648285637858997521617
3417435970237443286087590956197893830140575184247389558893890011821367096380, 36675494610317919496665385183590037969677107026552663635123021296333215234613
59253023750035658068744436380171952144373949381305603843454284108923887632310, 33578756997127744298104960468301814709591803548386104312078943296254720279533
20346511865418103758328905659932379796856838636906042269279698752985726913519, 42261873327819696073913321853681392254792815159109424980802047900168186865594
72965315562881661564781793991048046366818948860886435809019794991882927085514, 989154789659902500152423328300522728405909547444017712539894097830015269181
8969337658853278197772237000980070841787841411378002612546103189631380744878, 74823753110128983703517933980365363670360651173731507161526121121622055307560
16933974277106356302006961605113742002101374496104654375809107946993328362247, 42333944846413518857690305511171797662905014819750934907570298590687332157507
21236410693878554765991452516262308481132429329868524140972882440846449011091, 63492200677257462471265456080272326755043850104417000477642656588884481402217
60731779468108215625000121179550019227923003997470547340488706318611076230954, 15933837520210503784614560819246340248722094106843751127816956576897660413674
26346573341139358403261367490803317980241504385646912009147398425295912621330, 24655687721688154430118698614653323978070974245969046900354278597896180406486
