Elliptic Curve: brainpoolP256r1
Field Prime: 76884956397045344220809746629001649093037950200943055203735601445031516197751
Base Point: (63243729749562333355292243550312970334778175571054726587095381623627144114786, 38218615093753523893122277964030810387585405539772602581557831887485717997975)
Polynomial Degree: 6
Polynomial Coefficients: [43, 43, 33, 28, 15, 51, 30]
Public Key: (63132630273233568796860223952269320207004843362424961149961126402287089659287, 22938093390130719478277665986430605113488609986825976361910062541034528693569)
71323400604803087313571326072863280558814971731690949018092602396497920431504, 39491525915212483883666890428278776158633144119075428700941316137615724537180
52751735651676692689695595226927318198212412116998558034433174662016906302634, 1750304042204012491814047057360905184474875601193044679259329656580191067910
74197524156604597002311089551584174117631949869408949693607650626343158618608, 1689943861950165027128477692453404525572209079759435178473642131629800539131
55313841206495500864009619112681262861264349740757026846614837996113776431278, 19942351368109240966732264285127792721764310008134111316881192053292365140728
30706607232783178604253962910225302369521073961440125869084377264217020408995, 33270058110544837460895627942211281088973800946293466647841410694602170299785
51148882377359427774270915825334387969657138773569020122568075773768993794322, 24890628322770654077689706014273493091295234351641489931852595555111181856157
13284452778527117444109619730980473103587863295282262400472272552861984801696, 17755316889801661898154638366147621068616370659036878896376804841559310951772
72757645623701859854467041854858722526513608747335921239132803730510320289175, 49600387909920807344680713290124167409904033967766737051384566426407689432556
55400718938487521206593480009865948710432616254542722368881655446209110920870, 63464262895584738755386189961401906950156164458273663052881795856522205922205
68810257894314057882137643713480897438513675309661392545495216709166808349154, 46385598121747403938236517627854196683175269856092654633290262475736191065050
8159055843538222721328575159726250566949255872155110946160348007966177500281, 4099769182884232653382157202033599519471831043498162544735955130033910172655
39713964946127761615341489901444754647445855888305205363532105250015348486884, 52395457627048811624545022682849270835907137074614492846376888611132151173562
40638730954200491321196878125725666115057284948042875472158178096230776181764, 835320591845729453901107162824976734084726899611805520656484142338212766169
69851785987304568610859954611998353143276304466032292186667149515036071821780, 1346564811164329946384956270974014869225394693311310791666173424672192626464
44876711721675768382659240608040123993953734905787003068233235611807650336551, 44982933067620523826937775722025879037639836364929943655552375073368694507122
2490357705107500051745555497138623868520965409439777573002706554935108145260, 38855826073442899071867290845526839269221370738366721338081690341895044115425
38252416612573355893694940777698436263667164012039225007289597605485163078246, 75777465214565327901609694589998906091780771734577689328171421452302237053244
68950813706468442132789198961114003689135944109575315303886545784737167857787, 30189768127984885264707564549699156584556318091838751561462099773327737708046
20157219310824217998055596454402389444543430819936596153291036099281545772967, 25163764363548381823511462622195372067466627788229451548564831081977158917629
32612081139657133788781245660189165044911527294533044952062451435848013528163, 63800831853028906216972900368557263167777827464252849774002969735814366550407
64562027540124332530641541243380181563522371540976599604105210792558929086935, 74935836653798585205141979179397648460009480488602717152614392487841678658909
58244762692324662761173544545024833058795069234766313115019248381123920190475, 3187927554816421507388350489656516942105700498381405831411288067838237240095
38733003718284383328211205287473486720580982363671477971014931958064090768288, 53014206435488025240633805433602313127738280817050978464890796755556496970438
50627989689120693191529144572810156167137564466102137622648482958615557046613, 66397796175121873785602951656721910078877413837261114129656921116212301074070
59977769052831427183000291157253810182786462531526507531768787779171799758927, 49775702080829335349902677388781626472141715411913141006068993093579216327851
31158986562082575136958672338241409043706641488651957541972520404047394221451, 10055225601041104710610760736296886217371670241773287967116884430377235228415
70193548918307654097098029277990630990706837563090192377996680960578297250391, 50646238248689679915912655069518439660025840205246740886286231886559135688614
37059201815172593015473294460762570824732951474547462088390154657033013129207, 24014471627052062116527534258756528465618164075036334090131975273804075637651
13040736156518571962054219442110787639487287085687930255254044526672188895831, 10411884900729569860461018879778632580162927869427050193592514100548805351852
72516726067456416132671411659173900686753481575305861460110516419144154631331, 38367360553362847278093971009748221979412133878185263376052276879022906389117
180848837832317578345558552809094067312816734406947026720394164536015037628, 66182371904080435241956806087426410188048716343765741279487375290658839503201
40277253784708269873783584040360604683330812769398610617947386701384193402601, 30000613438009367102040232756912776494791421165578761715408256141517045323303
6010657500098528587270920753042942146630712458969258892429054142429550669490, 35739449647602539855057213981367820125914307727965055551599702448593456046303
4829619783483771788290897386451715252713955877456703728936658544736843513446, 29971218919745154137206819360557305753513520582672135646791837937378016385096
36426416127116300231126178744621243939536109038046124242382561949643132848033, 1918304922201963395114406460720768049857167209933982973254298194919566293451
43130587899491234784037122788470026633645049325147606354438994683721940933325, 74808043616012676598586280291894362625549844500679044004548171233258937403561
30629721742987180017979179360178112559017841933091296623607478970125318284492, 69009556136140175009720949195888949366230301815715603521243739740443294315706
70755581490578099093911831038559896092644601276502964318374960502541133493964, 12844928311199217359110750940231979366907771614441257728314912423139584079556
50090894715606135063247605640959596797510099471498454887007056156403805642801, 61772823266479761467171809716229192659941716083725193443577256850164695641460
42127954861896108000513079311544668151716927015776860534189730556218299094186, 75925847122363110974996749279719515002401323922770462913519799534274709072234
61089132856284999845041690157613232235819566507349454602862958296854058297710, 5715407009201508367771980488645296577040883422858525440552650792413399037086
75410374307895848283752762579047213834527989657664242452232484883798907597903, 13057248398581766168483707338974807088213080861119362489842017684598053922002
75361948486612437453765994642655621101751197829357484235369686640418256941876, 51042584116484419669923782791861812520687893715704572401451173514465509916154
20658025404738813699472360064446330210725203763557396015323555628824882522776, 29416558331731124783390389995985999286392826934765885496934338751204733837792
5257138467206121441369095721164670172043774200287469058273681428431555525525, 54657616045471391963263598487758182348384195171118803940049469400863901825687
1545824639399437382536486749749920346675500855151110113070903595769961856535, 66925224546661167289056095114269297492618863346719623893082541460968152188774
43102357009081393847383771354158001340230374163213156003880770433508301138704, 33956083026916644442219236873738174459494694164568220965179765471423311711416
46881650201422908504897342803285284535745405640181394834314790349115830144078, 73699244979516071318530453878922751253490076306298486513160351437584459632519
45792522073307245751894366391481886733668353444211853033741328442202516212090, 3516318798554381235083456701550422672931107953206474536495408202558439794623
49433743236382684602669968029554627737158525157470881609228963135005679394736, 36485917511261406023011297133010723341420551935717860664160383370841535832894
5852227114599003607695031754443986744451370332808035306563246674120901064305, 69824346099177622706831582574689095735545712579961849108074397927946427738115
44853442492748462037410242798094544200059137286956682549175797621128867048996, 75402680202000838036962932328550849870340078928066144892179981494894677848629
17125849143381612026049433770092358317819202739625442406752406666329335489067, 13701314109965497455408136052580097560154554286845238846980402600807493923704
48282041464803311244256915053306779682724754762228060925105450507148169162720, 26396297002452695830098990869640886098365235421515809142417102848876102059852
34707717454303605988214192748520927077803626601084228637579842704416133699006, 61359193684182396352828872318103939061936463605038997768599776563002631341610
57258543129153574991264381413837557053019664584392246356828362868409122375711, 57865884961371289255168806970761557526672276553500109561950316197636922418458
19771859184414518384311805565347111633049682169083615086241620124870254142872, 31665180303596596473799067319993331189577929227779113319316505882822387593865
954428321263222035429610320122459262252499585000820800438738760575041354165, 46499008314404063166992483937578948411662097276207614416643196168427905105560
68123304177506599051992812607674344413140003404381528291653821659170519956246, 53174155480352407145322541784197450294004545275402278109170755007166081809265
16060343997440953763150942388377250292989412733199850846352690155619763023058, 22615563796389343159566413501188852016421061887153578109124226299463076190167
3849623871878111815721920990763841105242591314266087525415995110329694295853, 4161266090177013066230650549899856381211176005440853989621016057804250146302
3637343103014611401544386260886087824275877870888935837859983011344881048516, 13254512812459934150038128597129355580561276629078158336653479149971249266692
46522002648279293710298547652752570811447855928925262516218267371350603721152, 38480131521627144410577710243290598488196389145478763498019727942625450776258
21829479741397894673005508444472647067760700107128811265061435805186039425435, 15862360218846034627593520602989471031316230534295651591774728059157795902486
5088756657504887446320043772633973106250024043057760695930382607452235641341, 36504737131282246894038659503638670825497030619133504187987125077001951825616
8230975280161666233007531663780144058575494946360026871427111504658382995518, 62385671084989396076549208841627688780964921424697792265785461912302033528077
42739503883674234915896358233949434073584492661132064593350242741305875590075, 1723421057895029447750648267596109378586249942304122651216299178858614614724
10630902238385639988026434618752122348147845280549864270981472132111401254682, 5525317512566518709625413660155483245899950454314210012704882386717063618214
19161525877744881868251881289554645213190012177446526468931604645489269520471, 36972174790607689060610400689768103479287165903674587826830725650060832474605
8025711716657613522339854595701290786212823896251682842225558783035406140172, 68307830888465185219368501265556701503753354054926995761073362332274009370471
1591094518240634607236728527476380141328272403292368553606669018239309094621, 60763338105214833958745505704451030140758486182054184390629480623366833721366
75249938674539910767446619351561410914415500865301547632142277739556273454778, 74084254270955930075697888677908079819899588772056870691868660282620635453806
59232614170922667829101337754944443620956322932098620125635166724597224200100, 18352952691967159211249467541684006961623136652893041846938016922529128743666
67469404319271812810700812130373213718842481261715536237901608680584227145672, 61731195987682155675398978577482704058007428823593614792102674635563557895426
57113050441475580333901697269845221477701903182452132225581151951944377268030, 36845173213561654527339023605024991069812493633739435146331028046314780553492
70386166352229813654718003277767891516578410957256374910703008681505088690832, 45947924882394861958931229280257256606201339354386859611940391474673392804836
67228140253860417765681855378134790403294712566787931234296153278050978885702, 56204344785618433514194258271021793372192368070093799764171927504573967083758
11920909667211838073104840402934186015345483292392714502835384310242527986516, 422100151504490031255730306679614794391123531057944188684357585167305751644
45136216315087112033576404358773284187797220701304214156532098342050607438969, 58145878555763432349670761802597201554013409919609709180264140720287543283101
60677263667838215848731913097129037128985496536064834017770717975893707650989, 45970608683904114112458880903076362286767152481158605614677386064713341182390
14565139991568624140426332330538267952898443758608117586850926074656502898441, 10342769562107797494096254913703213779974528769028386808679385455629230669609
43452427120846140026469365518704964655381139337916394383547824336146365351298, 16069897568184213497565281372872930886863032525326489481199182579980937083357
29232791045798201289564063185412840383982963002217653535048915487816810461028, 14349746038777459728513601871831274309756270869049767114798049776093729671430
40927043078472894502483164790126889884463324044238365756127195373325074486714, 33807951486389987424495806359102563876225243153568608568975821362179149281620
23074479696073269307767489154220925764973189664822676684790602429229334493945, 5832523574256569154915873338901092169806894452752128102545426137545846259926
9000884565894566521017151753075804625159624371874762631150943852657145621389, 46779961773363375840125677096429329173433645871448963967790831135139652550951
52422656382288480901669049868958430725851992218909364895536567720406202925204, 26177138457343360414168751092091980828255766850548919139223205120183720682498
53790074079375290981537545031476675909961172160390491186284410858174298900226, 29976200539139170682841204963164811423797054392503139549559123500629173941846
7159165435641016876006365924596165147625259552233058870203768898449259213225, 19010246548788004595962710808444788835583044805838571653280848464002314311992
13931164100533017785750516253317894497610729425249859948228962605341460627098, 25820298140049362233126657759974709113888020880655554984641375595386507756984
55650604527996407405996555372705504947776844765262712761302850364159228822220, 29317341135087519559280042662133187440991689175401903235439878548350045944723
54019168051419382680521463717474245687386809829733172028413432429802181015683, 40033992053962150493017066816996463927872266469215659750927596646163515322653
13949330891209633622296416719734372474358986206031271744607053721724639705760, 22701094721230304025703676459260236251764253106417108561464563784087564693368
17854348442897868042359830266533538124918655698491673297129690199290689786101, 59449829842232419690297730828760387990326429957683394046276541649259126110166
6826119014120551811121497708651723351001353866255613368879702226256610058931, 42634568219071125695007042970682977899448969391521888272615382493994365415734
21978683509901731977220543510533690293504542162699584301303384078857896131086, 9755473734692358107157551602028827698159738181041647799455940845683971074705
7648954440526592920443715058621677271540738075827375664472966364349367148347, 42721867951492034810604975164017208001457461188986612571132313534027881086229
57749497129193908235462604098778256273234973035743042871898515931395458934744, 69776250853805612965095086253845526666423226601081675850748330890872803350184
55012644872613719819529761830275576390647016752786704484671452853243260247575, 65080591950753959779792256311188968650460907364377050716272815164941574249568
14457118886209399121689256018984719454979221192537200281946504959653652866819, 28139923309540177623487646566288656820446156873350378778798040031050530942709
61001336959553394918171158841147894633063642612946771915539919295437904878118, 46296633908598144963963170510481055262065913515122186015233017956743059548481
34412830757764123290148754524206105655856159137443840921801863482312441057207, 12576362818054768762885564539276365396575545390537059884056831604137985199831
37308631932960122893831981208764079567920059928502093063573230628700011379968, 17023632268536274263844922543236267881779844472828805618844205587872937857335
36974200881459412725285357711765391492492362936693090859595060643986391626484, 27781516842714709729752417991089107238200888462571506082750939183420300586199
61382219403839792665268999743457068896499462103932918253788979646151789632251, 35685082113113611925822866612823770994343960390714258009993283750162677513800
23854636150616837848601772612525578237593375385832347677544356459683449644826, 53683367682635211528097284615684211526910438258913451039193299215023471093977
195906762678154093863400157239099234941040739193287914587550893743832908542, 64490364829413477509012703647786935646444685251993100216616330994694104212230
6690999490887515588987286064105416703915592342248984997206907991543022127439, 31580535253422139872806463815542367646701038052657075738065233373110296724350
55809096754366303584886510958122325953855818510821078766579520545500084981500, 1628815139232431621797874571058573770915804856821413210994598368056217535451
59880507144811078370065954666541549764488979968835369975576451551279634441282, 31810838802455612742040506409355405326944744702098257902532057997864407876703
58854339525728596075544275789472505648066633883646813492968988942887295468220, 4741840265218920755532325705798004909786758594947260627475661167458288969260
59166146752065261198843986100982019310200742929947423358036220481802254531980, 24033539781062391548339698408816825439714573029533887920633931417000334117067
33380177102826319071988956891339624497706631981969702459308707843297315204368, 24447824156488103623648046414719325298501925166277453357680774732188224756305
51333756191349151887334853944086690296962723512588338223440271436178131634215, 61656609769977160631907525661753015941556238411666881603921334030804424820957
13193632434206412823859969122729404146371965498621056217291747287255600806644, 65200720733416761334476619692250328515904630336326066415971915518818065249013
7319206298995345375754126864089186981852716727734646024048823115541825697354, 62274928224402049930395637837286056360830282144611239725762401395120658124823
62507405709670598724537147660855334300862702587544611242528052552705610425695, 62334267311478475306129258560740870529962159607415630355658525957212934182838
10120585249060914561827728261505409374802192129467383492402292181650157893414, 44400554601246682804391365218001407345112363794398414056274565745570357042408
72353162379085417708158674410404652979686065892134004807060585393035081273217, 42159334058417488402692606048177126023996990343392274426246705083543479316248
39175123804917767316162528026184963621582687469726706139227320324807080258068, 46516843864646118063886342194229559068793691269092934010756976423961210381110
66916057607869804294486250664092841459336913180933923106947854624710862883093, 11647351754307782565712615408795801093757576083409197501082052183358824672741
47852894777517842737720652508463442749699078001197672462099541622433759677639, 12499779644182485780468061102491071415574747518882108912807235910253691570449
37867494434699063803951356759000324868225056351195787923034246217974323743716, 54154313218541258460799034727532252007094348603568160521097555216579286132022
63947566845233823311070384328479173294115750114118519540748441633059543018268, 11083593097739341061123269925153846854862343257770851614273052816418543646210
67101172910209846294548093996858393178129902448063838555042635792141380924265, 30560976240297558990228968898022103873330175065706964624196320478440607987199
51050119736371081672895347444204522779140344348194510826281874889186969685834, 41772267245617778854322261792642754399702384843131866465644867804456185082764
14192478034212083128474768200345579071377282641142977585268490007544544966810, 8943349334010720686835265363500754018172953211539880620441398128031839704402
45290616834330631272443878440373449791772086073887095674747010828348235042625, 57316175905469457362753682469640508209596929281498399606929016811928067030006
67881398793530585621915236130884385371182632660407899168034644866032115729453, 9269100035951529012539742852572189165316485449708875875071811575166057090722
62352174111327673143699377640047902367558640671543876392427459226072421934180, 71521700440836075251006529119640621407716150097220165767730694094424714783488
10960772461321903161462495539810955300472213707953553241368925012029516904732, 36076957429622082812791760046571914467523605143686384778202859189412862449671
55380678282922822496715207348341427088332208217022903837736006594200697875616, 5752381665127545529227391409000893150674493787396732026084481313782628345271
52346127861190006524977962641235377330149101673160433100647610424938310477735, 76430790618963847777757413783824752048079912272612737305392678993155657449214
4717370727533911710861964267420510531416607087922522731206900893798494638564, 27899009051925393837680575131582869564939502184949477552123397398033073410522
58125251423930912355997251499161637417573001168207128873839282498022616117517, 6468825585873664049453370266169847145255199507406811440398118989981741156650
55776684471245621549172600912031651202527122315727379387468355606519390348973, 71309444666935763426081832866889460701006592680322071468614271118204331393533
30143658992855242050910176091182559070587541991279780131864758930382501871311, 55581336103212916149715256053079415627725746183588884576311911565390488420474
18805764957853047574019584076295581553349222312326351628767641142802971712164, 31244977643976625155101053110245634939334394232172164971126276200955400717531
62332540790507968153165733733825531019664432106186369026683554461167787284592, 61845864973831391787661018987119697340331576509548163806907003579400114043522
76504127737133377669304049315728533203851866165043827803401625974376841933051, 41704906972342852807719198261108033433298976147496869485970954118720278113112
75640029633842180545046985777685895747965771905897266629630517905009731420164, 26038586466681843552200890830270029466763263554659205203910769590103504302606
12783176782588708181506773036384176919177862812958719856251576120168890048911, 58393540344014702401601164833633501234447642757263516116878205712604049946901
26363436838666154103401895698370220461947954052949463502531006429662198797440, 28813360240292871845372492340250700931776984863367251063467037011317235168242
53165929559376616559623567642927921645448855039479757491665095597386176633371, 42477103257644038035700353479016930444074036719218813503333681922339124423120
9444343614024606804348383928182129210076549147666585487949847530970688302958, 18203566726162541934904230296447931127998946840439328286169206654902539109578
57304865312540369331131382272263644200144579068100459611728602974930968294517, 63581697938449810402871274318416715730672922995692239990564516682949842442959
37349636274929370503945782979712593570542883908509673637052510992304550912276, 23764299348202268829121434012595273519498945346240888648960306498060181165904
35506538156134307934268688275976300762713375572521190523323658120896579230169, 30335078567259447807302951714749452956095576611342236131932798978566301799640
56258909002756318288160193786657259082866355436110762089638463909161497959519, 66954450531891670875114797704329105408982455516645476002268343996849019109803
72009362112274212016354818733931858206167930701586504127953791562743723178886, 44883081536397148427524962808706698641525562024902424637507719012717632840677
66623002840077002129569485760778625279842724153632423279862063197976444245790, 28096066113021392475335986427696546075912835849033592790346318655290211036004
42522799933714793080883896513524036164539723846213818342806253585421327866812, 55280032401212262815326596308958595770526193287815955544442930045953332194456
29604143933011631418548915491627945431068747821436563602426135690842363328594, 34055565445515264833134876163642152168433409847670319428368441398533343773215
5771903877172999142608614032778865504199465403811938733150646328331906546806, 74073315830895840793610395267538831482940823689219832506858747628796626205514
71018083129005535480051828196166856193044051418986446465421744050201311479744, 72182006735168325893277676380339043032241481732784920389465812874885058672740
59901700128501521750550359988696538139436937482615303673489162210580615222037, 3354721570632495454353445491308905667763093630610143320493616387035509927572
37960861395790189978837482809164987065868953476696865067063175737949783696165, 71956771213013411439398349089804969198368862556604615302397757137720633993113
20878648723692919234523543502483105087437943673143192533050086112083259502549, 6501310097541446353955673031949636751265806513812008515859952688042707938030
45066230212399099618479663938962155680236914341373515582724526842626627758108, 41933933568954174717420718781704092453569547488679903291848385016198737804301
23072219398751909264797834706350006198582369851687740638094862327038227118631, 72867406959367469847257668136314840892732961217282905307921335040439936015433
12967130112211414423690992115499306542869611522010317537658911347141764295763, 49013605356539108414033818543003140380634100894022867986038440344179907922910
60033067773187798576931099608684850421941263580909763033008922035194982285001, 76779175300187724548462114316730506946461801481582109993563481466292781958256
67189024830898102358695094360950433621896825733943643271240300911025226782148, 37080612731934309614289050370040514533574231370526766611806404429032502026286
41943881114073628478145862894609337812145979873120256441146166311516867255494, 73084224312513181590880468539481909373052677739772018293787543812477538318411
62605076081521529953759430387799580243130871261277177801519261663043086381717, 3972989774468212735814384638035776538258541983676856019940504114305742015516
66162812901545933282273946721211614664767643483960324589758821100224876917474, 39422237852108714315464306725731650789798145123452702023083298185686969144909
20682679966416938076989185264790133731053204780324750491281643685096445031655, 72748639843332342220843841139983139007913737053740263622689597056030790402201
36441184324505880688142893482173875692364538497449366264431203169564055719184, 31471363208018940238512864970891140970400178712752586786340965205743261316223
3820271400560577877864092774249818618562719138490518203871600512543215792598, 6702493517451462730353689175252989171651422579558585448277874029200793561605
14902238059980965647157016861174995253762713606357731018447339193913332256799, 490233598940682391045401813320817610480826475786890358873573552949172634818
4392881047583626604432423323534131201419488872619177942357840136886848029032, 57088517847669611352371198910239407531025132414114298287818971204857378575786
50033077931248498685759452285370444045882972965877583132306013523602921185104, 27526364968321754612330530025219545803887838382885903323877518261035378940508
23571404672911598295787523071171967458499909608648821701266241487105040455298, 58748562757966871833429286902992989469340032124663855893513619834879028305155
54105053599355070587289763067578695725822646542203146847149376102165908183361, 15906910563127286244633956868563371568471573131568779927135458372177922767064
74664624106225486831003180011292207966738455953495062049350851932719509397940, 22173583378262602216111472605780198544866778585738703419152497717067892415480
61233772110274431686143810805570828768723043419109238791082073939690616832311, 59608647772816139832204057355034056108305367909540813024851580134640037364264
4252107436472948457976390055643426368605571765725955703984722578378106112303, 8710005753167581991629882519750333434911632353273630321329933839840976243964
2324682394293140687246191161387776129869241222193254583259983255146742148151, 74568320540851587585096962793159998549862629357292367461718847132120700334553
66355819837992610072608869179330354028675405296922695642326529031290247577736, 49981788312103363992195153275218938779408154257278336159083234053739312339792
52001249078799616896582698268760570292866609359938325902515258412539228063355, 30238764922426856073133232564018814892375464326662885812838159829967862934165
75526048854738591445676904912167124602404165721999924582032074393770840260142, 71493720809763895343288868324728321616046471477592349562410483577771194511555
43580354979564700829136651131614440985948934990548141436491855717558002231668, 68694196504723430816870605977802720594881593972874398394142545414282518846075
40819273031594658368494666024076581708122063085751048010340060681065444061553, 61577551133978468731544350485477321665966410203536788340900466894520895666963
45171806109660326973892503276252494061160337472216205669435997376306440576307, 3411852331329459309001617909155979269146081511090296718463755348138292043376
27372991474760284358359814985753084563883794827598758932269825139672547408422, 76536022618958912514968517481463659621032761680842206228594925871174455199465
74420305755849353424716517572244757510639614446922018232822106913630825245139, 62314520052895919145634365235608112845376469383807234673758075116178280642090
75739048396889734278552618139557171610387481212664582337244861517831473297350, 8532747061682820271935524795729259204987004618326031285768821185846852738691
9179571420709070739369245463453838072085447290855890235327611655731288875349, 23146464018746729496784544987646264012198015308608695376711198454696335223163
30262913542787756452120805731215866966606335654760139088323058195643035319781, 21271284382882259004995111240790067912094112754283112427594130179265504465588
34019057928982951993346459158434377761601123934974477195546441996190474913007, 18253430125194280807194382892095174763750490144241777368733240881794887257661
12273961090950344272841841693872922761582940826562720341137472969369462605064, 1504407899693257625370491253234723170819989402298807889408258562274341270882
10949165171649762135819989831583127903508787614125488990791895353002858351654, 1940433955437275387698552955409043314241147922424399907644256688823448660403
16944516004060708664295983115616253992867672634190206817683199382032728883210, 20045796174334463639044594484478772689659249119520085653183468120312190192850
9324771661190094420744485638500568110134267317073458337361752926036684561400, 29743891892993972018736372157622929515958530418427614845881929503580267295018
68301304772619323876779617637435131967568585861766486237353076055270367650218, 30379131761864751511188683769416370621443092959693767159095845618570477211482
69270814170957917852212964233196424736079694913907546130845815507465883915714, 57314895677875129257882773916335073233182192196766502314313319594109330817001
26217381079752673918772785806683459209683858176311364076366245482579535396797, 1366572151571315065284001657651073585502382173224228256432558018729658499901
52996622464036245210644122185733574818016438131514224677946612478758047664680, 76678069555579449702423057761186047152762782795881926177121457791457351910780
18607948642092773312339658643525879347046528255054012848358123946022556769368, 36186529426832222195439563576992530160185727041665387887682709877068926303117
44363776402371702337046790305078507131268976398998666398307214223848835792927, 54393421202078491047489108932460822084524255487090096694157840516301623596704
43670148257038243533425409159960459389467893852383743275804348449303004352644, 37181164801302645572805455065125182848518924498973205344483300424512761271676
11550046525735597465817224905760108451958830938113056514843236663911342304702, 7875993569603531364471211391523002585794607100123978311983429367768838360260
62707689382271191941376325143058546318386741396755302186114755108931978140866, 14946136356092466296383363432419682107807535410605283127005814980070473483327
61960122892759829679623963086910837983605763588358308314820683674800345179487, 23667326016698210323217568801789706814000049499304751629633802275661913003185
1960502146984054584842471269811133575103770651266905240994402434343601758344, 40375276106421189298919744743519694730107329310282575177004899952220967697633
11994122261072938021131350085649582643823466253062851174007576085767278685193, 14803352954400153465484608053346453806332860040689550360608965766489569095359
57802156367463440860520179037503050599316302098031953481372047262132111017315, 70435049259001939741074157161871218085451998396906508708735314556794026399135
4122594338746610521786576666895062655564221259383489966678439887424977010560, 37581783023009482585124426172664718290386901653506738019865043040723667586928
68871400846340395553102290905156960106874086021120377526645187518817316689395, 34019217244970128646024905916548519789423308729360195253372564729971713666159
44666348969103223842621551110180923603237821687739163380162910496887498238070, 52746431373918288909381185913179253334713967437589809601493181091639058339252
28624027215065023766070844749655384865643360647679997606267370054572194608990, 57996999261130683534016852644169973688921606078741691164393046165851299043263
10942039424119989442754583761684514957686071739777729765735738326688663048627, 21197001257076573049525042511628132352513377325159591244242459680015704215847
44469050032765031880376737384565598198437610666519276670478686358615948102669, 57500078189458041373824788153144987998623001762805469483116133929748915525224
47066345063585816913755670314763977100671218768233436704378313087005369850312, 75437093734470164396077395100654851316275825379027833504612784517006523400152
6029904291443739165364064740193239358862083657973783429701228597669688653037, 43737225375900652530604090586990866939499631953072488845986321019088305094
72003221392537522838844484316941458478516723969797709068993106101395698134993, 1819011131741563958323452406263816517968980113565887096697482037111376919722
28272737930911782008009660104277220308086782051155785978507309714891220482306, 17012111491718724856740911774632136020526164144759701567476787625432757266867
47646129985395202277823819337538135091178834186474242773209386787541138346424, 54995577412780323932938001272131465613301485232376089627867719887939010724000
3521801983298158616907317447671848714409950768675355958348115868761804091457, 52404987712828257804426311011607507182291229765311970213483054181411463702861
47460860406220979459907765320525904737515557040694643322457449708511106048906, 48708959548605634705917412873237718822696437776942672147734098924211525337728
29428403070953975350814738785474103900330052617219948921863825508316265101041, 71402249439445936652371623277055078651408888740196218428072341610020708167484
20990875845597384256799224954462805991037648127348406562919787735427368822263, 70016317256198350694323096769715765665092509992487223023917719605726494223345
36756615966324863558678036178125997516451970470974995486691648137133499547291, 7069556257985683752660639532017695425631766093600291501814457196404714524792
16926392606938205408868448592333912520471086816546722086515247316835334739177, 31149765059987010353570731686251438683523336282709627699917685963632395353350
68259927209541893213369207443543275971568587383040353073072462755242906973593, 15890593290676497989229017147723550644868891858502753897334162636861253734460
61894405594001595978165665129761074889280753241705716742617700524716099517245, 7189004301529258272059161337587651556570009814196047456731297009594679956754
57874541537464029251703700322962338042113298677185262718117250280141117192350, 17035404581032589429455849746832084028363885062572199061459739333224978250726
24451277575156122958263057118052451707085213291203505735474474793635112273287, 63027439130294580936530057610492374630266321572057436673945487859924250323029
70523448840270757150237828119856278451341018636076091316379978493242974583255, 48627568234518259195418877523139847348919119588975648874917513807766369427825
41918172110284962825192637486596430062733646076865933371625792796748310627107, 37210670714947917421029725832277279632086271094129247178007257963624069030185
5558314567155955166137530771785104470087390134233741224841852081406681486995, 22599402717172387890633115820001500158117896185007288611433654722666180826105
52197421473675192462241611618527167159701180692734501410200234922677807994023, 33083972361977174108581753477228021862747586309179432908817114024618318387863
51607401600979812688910608708519773809904435311854216175932023509153674013345, 30255167313204600146031967678966025125003015127004336139061428745989214505717
16145147626953611938055108334937731051523451154399215152697194143838811765902, 4215364012869456291130498831004182707393931321402850006543988221768821839240
10761555690918926843305078651679839887576653422607636599872446853254571673008, 27919729186273063140694219888376357333644582622149361685505175940293052589117
67911683833039552634397485599310617426773408109953226806265830505275048370866, 48540028588046242365506352331318741527454127095892174347596633489024225980882
53598638178852700190939489178326580293952620921790627839802569073706522578826, 45961716647862148595565618272663210614175356317236165859202172460858938777458
10046813921568394233664517480824815983876695155084939141202241293605321358719, 49133632093388068084363772135419952785279552099029071887705313369029098871119
38483313237974968637668920799263779580278509054485730607703367236650512801411, 64297347257372109520134286681099907018792942979484687057190264807376001688844
54701534368209194199352948965662868721299754182003461156409522428141084213659, 7508788687510241579026750028527492822295982355035733631644162156702010332601
66369398776787727494512147002961746316978094775299723564293857786905686349120, 37269055142922440391414534301961371169066694665559436026935149068196531454412
7375105021705681468724191742890878497744846387617405307605998193973411429119, 29700210872622406181196707392007216687497264810406195290189884993794378237447
16096786038707875836741958138106361246240645602958677374756742545791005237111, 24601269697102412231052513842680056647495023158884110522316487526651764619914
35285516610912746029320916575059344068075405233065408871930454711317655297130, 22755533858868169022628342550562145728076503379084486528024287903816517697582
38667380739555495905153881213442988432526848767403965565433430695753730680169, 27583002272453543342402773010861463074549904134354945895304056562042079703357
12762334422744008312867466608069761556574613682134261087758005146202065692858, 37265121203244707165198189666589706304952467620298383893768745856084778732882
16956653514315635339371640273628300586040256622815380800642841995737416935142, 58334514994090738721428032171911854891884280152835756012314390855027828323847
74056259008875520601868788048679599547630330117816768177413475754582388019537, 72161302832642369571153762712985729140361809273087423395244622213229423658512
76447430465338077070136210604748500286430723784004762803379142653622186216407, 38166207149911319021660190949531212908956835975297948564822330496962022203234
20975721532524293834598231426959288612200850433763122604023734151037344374344, 21305581954303586995781505731539268568399655600528431796032591738850034937280
17477032801214403903312473969248276514653233419858723274175901544146538235910, 59701557451948604009042273987487926710803986340064163216008760266546238293605
25703983551504556179047327250872469073182225807635271076505651281394387226598, 5683739886423582483440211561342031812141410935378729723958095884619301212963
48546979192486697018945772428055261469219078588417372665632004918500645055448, 12674916440605188143716976933797500800148841246774068804649779069079223191396
67341387753690767029125872925472986501652365318897610935535301107706001115588, 53956493099142906808892892043129257439744117335000237941874151163223878564204
10471727317333321082135461006836943712175132388791428476806782250748652892957, 73002719026737497862707301208571073613747314690021364781858114285665962628132
42189363085369590948199203404879689236492584055354241617239611049020037991159, 56570062937641412081600036994554902453113874287129698464995774610693028955964
44566186956060808068321749088310096129952140152879592037119376259504164813195, 24727218247814646062768300669809661850211965811338862484407516192441296824549
65106548103231893580218492773433085386846319597753182477620439274312969007881, 33178229836737408146277388949451407368469998009598261925089133468673892934034
44256340520537518744422780604956016006807775471065411226883724229326409635208, 75225373004930612866244138046658785504739070227415007694310746292686670042526
6043353808168232910602856680795126326038411126695222059028037346476921334127, 16554907468127723478557938217312308961302891938982000038714714394432819382401
11900999907915006282895436336657267885808508786039873074776745151299964913815, 20811525059934187247704120829685584693007806730745392989035337939560314370895
5507027063434835123016097878463976814817912353786667590810206853476672366853, 57418332559768391047242088271733059652418563985931343997451517892660668822886
19862529996631364543581961607388740071348074369909996550964978682088025305758, 24016316395728290142283903807263450651677654818747017676502685130623709536974
9278188263650030324575284871381843905947072995444140874971097595401842898849, 21571652148443471954544618716992551318020297286922106051023987268315272463215
3712087060907695194835947887809646226795212052035392873925419170089537277514, 4148257976578738825347163976055569841329167013077862289138801556975885502514
49491259931474699651907258173053999812638118413474081653101401464025713156961, 28396258000601765355741963382150798933745353159688449114841408901863295862419
69984307759376154155721999176362364512775073752842168776600504913035048389255, 61240025448234637438283893837187105831994616906174396958607857477501900955087
2887846821334737826517503807712985368083775206484019238533232020041064266137, 72660407182773731419890838713172255904146599643386020777006193566192374291464
47088552519395789194950820019957614350756643558468347815019648974658835788561, 69771180668677626033653928033578069694426173423431503145718781713979964090192
32537695234744763655766675357471679236083715707616844686772864683868811836966, 14978716286342836674997244046095238612123638020659795445965913116896484945573
62196988102322497530653073899316417343691866893814116891602424422964536052017, 63145973748381142211402704939651607203319033076597286470088188475706053805840
29987837174575646904566217378989583295432690892120174621473270055944198164479, 40888563533854710990245167234809990900188719273636198106582808805824939934496
43976020174912962095302323997923377872905168750736230050630094593084006826793, 50574306272730561566238428574701264531260005736901950401715504500451239294635
37100516005642868817296549132396456750586617089533671760149537395395090402627, 68630879181877130208504832817769821319898641826020412906056585841585600199782
13046648124592348545613840774289382440765949780663813300661359569127174664668, 68851742033432459903287742432984008797439979003055277127019244538238338228618
65763667058278542982053748558018796875606853009549261454450713592038018486520, 3608995753251986138140215171240483996130534335103081882357278363001616006486
11009856136567639712779550982657084363121202211998845481980308921417761871609, 22494018979925650381795072445215967317787600626571982343794342634620185018976
8277266743555268644254286658477043330840444262022332025640320477450363232585, 57947719509522724712143029217686003883325512810926889046844150207263432061647
46283847145027174743864530023801072093740001006580934458488632893698855589350, 43445499109537367653459487485282158857007418978566381040781272123749032113633
12869281491061938423100554053701770903651130144597092688911839519984683646278, 29538668275869604301018973067944672260041367673042226006236213608401907823964
27138233398731836348986978721373602009693985623030671907678863520938852015042, 24770090601698439003604656800307335372910954304336565207990187909387111713447
67963296730692248044560239000436195399319714864220965692728558430429499335397, 49899650069698508405575505550606027081640684468656632479209867935675351728816
15216463407358443055203614602512884274287745754832931868163423971904006283611, 55238564864101068411481730167113425581256589224480684762449201432268862317109
31890465661496835269686728554728598101335048681404177409343334843454746495967, 57722468896909443743255900533020053776202271898593190306088880986613577426572
71745552338476295290058525549509641856737980142460829766469942524564279911441, 20315869570055365042483724287601506662413169579213653175082013658440220251187
7139278198188205623769777059906776195272878307728653480988450200780775507638, 22787211036416192570083927981274408504339959430572090183395748994425405679123
11397247169571127306472407467845578456094227927903711027765599310058481250476, 28499179413543091152708848545727512426255001856410692350306981227765629227838
71716598430009822752018784290884269973599890594555482936368234563545339277054, 10453396130961742343346095988337302110942217825631735849452995510565739452887
36012952383615348747407819244932979022269360608202920730771338470096694519488, 26957534162584237326304573014972333053566412118335005680639323274986318583972
14267716854527564306020533330148204902241403508423397192615113797520321581328, 15086116893743544368610056307084822130557863925153260988405767042388093917800
13736816629046602102663647876741688452081810526081437212021861381414004714763, 39648588630482576420981369170563965882760203159349122349790360175435731967890
13911511177756315773258248174166364262370899893432001286153090245733624293799, 52290439253571654511040105107813498340405147130425462109125768004694946056318
76279437075817765021968463441619266636980269667953588960645095983802917293250, 18506304243574921918006097311177129288218875211469021621678419491410629044647
15707282817321798826214341503961627265048677914189231831461373986755149772935, 46822253450607320162302021664093494639931160311677785246809397274143282021890
68254669415664936469948899676105202401262861041061894424677122626528978696393, 11099390912027411173929910103271971633513707721269946727166348473899437138173
23545017048338790502036349625134408822814366236005007692674420810666842449733, 1579589364776477299995170506164859510727302684853704524794950143119514966720
25507799866740487289500343526607871608384734064621914950353784150174263181470, 57297258932881855648028459823689290076314310583316920311382481360270856204316
8904625114714400833957756448611778175086378322818337022267089467864126578855, 5826648398470517097248861432218905019175222857406619329487657843114061800657
66136313889324439161218429491292612114609328711634859526530197105834441816358, 61737478756056247745399454514191451364394317638370484864085538491600279422203
11767256653358903755346807490675733923849975931272523356145237837516647740596, 70105361391234013951303224720371545996139004117787782679247843791627270030266
58998118148377945773960577544612847130601593756927152688426721924720670413642, 41644042492140855257207484897198445081547409658755256123325384491920401664425
51607095599239975188739173143210902662992027573563529698527683881082461082211, 9100006646162616524229290790718248524464416891271425247377001387849384692689
51058230247218556860582329155122042169605801774412112172150151939330693966790, 44818654297940852046678164081173599666377821327866908087811085743466972250432
40003044186643875067919265349177345280359276708482686105054349115520594313731, 56167185785025469082830575177512245848722405880186637284899615354030900992470
4796727455150206142717010487725550034022580599619638911358538065721312544529, 52781933112304589256478189261612200585122239818447293613063067148247109525269
31227564562954464587402270039746109697501798149855105423724831640184293040777, 70829193100892078933666147138185795959707354789944298731772497013807857519961
67839919220849324804375358444211270959391842022865233832340780160120057061327, 22023543395345750405400813588213870679535751650260598717705935975528996449302
61561894308437023515839583918203248095256455431250915155135814893382692068518, 71644573410955268284092966773828284835890341003015272541758950750886376352291
21092395502126121153659021340149319264663061376473309802697947884719269371246, 23045567291405451255005532860167815096436593113553124752608119793538332219502
32128699789361179528477803048080206077655813699557896495720279360596733201922, 17786154131764503545613523527787710848651459754668712218819383415744202657383
61782960762450727994910661451008590729148851679132619395271007058660089103400, 24198316028904579274062068319395799871369127331957841681103586016192251939557
14243724704382544148102174514168378771272288184860200035999701865983184135792, 67816691103509888542776339454933561563311666922426679659978573738023974068487
15807936959939872738360502468796711884673268948476493806973663636903571491439, 38964707444292107037368893898617535880353400249301587177768473736157098497465
45688047632363873230295864319911038694879246528618319185900063292326130179044, 26800413365703807041191799090837425328665009132647685991897760414839425605550
7077032120618444898933409327939596644383504911210247520359458149035279551700, 64026307238456602797408457474460111929435258290392071205019708474928966277571
63697915910672360491262840991062030599405830615090723641788976867253250254747, 46765546012568831763466576623405514903832507745828322355592631892806058480950
48851168416450289335124240469766361819337906406473787705317648549142221248362, 41339100971082048078242699328840981409794587487803921124290286752100057422682
66627059461486549778292063158080789083757152791252730304351265815871376769183, 3346193860040415002770283574580647058829035208563591941602812914090790912772
59578534747663940370439145942238456098235052511415592425737174850790808756532, 66201420697697612731873092466534217409573950321879639991212935085019946164751
9296427536468658648180456795722723555525791409399867564023955841931259091392, 33600956591434095353989834960594950150008882506128987176786763903909809024183
31958453983370940962632252441484578516117894766811140329393377780576404108531, 36881570643318509782509341826015978903735404903587724897821632371348881911257
33251964037477379827896729062173977058602450055421422079531032997855373343654, 35898873774429502627031874897368340310537991043286877335388265945886199170633
40633216740397009092635628067664841874640591656977974032831904818631749003325, 44074245513783578313224356197353546945797322221592818609661360614171892136242
17161487571882472640708581453581758501764008159308733931975878100808851906482, 50837789508305798287139880153557561038302392300260839218187449231766698672954
66974985308117628248811981458313268835561278810957110730473737565804852447381, 54451243568656337150556310749321252043964986480964845753411228769518476457986
53515982283348985299958866063262242465922253059949498695167733859822180338443, 12752309257281328610682744830549719036646492787511459329123766159119450698363
22868895680825822675138388908333201508215214695704165643250220360620706653266, 12787788591264318187709964276133523635323751162997706905580308749570900830679
56249439647054744486614148590420701984142150595711614431027987405167764521882, 70385618921156749133636848060641109809717412230116997509394953887294917456941
40320255710711186479057786117017172421931224690254858197574614227248639526221, 6833689637569895984809010460064014243698336145869090498301337300018543310800
14921390002713593481448450465374234937058853516490366543436246546732153526058, 7026049171927780182022020852095654980531485868550226795669162108349344898091
69476354862665812811162017462843097649773673162756368127186739612116843635930, 17854095828894233565540581795317884240279086742891795462547557335900414763555
63948323980336623047477888498350433916169604156681170480473762810420485665741, 67430415883019757445326165540670348474984767102070152041439646644526528216651
43196762502254986174400886227845435802139726531813685147218873822377184798815, 75072692658738428447471964473027292936162941968508085694472415914083006391346
49577519542046183965486846395079792216858558570112946458081060898668869177348, 72984384212085760020774265528250004024091480948221331709740162412727522469668
27034545607753212689503612054056039680264598692986247792226311139299837353038, 66190666803078075910891329126163250756917364722393290233400909379265172253153
59550201135600805697919189777025355902193589731394195295656961412345100212214, 75504838084458869793231355995956003090774187283966198262590136273945129257770
73005411993094920231056606911109361403106219197187033937398848998515170696135, 893738519538384307599354606265033819936141538467742784967016576297276327258
28689117629438630267972077624761342332910967937723345025839796989751706122, 13453985551770870197652567159816527504208210577499530467161088712316230994739
13077792672704964796775092705605977348468545703446956164516363308867426693870, 378904703367260214657711663792075034859998374917793047597649254104054636157
17004205914552997874930483667918573477273307772866268468305751376450149566585, 40403720133592514453497197688440209027215207379457319292460585728085513633098
10301405424988586648816305572098831946367083375237397197372144191560990979242, 57834823622836267607504763227904359190861193175735395042287435481806978393442
35384072074991287031495973987546949221589141522961330961910492869869676269099, 18588389030842507461991757311309044974235515363924549816605007618168378147846
11975699207359407221046746751143219894918988791999803822873181474666603213716, 52595101939202173902873234545804685381203949670795771561725209960295935711886
71647080158152478592696094913994749891234610801544226689190045374174423485528, 30711916013775509939699024834611422952112594161035163513595290943238877222183
36911762053222462542145089121852750325144319344975758022520028609353841438205, 11551428409760004989420501619751943606711498951209568040517077794578998720080
66328024673711828709452828322621091281245346301400734644666899381372274987161, 1589852239364848170840111587506173910876317660010393487895923661875656736524
63446163979780939476729863090233617880758542661387820652203970581752920691650, 2866224343682100377687747779240496917193350768824651109208761130946502901560
55107073890265504099913193356111392898134847552123678414022551774461701858483, 38073247272434637382554863204292192377214911119574892060482383925822432658919
13330524772999161903013353307785857283885603538493614097992317137261099255541, 11288300166076520712892721408874073462676545638342304980439358119607268074530
59745572111468373003581112471037926785625438225163504283282106027782417754641, 38134806640505478832824929281115832681512890562774661920485443345277696431110
2603012189155973930389259293877972270787016624072421344206010837432850203553, 11298015813353817345024446733772174156659805447301348685348531401481849036543
2631841908051040205818362211188497553696274495641182335165404288981115134810, 73040175005832303264064721048122372171621351921830860045303703715565703881505
37116176140100963922191400169608707339663116634620227844794617521322947550425, 19056616294388770751219337613395189797855622012502538631035394008559430302797
41665423838209032225260727557106466441291975142923953830635098647691996223582, 13978876789322678887946450059415737679015781323147801404701465633856148110455
15071086554348978440224279059848744112465318323833529145508463182126462081565, 71069746211716088254358266086498522860729001448169480710980197604338211794701
28460378891646634869502538325159632331544669981685912340595902706327779355631, 34867394575453358375724567352590193620474324846516943925320044545846961941387
19460798195541244252567260888600106582539775269091597816841442429872030514527, 17266669256402381116899470206710294973177239989323919245955519058655237781336
33406558259816754343890337496907440708379792108799064118797741737828884699016, 55542190156174038476777616361157504309722885597499212748804574291392172450339
43648258176315829135688383328477622199285260026434410565387802012433820366213, 60884997917303991032759497011161963185623457779094519910781595078090865827197
55001774654682754548520332040479087930046550202020648817535982127946002388541, 43879918751040279982607913916884247072103585889200643501583626132866163672843
46549650351484951097482921889313908013887934590543845793699352666667128726386, 43545802836997306047178826573952254860429856226026075263623874176481841697619
56253597633610702183801557353853468357911647813040283519887558685956882612870, 68304911690597194200811586701600831186471475015074284688006540365910071487667
12659694330216092298940058083776348054592371299305184565015364110685397243557, 40847083831343571307131327401098264126704392337554250926095500298803367863737
76601039242628907400135187374073957249169096398579278883613974557051569001297, 29876311026285090592454351173994879685534411982889153299151525076358265076352
17201731452469880452374964546970518506693264468185178557539084860414627877003, 44965623733158626683956925533797457838398357500619513189918536385251444474323
4780001609711271253166263468415135759778067042180015563977719673588271145884, 73552515316921641907422727691047717532121486062527289667498289077994136856093
55741727747577366403651398833488136079586114229010106546629563346922011167631, 65414759706048295635855326377224214421579038565026787954907930390642573157382
40900710029664018717196674811756581384696783653917449560626113464177620915662, 37867048682792333488708396905418657728760970775701210066020104350446344031091
63522193061150712417580093940826901279694819816451591611870523829208532851833, 14831898518108491794736115014195465578873471947956590012971101531427128491796
43161891794496915419742966760184896821900041796755149886274699857829830186544, 50778658507667831815098322137513211770823515314876196561412229175231706541611
674887776646046726533117034701750225756134872354555893408874743655532138934, 2502595375018282416856235484407144826263529158963113128388916929621897541573
24005472652577623008838598356353427754492749112720194401860487021296866681049, 43893781773861844843841403985790563397020701317200771628572523492139166152699
9596750560518884039258291593028727386515102392249837430092018145763376205708, 34894784875747109975898928397637933134107850554252596715067279886166573213281
22547298043602916296104763252282714120924192274309986871248106956903189183798, 27722035918895636276151504363852250972357755904517166334215218415781126456577
21211485585400597382434583464279832634330662454176986682520122376712476731520, 49194255876018316964618555508757171376290594166644316256365109562902370392323
3079118916993344014918209459717052175605410461384384142269736450001002447427, 10799727288196963654458295424226666730326601258210172391970904844073387697653
72631644420636180722773145510880871012907029156513457275723157251329932388963, 70627087285889778374563268600640495391830153087147623022541488941570607774700
25223458557580199605822198144067660757251921044609836116546240170718387623736, 51081861585777115428717466311255121465100194069909841879264043602422299315351
64399406532847968336476163927502012793470338482258701209310695335260890176195, 52987298840831729557779673085327967394182557981094099821835745724193370827151
37547067498234614012685823247032690647407851618213427773703586485204150077935, 23321760848397232557073789361066195172110132056013014148740343618587673524840
25347975116447929499502259492081896461984074283915031298910329454732241172482, 71655755918952302415123190235389669791117713057041625400612565265529302474661
18801403435772789891218833562481984731304855182131438172479187736647452759039, 49220912135963154804556843208821522601052069039164980793775752169908194041223
29672869501863954739999421736621570199855871742732538805750485669685385218713, 8940421118086128020123366893461343088760444482564775017545073150826862843872
38979575905344341836788787498002473033804633502110396557004356494142175668088, 20958671151943086516297984118226218348979211623717743906437505768493432011950
40962085445333789793758729852010141093001011684159487203758769238569914943652, 32710227399713977068510229160808650708074640019836219421268551767702117972624
17922956298529637541598082351897883364527276403557841664942371443944823470551, 4352082521120042903702529651938559012046138986617864757194182479297109309732
17416905810328611625634910155274089781936494227502824783507299960769341362942, 16885238319665395009146762485076205375856285173101059728373646084592106332892
62225934293136015513117930517331202430053856874999291276373799193792555707670, 63118425810472122971390244605409000647991113406695259627229312491240973070038
24300768124772118581340002875726201604591135273783507827372783048660960953187, 12400413676404037447864360687723233310885068648956203018896591985874667880398
31665155187706461919996277055714953634310428357021080953192801205331004492649, 25452107993157215171333555909443863999276640282414137227598196801967808002008
76706225398194264248520862834774209283790405654432963459030687364789074660694, 14673555789053638894074338462292132566047902851578735072117215811299033096336
16109414440301985185154490273822563475622833049957061151255367535702181240974, 6201164770309783892114132824521254829513184894005792632805271238083163286107
48082604245618016616457213154776426005923186602220576789526925369702275245348, 55555047070492665036170942508497441910203878531992564851634949408846553128236
61156076187858427619683011560420017009935497451690055565198947663097548666785, 61916618689008600194714279646597523935389646717796663240572700593457386466767
35330750350985287786343561622768651148415369532786148463183230230564395978306, 50182908980583389164238450579554481281247282398452358043936999206013330608647
62455163239430451168688883493302705976621016633358247666506750232062007575503, 38608555876095567406761172878702709462029581677536591282951525717528788608273
48841303770879099012688709769556157390730015297093466363477149474612726051186, 16801717683387126307131556600271968096573267558850702378234352868786078127724
67520451488463368014360533915199472497473737077875035901505786096810103218793, 55840679625749532321025462516130886445008915782957676958823186873468899262202
76650910982978909163902814009247704886592493111425145261253576872616927874180, 27457006074377616354423110800425711302406733886914089936433121903439058257915
42555515536268552466778032411368729389733908906597626786318611101718410176136, 322454518616489400309372994604071266886781292024715445738818251758297709003
1218514996063710511561251158851948587189735100301714621807635345980668603486, 29840052413114160378313174309703031423403501011222914394880646338051595932391
40687479870013067471951069553641724949618288968635521169759141511849419201325, 10255055972247981244172909654488364629025279246912397143623427457987900891519
18575810245572823874132621683720914622673049894137696307133226759862998127606, 21889734173296896196007331856366515611525429103411364688012938916370229556530
11237805790395676551641926269637521196639970434893974189422928231769750178953, 35265606974254505589393013318547102666063124966192674620863131928265052305788
19419169482566272532608913600123125097768501355861326346013683930533089937698, 40416874492188303838013450177339019542971153683464928362946874276641378380621
30530407316404036473826783318288170949050040586423744946709256179039055414138, 40089554809915778451845330793368011880198789917051299152675357961297666227668
55214359309581298878655625874697163485129037464127054441067902373701550325051, 75360655490277469911939777989064962782835626456763982713403656170711500976873
8021817081550053616021821677578064547153130025786728392754041857454520928661, 32658313212869557591775292075939917826402852718644231882378260937969388424300
18970549651705949754631182390107116159837384110334753643350146995018437123798, 14585160656592640483036146444766998541105064951779668087061861284007775162823
11388636373536617024909762286566451873172333459831743954850781177880031593441, 23897929605265119465513302208705011545936847739531779025780751673926601965979
1542127619601104788846275831329919207575495698752911535287247873839198826300, 40808375964758799924098233181428868632594024104730588973074255936845865480418
632811367365172326270768144952826779205664190457930504679934490517040400240, 74286667747584413800908758711209167157484717486668081608314591414116288714451
73775205042175073964399166176823090435168323700797224096345312011547909021603, 15411436929536622694709153214219179264859924804023768991520711847485916785402
37745632987330043504865752036955721417772897134854106602204767439413928406558, 39243262427786243275882502216451571160170449650167342867322547425431684540342
44322933313423536831848266340158925657137081202286094515388224878803445653399, 72488890874640431385262587171594083776488752250667178169696035411974937041253
37146626041779450666271635782062296112629548051174874756720990841312432755526, 66231435519716966287851786881511622980644864967286679993975646486120927464480
44323327264600354089496523818547329483556482934377566245371485724799613558371, 27322238148265996113823323867094713980816846797015899628392938050181922468365
9884841134104695089655941825844368108932697804049638510431845271887332168043, 6835540821476064428707704985820054588605958000880154921069212358113629715615
39699226313197576653359268796047524457014425463450969700205655325599088018456, 36810780435225898766406409861503290785744150436882901227077829761154149558080
12399859154770749282922187281864785896437362145054909333425588408620476877884, 46024460380041247944085689060179957462343565033830681222390514630890958045331
38653832702444217346949602681961474661526221784638839596069366061803998968046, 56385666174258762389952096857044726296018710224172608613399415411702372695045
8082297214659999308753909923618882278939343386494138569839028162903754591929, 48988740861680989644073802251854395409172558410554123952394768055062796498771
33519767293314377663151449055882827461969559469779413508776413719201212970422, 22889912396335296783145396398495685568597558869407702254636682011002380710976
14168459056875281724094142643247558303769364137826712859010450434774051544876, 27550068743811385937528135788948947063809976064147780147468486954857753353031
74607944001288323028752440014692246589546791506938615537743639573270329603098, 31245566992728005604705867373250195899914019251326400929376143986516318501249
27640360650371209101481156775581940049122130275363177266977863357381186308540, 13260462422769876883400017933370828021782940381955006127137540570659700943380
11074057432783234863707467716708362863659575019586612348140348540886786424219, 17506838572467336979291537626676470944158030238225341768344300015995975046214
24947746099533158578150044899083854018781756512490599989044621788345885634944, 25717556094297754351034287834505671344781773532790657124750812939680129000030
7729892692059765823004732455504934404395470040652911357878269022450508819959, 3495989909862800818834292434080460319112891283079177745206426593591733431012
56938984338272401189147332705664915808462338108021989576580242706243128147258, 25933466618857598815295129130948532633275508879888187180222458071141305410500
51546805453733978702867228810444712268454745393401195204772017254435907305332, 66131577965156932268710829714202073350078204984216322516324354599706399693084
36353627254427852917330625151853613155527373934016276817439951311116264327865, 21995224526643116973025122333166718907417216868183074534893521980336582506439
64619056283432929027243977035963087765389351219088731671777206251960697290296, 35349115618151451575966257231657180623031987916373790236514013039677394506938
26982072391096836179323372390582006351327447550579395633758924056168544922174, 30168637319610348206510229542767115773808444488922622322800805446306890208149
12059169743639719967989364721100551755200472826568947326303159603950507474863, 72846101630928499900706197701904815430621250843072195964574332341516575804262
50443968498712978556469577060719580901763777239999540663190482988984757130775, 31000957785402767443241925038279037466967453518609738853309918023962125740207
21337649735805854297710161972637439455074986565057171109410840777209405441227, 4189836547530149940768629140789649352595121482242670299648873697355245996368
9627067818765476655437878773195470530538239100647966626161158309424299817809, 19140872648612339240340952975732702651321597182353014352048002943814083908211
16513152856362500709336381936257603001564124901515561363901645444209589716293, 52790310060045605874341446813748899408241851253276897944685709464981485642370
42058301018848783353800600883418356320803308290850695560170944785613678602026, 68076440504704784857102073992108415917367361851390137432713450718656090299058
34638603643210647623794725638068550770259308102919244134848744989321755596432, 10780554510640831955651453384941079968074505093353455687279566685175351542432
3782070430712614813957340163305103937321132116021294359756292124195432022377, 72135112797016716419361921309610631174889340118721061539451759943924464585890
25686571431463604845004394532528554947378589255564598325743192013828354698487, 60327938333905179847875092539453617019013274484914277767993875349073388182610
3149004968339144016081775552149292652097609015920902442106599332600287740518, 70093443028935011082776733206730152359188630518765003877513871983267450076832
