Elliptic Curve: brainpoolP256r1
Field Prime: 76884956397045344220809746629001649093037950200943055203735601445031516197751
Base Point: (63243729749562333355292243550312970334778175571054726587095381623627144114786, 38218615093753523893122277964030810387585405539772602581557831887485717997975)
Polynomial Degree: 10
Polynomial Coefficients: [39, 21, 33, 26, 45, 10, 46, 55, 39, 28, 12]
Public Key: (12713908999222102455680850394375994028602134225333912710815316928618033663717, 20975186720137266587279252244289126418742992717844383154954656987509840951796)
10089209985804309408564378357841416797685379945354297446565425294600305335066, 17812272144925269950242506566981877381263194136130797504995191208363218170304
31247546158448278744668957257981639974257466869669262913127137771731371623608, 2002611275262448629747820129337565511339002656602388035986073429637098798536
16244806703404958800085133881951959840973848596839155529022373261430644100, 26960307113717495727443247310486123889097414774854708777073529461229813227506
5125817290555546853458618985120241127856235536307483897186495993724218402046, 8256982762494899296394792159181921645724377208765896510625140466781377263144
60270650607074415410986502592038909786888070780018633969934653451299763130286, 43956038399904801664558513708851075170428550035568087716276600989266942015881
37577912583846408975618166282297889778022341992816509976001689611707013064283, 15597386818589267493223613873814777792647048173317549323618567050225500898447
69128431184303462222970049459384649336564930043232614429639565162355516096664, 18677828539062547724805690353073286811637993959478447029530613184144377320200
73871812025233006846606685990301063013802383606374833351173534151092792039832, 76534624313416524502684531794311639003679332592111948260192621122439511144560
73442017602244987600333667695127250904827650743514023773023693911979053789906, 10592158849146150245803837158954731906797487250273578406267799301869178266954
55896509307204696188783390573818499985921688484071444174218622700878859501784, 22760382652821143823957899114117879955229333792250208290182184035186072440805
709008156780725389424149688613137138755577332296991283956691278145147150276, 24605574280166732025893128227997430350736998748138866755574889177578073520220
41898701802256792760919916237569070155362877338273160360319837118552680897668, 54618683047849812036137299098095688110586092761835903188334484711608907199599
35738843280982660226519851890412901720095358345548329697507470795402746107699, 14543026507569180474340155317341516343867253335976959374148389191031084562190
30169561360368080956492265006285704966504046883663736614909294691630939199289, 54896017335619111068016965722344024733570940723605879851446168789354939574533
73831604788603963000288669754574240421406850659075915317992526386582769536770, 16172525053705807404090579117057684600906790765348172876258854854924601406644
40357477263770590897640303999638184632502357474421193614162506008285837214935, 1119452086326190464248167051106810241824058174916228105367737865041817944580
42933708287030387361222359348462674094872687746921712090099754089916555415539, 39653945092530108081621152317182362755999276525369980699945244297592249058527
23228731134689079126206601944152700056567109209667750161786363097771318649344, 4347908787885655540452080043033014658631928976261918190080827467203611220008
20998537060733547357009770230718895305912130278169748177926808877177618730730, 44726380103675031415079682892602874778777332634935909318472412573453992384160
8417563976363951667061658589551548326011310374758713084039267377463298049224, 14666738946790841228551438404230584042919588221160503051356286456346468782934
71653878077621512972056367831535320406351051586809609733066098485074227478706, 26514212295314220618948571540250506496706739958520145097280700920364493227596
42165453557775439973665057739113543990506786656887060903892857120788628845832, 5749744127129028176144769382490540296810043129500906522953865209932072021412
45882409180943683722404149574874668040931034793560288621639351977990629473066, 54215668101744719371662395402088585123233176306523266478552248861692697384308
76049252580082779213766137180182978064591977509162756193224127465669968389135, 23012105786970878236508179433682747173775980397061520519857337626837763666697
47969554890867629272320479891743549822265546310802979056955401422298931148701, 998366439621078449869600800485080440216838731918885332728032976963466587468
16788837545983389574918658754666092058694617434457120836499077215165266816532, 23209214915291058511530339966066156117506317943106659906179773707267791771444
74593563853065085270147696426886317328177019829607871687342137960457688544134, 61166155275591782460143537683590363975141289808607348106637764832353434586630
24106830858047010717964648407290988758655102520383377679622447112672159025598, 3909577427069081995575690176857674043555106187562132107274313626794182279213
41421836779904306415586305131764923530331581096271897254514359334560691536314, 32807332406098857969110206207712303031877788081178757832160566834776273282820
69349970759175078831932199989881468275765400111529205351268961989649768279459, 43029001443712626323249449048630805933844067610836152697044376189862466431003
62841938319625005272822797310665696581689402552789777038975677876961707492657, 74459928609720635448575200789498908124026874197006281324664628002572397353453
29784683327131064746821818613834208521807443248423599845375174099094259766623, 62636166404629850589111673361176295433305508955381316681262348735154418964034
76577931933983353438829531387519828584875811590874907680279906358286954622300, 17437709155420868896364867855134788611867868282904799734979853775078026254390
40885412436976237702748440327792179639999242341688256251508120106261222037378, 67776249850924318914624871772079055098340804385517182978566944741282584928465
41385667568113541406418601655451076215684497008015253153125380280508409876823, 51936222175989030267565783980850091877346075391821064379534574542327273958712
15659542311775650161382744781551086242872272044311528191401495128911702718687, 63053189964597078785344769011447404072063928895898401636948396442595604522982
22842230444554128633470597145590989751296987880724541244589593268697481642860, 68649180190453201149277719640773216041803485727562156956933398686361886687060
42063185017537597019163172631453828385986247066721874089043666844834942926197, 784863826439192398630228990477088351412843426285578728210659354637773962021
50245162838309959886692981647164011795772655723145629997509726427852457792868, 33240754190932862074119956009243590234253372699493853301187896584469782598195
37298597254070792200313049496844946480814819242679942902976521915994622754971, 27470301312753583445510563433872522493574420207241155684620675491572891457912
67825172017521206871173130339710981427673813190859422071976007503124871913, 17452397047861503241755198483498383112456079099847369434568014104149801941123
58879473567355255247261014337108838140288861124973516149140904728732179508401, 45415364907141748114193626449271282583870362835306884315983884809195604513887
55045356912526579860961917890001920681259925849639011987080097386234847176422, 19463389131999629877131778504190190869228904720723044374000614802334382579260
58444751589285190010020339602546437612190108684479749602805855974876861815970, 52953545535917509654105115801186812407375335186616506850740455865177921467415
39681193183920399478893875970731103645526878847243925967620565134635830871014, 49882362623824257490443747063179296695155843782856019203244914407495778728011
20344319653754385992042338452019769387989592896240150594498869374465782925957, 6640445284151210892018893383741747380285769940714115229894878813658447099025
12525190704686477709263337023721656362269260550951348493869119454289145155345, 76153482020371462505900470211567858167704485654371301192070956184694111346182
74702791567606837882980122174407466248968548357469664728810999409813562283435, 9366426555150453737657590003521249869175191523170038418862478748339982962345
27328324520358731639180516017408478066815690186502099765025653834754855506407, 41689199428348591657053029146463822168003581177878587778165306726342692986408
18252218972824305821173372224401374781041268294739315047976192278785550640512, 76594120036265605541781758868267079287885143115704015651827335897963881630838
47292487587872257153006826745605683791723183048109491768502979432946872738744, 36817091991136797168890273387348785506656070320154333975721734388784235448688
50207768958749077200140453207359230925954478139897328792120383450785986376428, 34722565056037847863528561583471754205358118977614327605752339575213328798344
75591591480316038568064345090904991437996052080573556991538147783134517002832, 18616719392536735745609390297057673689407513469715027700961478445377162265503
60621153067727542408100973740645878526151581980371676205166481140130254009181, 31235197383446697154529816936771262898823067907432253476876005987105667209881
40857473978314901174848732958484778614655469501218215163073648528632314355740, 59694466061905309555518041168695449369901551524129561268201086912397113262251
20954122307779667206724153836834573102608454639583209702917387706232463514688, 6274399160633684906773488115158190886010589612273729869871960764379294816723
71708470476405993980012403083742822720953703325189777827246416633786795046189, 43778164162357138326385053415228371002168198970172192526431381914571651359942
39139249643597437484001644956073106273544496167787615713178084289501408771303, 6137870202062206153705577831910964814080547208463965407275677716151954048787
48620135992051152806649860004939287080513272487533552732586861909801294964376, 48046571102173868566860865328769752072017747443602556674256646405452029281498
24636593934343636830689479918987758772964191496716176421598910558728645669199, 21135366224996500501496286112728581876722039931922151944477636551929308500716
42824149463253283877732158183652905568188210455224488109809723140684346866834, 11134286483102633170005891375561043924503173156270485232918106360873841278847
69971748827199296831490552364263471333143205085262294719269214467004838105912, 25012835703033727044587326391063135037444387793288228099840296920088731789376
32529031072816738041953624359197283532692469983155766325318196309189868169251, 597002636823334554317207093942709280848138456723503765521134586800525052802
11050109595247825898108090318791995638913567967027963523583312744810684787426, 10478273210610937588740438089275641498786073480085604599573635378203907591435
50953704700199935491288237702016766267352587136192071493340577973353526369623, 62832570396662295142092677306801507945115019925846189708664562502340945295371
19737883787130542255223182044823994787922561804983665208400066624527805062700, 60386988804674769275596763443187090368580477361059990178034733295658141380389
56076355837398040893177010221288414980053214378306943122073873563600064666495, 18628532103793307998462192039461213307219111057360371470675575798982417128634
20779521866382209591374343142706815455704878609984615211507398963570870778530, 3047075045271893597268840979947310359355525431976889716038413390577921605895
13299919364825750579046136206578410088237511842034911516010066465853146948874, 57778358868700941293778200974942852544300207391047822969525704991368219677516
26569243905044415261791772064624950182334205907959546480442774914747876776284, 18603744569743018671159081591421371531526214243035575331923060151288281346149
25560032271833540530094068271045022347691612268454529838385091587965812682797, 70812680873814937335850319435488723200839922655941694179845838571836610724755
18303039148757610381576516618884755384322378452286781331914565718782249257657, 15440248556355064095510367622171317912974560937817598437983763448855012024110
75390383862083717135255061782560931288106186883972249615548726610299941543625, 45478448783425813668660453167499657666877043718623129339872458749999056875182
54706827395589168969891184321024776648183618194695008786792895428453777868099, 71551821750810986984525231510796172611953395419773775267357395383072968889673
75025201033127398277025831340615559503598953039378829078572493102220271685299, 54750549277192476146560941164176582780238351412272928991792590785151659585491
1611459282172489231222855174633967754836995810101031516764416842939838158734, 7121799389956542508776293097883756578523590195027385561954252679668476866702
66470028447057048100522673841305690988857449503956048260700590109676511793497, 15120430512404052162683185775067911855030916628303624837873940829010996257505
25846538119776656104281939680778345211099895500795976007794165741460326847577, 73530610819332271735397174140743630325171777459001926742026833360897721717758
29634393846929257688244014059987852828078437710128488005101183667760211302629, 52125377206738635008741951939135397121099287894203919037204088603524111643874
68733228404427776518821412699961369586551978140615898669729931316472867339328, 46751942313069631679269264530132839820591427583272846069981386460103560703381
6823313081499582806545016987387224181979659718092573214878492351470678911412, 56176412668573839599033197247056870674272597356086383542940624061288267296224
5551033306562036824681916899066598552426454623389447711754976175806326806054, 72227625168042729305450919411137592751088974018132892101720365110652220854190
11628126931340037913565944167473340244680601252604570022163531487002128976071, 19197390243831562269879205850044193915298402118131669731578626981212123646603
66452263920857987750639662816051976128741567129821853662188786770982164424910, 38982187551348034320440324897606434904527791643770371431426872424125685233823
75968967299118533755882397808563249513696586176306311276911718910751259118729, 59278437052005160370719471428102302300532734267490335700702582740577370837716
3914744250355296064528141351235917530470846637505026021113272023578411424215, 34106873113726036429921103701383227998675559928221769495527488168492501164729
27497861167842708206030680860561087962604046708434855105074582182252148343391, 59078827240282511583680035894681331119193146672953599008415515901160981566545
13940675511629205961723822823232742386196387528793729254464175839160149654814, 75330811907323498549330971555200815712371028033808696201020076056616816416259
47900030070561007787709584703672544290430230787962946410924501422113580739415, 2482600774087957496013082127912399474901960584566262788387384451283223059203
72789798124631863639397980970190088485800131391420397731674550725277649307185, 50048626990872033811617871907793831755120764837937600486913426793294845061335
74381163931021837812129048285841591212737666310315195607556277482866620489284, 41518819800848929515150878437808430484517751273215688947905724234153638634825
15784297245851467661000511928067808769677572196919755894187221381020318234253, 73041986943990944019506867036897326077952567053627469736725699980101885263377
19111744340716874628428126772775517525724387502117454112645393638138522436186, 19571633984037274435960591936759803392470756910562570904560926542758779115124
59399051005733317812946293814185350498491649034522937602115086263289475178339, 27611888374397761007152075589373525349477574695117854701752416148300329238725
17438628633545090443566498385546984928318590250319513675663596076443023005328, 51083009063917348537749966363318505783284182964698277815161388079422584733357
69467702654021029686449305537523760226507762127122034948707139152457810380864, 19643633591288104522353937366710912337003526131932611421655325871645612692933
44494572098177934749142100844936370338378137993129667369563868667178036251592, 47569022172219128535113468034422981406290802166716941740182583605566338426808
18609745415132766623172965977695067307881716747231934123290122138587701586717, 71139269733352079881436672122156338001420836812904296148542437673082351721988
29968163505751566763643096437653933603721466087819569717132596744874074386857, 25110846565187425475638102242761199690508741289676797063957997943294011983598
14104521660897040237118794192856894666210056409284686430062629977667606623311, 33505384031703451024232758915951032394292172403116317841065774137268680158403
46299064054896151361357547265584155091832269900691377590148382873020361101451, 20197981202219019166523891977195875102108126129516329304178131860179791371082
9454917958434107101571589249838136773438755635715650958643100995233898278541, 44258350830150220796397654386573792247576315858272191390351110195667797749145
35611457994204425451935946927801032264193969536837065513453777938661769051674, 57333746320317912752819995515955299451187761349496204146160241512723032364271
4488536644496900826100152811342564582731260511929966415419097728369600959600, 15133703332355486029278619743705172301189316266827760061464086247626942886599
27179524448332655750108609348430039776141321279250943416649495183287869278810, 27558144228920448702829703251023184222149635051646930200612090150635823728088
27272351533507919573189760580414681287153384650646902952729261389622689768629, 50291194396781928980373348093799958290247715880780873921014687742987068451431
23224650962787519450045552358477047049263591585087759012154853208723771500791, 27287978748624784017468198204006347034848685046858057798983498056566499787223
65365958756232738036283528570483665910562042381274231750355562273230021859624, 42698162716862807720462069203439787933168774938612757003404054425176436901965
44576720747629019081678525766825727042516021181784841371790514726777973123486, 14008022467736738715257594157860599450215900155850325301459154647793695460945
19235373741504454274323690967460526621813795672428197722137448446152266767543, 38172151246297319444286684668671166145373139166590783537933314725770029380451
11262620970365537858898306473228321327599785460693595357431029394756544131822, 13916475859373452541428019066157388061850096771717069830309644636663808485901
9255911148789445651037261653391541110206280125298954378804611341629176463100, 40226607927958417773460055693010716697710512815894648303335023306471433766413
57621840047017813789313051111869610587781234562907222127267431336862208367713, 57953868226909194514147750839665221317116282182705442135231041732039487067446
71545219117832659368918486315799487451239143467196240302620569349339417447686, 1811125769950793674881798328009787501690280960337576478614360932040063485262
67764542397182240390262351659202285092070340077298422755177691412615114402792, 49309616857678391174142652240222215948889727215050681965273912604957501373368
28172210975072891386182413162961835761395026505302289418594679450386555179256, 67447460422324367516295824177444481046808951014337636655448801457875208878810
75626619523189498984784599382096276569998826898091490471914756429705421370105, 71484393072596112163834071384613058162617949163214070972515263107152828565406
50271724684649299474087222161570132855972584208413272233663790595208017529616, 51925867536248727321162750197187366903346392822163593470361916845173679160752
24922870455928743871794071231671736945800308568041982832437153794249727895094, 71919581525399019019800325003218532124844493118075872863746898661148245256184
60661766433478641932697990297569325912646539303458457272875338131854423976232, 54449560547794774252518532133097555761475834350258986448475803911945846812006
23290200287075497908279741763725249078861615213828557161311338142464057467285, 69572876109647670012592767213008134900681486991055417306204981279715554660164
65496678637491020132346936968293746543371976728078263094823359399449949950227, 34382654583218351678689989347829198898967862997012874113874257399812794927349
68691584726377055513782202867812506596752544749202623795457719216844914023492, 63013667671739589465304815083195509179280232168630889717279536500429016621834
11855556039701651196057443638083403699375773206621084377866521435013232997236, 44012306694563328660709169139613508757147539529156184867033111882180516318952
35782213831096189858044072062242572217877541674643100772058296406524099915662, 44389117990136886931208248541310488060777669132384625099843213483072447548123
6681848556220774807277758758801314977385202410428318640182602770242437766387, 69446005263999822717746143390544837648754066982124945844233575133200532873206
4098715546114759087397442905206329037039736841303885238408714907979606060084, 71685989256789384241856358668037921826919997362991036643143902725173436668608
44218333891941207351211221758046676064965649416201512434849662246663044389582, 10549773747902403866143624179305021502896521231401282272644807286401556583619
76362583398023882864615624917375290983047970221575877452084003896938153385246, 13433302772171505809264379404778185573453154220842162807318750565675983221113
54183919486132626370108185845925111599053682984912573007263997731884911273607, 73728186675017290954884830252567799002922010059969012019598584068216675934886
31793766098587011108359244091752695596932261523907276190282126331971504062408, 55801406743729861285984016902871248140582326472628358322972381080337649668850
35732607273319932061224640796222456136052131774022405036211946128065490474782, 10848583526156446056903678369440334074412263603123795647615262628018063197994
28261386308258693350996183144379026077058347644348781341443856178012965094482, 40070416324838329719578268861745241103059711728227353154497851463956784462138
64539601340467803777478905220353085690338111867589065554493704940108638966634, 16692578658659945986731800575987331235366300832057951456475635297923709229350
61072403330249109815616678885755223414342418998871484909368957092371444513195, 67088002863798818968600978566744576531657860548806194720868798658969309455921
54506050426850547205265761440854204633455463696624624616267867483385815185698, 61704637618251822665222040609900327639356706706009975836087795364555739021159
70488867615851605199771650335551824458482156396802662776253435395670185495089, 6912469649399075127732525105313116377259057378897522017332730906256998783913
710709130843078438354990397062749366515325865454228014143198492489657384004, 25018718581487136485716017588901503538648627440823708666364598973077545489987
10686848338591124534047165592591460078756907837407833143482232441441414618766, 34784904125609991572849184263672421971745021626388594715377114478089723395359
41215588860703146335232219874196442925022830102542772607586132310621525328846, 63052311174991794028814291326030329951359421084879342234241574342257480827025
61715835571461845229133829237513715245237836123196686515910524890664772493183, 58480908648892479146682980160747528212601020862931644104882668591360670958534
11407601997980265647720564199906371171143994397604365173358899830260604375381, 40902972815272094823757468863660060011596678248950723184061212092979892823262
2460265222614986080485571869938137701535001554207878836383798556421681015983, 73462551626699018193819091232097948287227336677037104076724291500203926662393
68539676601695111165968908931378171601540002096981647740051157566710105395092, 38301461252610410663289087867721733201312079923233749344883003650661987865364
74024262149244639789414133002662095301955572647116967465951836440307114981796, 59629456445304959287857377159994350164652820912293084615906716003928456283012
72814771377538301281563156879286027766259195817142299252932027656418722701211, 23710119927254105258516659426023732111343629167473633100406989637452989986260
24156061621248613540081586817509263739574821039420191864490815412696283421675, 46826450072730332096967228203807647605321327022909990270206044403043112328058
56972968387172277435479151735425540181875263660874791494743162755792439590778, 18832306371557855140657349049844057239731871922718681597226698302796879405973
21925228311668581187736419525256278395538072172585572053940241005481528784452, 20762306676018956465070285627745893243749964115333836202967987962299322510580
63654848321873473824795305975717523624914501415677012342156844060072112343680, 45077470030228368995716957408954034918876832872427040308263691824975923011073
17209998735557741700508250787842733398135536122528591094559779604104187362567, 2709195931628467194843255076685095829480685825223854709017965974340534710828
28923974012107121008779315062438523617216232951765660900620700652558629064980, 26622640390300112645634040226507874622437057133426448214134348960197608459662
64734127407931825118094059730491043596910371915769579035881857932047442612369, 17553058041697742914745476662278426739331229159881445091031865078102748813907
13358287530908176417575261463163522962695990809537410375707731315114735522965, 58116201949987921168268704754605521818399901300697019048490170454520349171273
24164280388143081778253749699956451195014671593688500483742854399616527541484, 8861271874245654254484081891237578447742263427274572040072917510811533543726
23163806507256157345591751306337235148709048056409144875030161924717664678766, 53467529574086108519945104294585579362354628252910207624858342513508164776821
47715572975238988886767815615687014516424224984278071866493239050271595220429, 46464975620510490941273387024763336985448648475046017843819438320289646627735
57746900520566869570179519125852705844909894964014842224493192284897955737273, 69844032042319412760837594852273580820519837038218612935153054725664566415591
39774301846473732559133222555911113920266625828430033587443816373149262281611, 44634607770536868256316798924150290350726961717495911638228001022551475414522
12905889095380261469333438667992660420247497289760517254014690404906362361885, 49055653128151167040212140030326086812678643055629096615316637299745618724910
70680651786763590964848346129851818049144079003718437271309174062428314921116, 21223617909847828188853951844516794230278886525998216443818699233688446608797
48145742503221573488504465961825621589613252438375924643877857783646513741712, 48448984418145655668595716548119882719899761096281186460040953989732389805470
9196530240169388824374504290992200155888490621169495680652660024337339579537, 21826511937071149194939597361092234674337128968637605038911671173817174025812
67050567467136561619750855196380542028013035281277918792036275834301381042524, 2941796103320257131280067865591449587354736605058734939469951356574043132960
13824863184937432777455512620667276487145229735010421923531450424210786697795, 43471848616196113594772401416464907196913661975706311054702042139684329155203
4262385105722608689342903922380783925683784183678988607294562097216855163342, 7406372235569892125178227022956770417265635500266098772604061905692265134444
50479636618279775645338642141253767175480479664128779768239200334779934076156, 10468680570586908324614403572266714924246995427782066290515864594327243122123
24917752118376124978706651374589152676770845937233885090374142634173122162142, 6603249689761316108901293400559981848666442181357984471514224192657573806681
70405660711530884036162913736529899387764675493201903276294705742833797098269, 5114202578615405041766228265762836811892325689527516987688635535386395691113
5393286514045820036154013941877091697987485500178322776535098294143238147456, 26836589810099824259047739863503604394487832198034956485308537817655829331090
66319680260099279215317413795983133104780976633171571542456960419626970708308, 70914927070031460510822500615236801726348909950279457738699824845139222798650
18602699840393780882198004140839369053444725077883901059925162272239053784065, 75049450995855418871855869437774633993792745205409411808841322874951327305285
52324281093420928745410559700333325059876290183387344263211452284235004254400, 13017029529568377704828496867961612126828156759599176844967911185101987899515
41143769187707931815549263082305081231429418133737780210830581459165427065005, 19602749847949182896625001638014963768341630184031751998891833261607038257646
64812703056409729603565054787784753096649143806355666974645955772399957579220, 73896472919745034498114453881425544500114948709380616370542432688927235703107
29398102781468230626778276756589530520974394596699483042878506411178805382066, 18296082580461054263380154668039303583144364720332307842738117191177296139274
8306747802118481439985065708858239139067502001385260471113111438329443056569, 48652543481813279361914125079261310453145154079228477762133329031583239649474
38310776328089847835891528590732660206700047669067341082676705013458998162828, 18773177338948019886074398351663316672545352691034769125784321062934407299025
628503648737843879194784629609194317558756823591345839748671811601285971844, 14354590437012783817617782871513897845711448963735227795301041693692686345224
27542210491016636116181725497459517600599994336650589352880127678846588485769, 53723373914854385927431336826100028348757271564884963849979988328592987383561
42442716494242117571945742538213439353176890604272205317186192479694368657552, 44916063871941785129893747691018139833368091113952614321010966459926126428788
15665244094335603089630243238942958222853574353836642481308606768412005984228, 25503414808998070168047441599829669659480196516235936584929248260410069150324
74271309621459463973576614649062855580420317453538170455486154047597089435129, 14968218967242515701370150080245778738425102184712350903105864363828484383317
71091690071159384056369979358159427901137966336738997180285628363229423115329, 52273219198840393866281987212883737677910433873428231372672922320031000646342
65621002843379823369919765987560861956355863613763087245811500432476350287130, 75588505929751319359821756206377537377853286248790673710458049260038623082860
6945296493781034553334321003851029578650453133335843058947347892800373654998, 27136511270627555354411820962271067432692915496056761215714364442269270552936
55914011926302926878449891474568322189306447732122125517614328881865256807935, 30811778124759716896860386944332597726502029751008926738687045181534490896835
73926297949527689421958570000255132023837499066394571565862274186210558918077, 62059057526399262112725155673572585703186358852336187002451316302410620273757
9817455494537783833420337925870626569896238635258754568413196832496312172844, 55685446267192182263669504845026792720162715758976714882220274996301490998479
6707542531325945057400001060790926428715532328233484828122644190004651887955, 74353753196839702718298105820511844821507543833144526487616516349966188178504
64115974867197418615745150463961929429143774516161444654522601330690748850675, 45032678957422832479314826580205916589127621247960535694056098199588402420148
50900386571203645353120551508187259454707627177344306062727524277106221491555, 47746652621008270980416445060038303844749224015943304080951189985328384240779
74354675899873230209712549873075882690636762474135340158744671616089540386243, 19731035758743085017902104945474997148714002762667978940292239791411706395614
26373361680190660120119713469897686006456557243698775604894590277837668217886, 64860237330731259987901379304473373697754821083302235673384061218508070310562
28324157594147837327855270850796668907603510403795722176694417482156840934089, 31546461494743728847966685898646574552977496365041880290119051197914142689068
11572529519854868516528826225048088536369140213724784553554623315830143980996, 53659468301952319935380411386513927470955062616385050700541584161592635433517
779508407430723648591107844966397494416967549960422710638183718277053715788, 2947277098245404618514727161269082940083987770345020429882063631903527243798
29230888364973785785546314207720189819438701453247007068265502411769954817438, 10265686415352573130797446591538636514716814122818445166974525097460593733894
51010513058477008658649143318168704227215330168578937588117380258511640477436, 7053876949180409561587660249522629000252271303015489871912775753733907838463
18354849336314749431179636981465399512358818384017401993005472998808836949358, 21346160191088630654903191219975718661860065607232529958802542410312342471159
4320033736202018057397902337800761664776846437798848437122220338236153902627, 9546520579404848774694518077956338443078236076639642920882658646903147745820
30420647917780374680342703882032219349242888942526002971239171347894569347030, 49920385825336140452806872789111310666889125143063398476704902102364551301159
46321272527740906755232735961250072152957489068966441133476011414290926179251, 20910268596246059190368223294658531946252609853981982357664101090518422058100
28862377930865327646116469224692579556803435687228047142144285393158945254334, 6664331569975704217818262375714219452890280072815106716567451334811532126692
75239087678705830933813807440870760626109879114378969454626670575179056485367, 69578200894129165683711092104656332893589772357343903299856891600175728878231
19827650298470976666962872680118430065030006580487953111527333767193532739535, 68518272481096059316013214975707841575221244385529028618175551832598971476918
56015455704121557658227213174142190978234170994275903188503923292586108160706, 27427291511748927335257543384384003285045829368836517345987354610298326140455
55470120605729704272620595809843709420593723272485847234628916302458005447286, 48647826307866194145433974934967868198114970583877646286192899489869695185123
20101398160806720249606922824414544057867446845589989303345916168283716212504, 16036438835142250550990807534721330639178209005823364735662047443773960620795
24802707071052783125067646168240370261255177832135221790281035176866916332100, 65621025765518322086479094364352684453216284828818217833527591894168274687704
28531864767850721044521678484959416287975566725676822331364394406164230055002, 10446883080421663048481148582302934980756914939549498101267042014471422569501
71416655019483368987278378299526435093218168833886491997128279682674319363517, 2994825869460611998553776237278004018282935951823563538347305763611461730109
66069021128810045925239938610045315692626273045619845763537954949903754220052, 72810363748975902238361148681028828382725025463250199936710100121351066149267
40527905937185284574306057886890771679448299059974416571178330409449205629776, 28186573140281823291224735781143351999074907945708485191511320808591436715592
64973372581843036971074201033918665289430577115902989354427684447470126675961, 56475504291734563758365593550027180580503359312590204510964269326679194564733
26456882320210576323399391550742991142634032445775775035192154959573850120960, 75473686914045292989847763870985113608474630092522777933215735895728894605827
58711128248095790121816624572140385403386668538866296154316406390614334255253, 59936839471877183625921753937076928023768202994805992546540571386684418424384
241357770938528838152210339999470246872700271589632866083985476426959318403, 51293513551944371455965535520153910381678284985754662761314373911170794813149
3961680793394604539954111401150121719211500255876636035779388360972263801952, 21957116425230762257896606184668218345219924919893579266905706655315481254417
26557743189749802063632414476785213740815371848988516788203730122966899021890, 11170474365254900294673925714726430111437234115769456989188970437640111575223
67123215710801902824226605516231408823177169444191521452098276498069427563080, 66064943912124158599095991320101733277558221685009852104090716227283394547926
38030963415643509120222269356448654543631770234706314196255254532597332724666, 8446238212390890612954758780168257642007304622291718858662500672508160957726
40128238896277561234561249879670629722030410568111249695299241873762278451480, 26573397655017679709641760977913034873715688521459063763208140789577472250709
5264355975715266054810346879889336333476603202197437141294815123004848044885, 35984649460242596310302292296334029588985030881154720306580198804091714512805
49270332930887006792802467339600908757000604330632934474445931525153247749368, 14125823003365702459481121956702891507494116166642731909110507412718161707992
8991606112773326583102261066615763965986568987206587724332342163466847343349, 42369359792323758316030862730675186551262284112864101144036169649869712144294
23997832675884042599534398132260768282754349122851580012060428039695205312458, 43696215353059099719062366627322699365407830462089300165395482929854660561781
56761850537826444628024573807865675746845682995903814888984453945062838573665, 46964223652296665535191408555162259891261468049158426235945226427067731072202
11712989010858311034464331500310580602830164033595588764787332582046014012783, 22494419947029993447844213445073476576514441875516417278601815575086006214123
952358840928254868795088013741417294254533504269945683910200014773880575053, 16512227551592307989145736176902152148918069287067270149786312359853961743614
1910911750066937051147445858486976517719277807204653592183020942077202445398, 29931918990132482323890393664070970851643208650667884833430196510970298607367
6383278568904561708218232231791065270191397540200942382045707744084365829238, 35230407503225518636118120239754735729415651565407621085480832299883439643284
57876024390355747420790832746871696787076334096940797059900800345023586034347, 59957815442949103109961480118652251099256659240328814413364566496366724563483
23996669042466701746588491953950411571890933253262099435010930844121932468111, 12724712101160395940213387904124678995837110057122395788501972729015683886281
41049592934443976629830124528435152774497729638883429981705116730712760072470, 19771933452787593820508844635127588058835042787657657620932950757642737734701
62706259971768990520005780961830268392243265761250762185688086364090267175044, 63879846796950800281544728572404288956646672827153440815807779920357247847426
7759587654243652683158229965835118457409614485280108129930947377741852408824, 24110520696437801706403735519634936464784169408360608481589909075476074890872
69234037009612050782811345456140947513403852491903002757187639498902894021168, 72624981624489847532539802273098700607170875331546196860923265842394533323046
41941980171852384317881555582926926320238606574089039478154860276135252677196, 45749125687932691522077704236818241324869714022383730966035677773371913446799
34086048853129375291759575621410462946077831325321360579357369142025702487312, 58788572087619422693711215728605713604488752041006373648541747283975853867821
22979678114818141986491213681068574608284098558275471713742474655956233623601, 53890185335339653118141835268922633836152545349496686611425877195781697965663
35249748657083272523866974075135741081793334885713048642594446510761594229123, 3716795556155338705824071369370821216895122674388424549061893238673605876231
23901984199935244902471444088914249773366595243491001104949055772498811594095, 32011381501878257807311401528482350126145849525641711773266689801691554593551
32316131266041019196941506879274079229685113859108110424655774455276771583785, 24610271442071536768844882310313883669645847583637617892324801981819415670726
59977388042176482596341490328094982437088204669938250496136533329732824831309, 6718730344062949636951411901898215971421862959182500886294342470155596672873
37101485218182491488952851182280350059926149928925458136491775116597881366515, 52172454805453173754878989247567456291843162878414484833031242048549134815523
13515017427458275116280157605951790482444734275943435593408598617913624721432, 72152688704143717750438671453976147431955337748784440481753145192769531321617
39027584634078183428334927615539115882426824206799698754313686693929748204561, 40865530725750855486271714636427597877845197315874671126983168677497880365613
14717260115831249278642433131081335818797348130497008627218780742836727111022, 12045282292913108285875049874278543624765660498344563257338677910991385851970
19237541584682701864254523429972538063346546302117106895646492199453038283984, 46264289363211386611428704093711109059218872334202962013775495411056629715542
36630010337122864017199308203419644749662611578115329485033617483800251294656, 36590762237651530769641933347951154555420085857361884672291607384258800533912
782739340447395646992429892784398718584736750077117557031588312997989140686, 10612624888364312694234143089732042539744897857180252411828053646397062041576
59032867652981335501097717136184630633660603648473500189420526496378077488429, 9242370443878077743594920179748461197990546131758911279006466369264436542847
73748119903345467708629724269762584255977939300290677570609047313229706673656, 38049437447490881104843281674206035642716253031821433254576126262624721848656
26582958637132422093290762970897068857230890417002418454239723742294005533282, 42891393651941452664732500347662243801472992180902861277000311633139097549771
4095530248282735617458560079631200161985110565094631585052779727528751668432, 18848045001351108319858427802048843530927076486210756082022033845254854931670
44534739352356243322275927909365759102765004760154995411787517266999842468787, 76776985970244810244055013960284361423090360655481062379440254296038718844744
49417954635268581941578056179233643083051579835210390659629022011183593319602, 6221846108149001760488204450257208347902968973820867549776372489496653997621
36478032727028250313877412743631397879909416404721165723663337397693156337741, 43600565488592705961605389930734521895865601017621648127028588265701183362171
19264746996977636493196242764943755789565441771275600415416293706858603903000, 39183129147558784715784190790020740656371338290689021333842016432702981937033
33519391492494574811719273489524263413625755800918457263474213969315190086032, 36879152405426135705666506315220490717853116362467156917365495243330775551038
29981570239974326867978222304234755963937761716669533601095514689610038106616, 75149434050247513437869681705047056268164473513944014726772838743947821029362
43988156968848579454384143460494202406948642342578820636208814275142340707534, 28349321957204575724818986563280777516833319228918183680468424577652520027973
30556498589315589299061693014578912527305311366255321991030792220542877279060, 45199300314483403189615000963209800196872252261183635393351577323305078925993
46341380818921639977447738418745416368580477466711558292133515650337560771850, 65139446011660269369119174840018261530931236455069887400825101429947101788052
58358087169748311441219814321983883680517908932200562060070160061884316927439, 62748069916414563329555998648501667623661136008105175772228864077655161145291
46117843754841623822543458605219476358789212362861900021634296398706501065419, 19431716990138461013379113185781869724390572634936976055483693088917057087379
12158669113943665026250545623733158261364501123444825024209228615229971085428, 54418930257428618508146669874092575962359702950307227493021238184754873057689
56290928900759668589622908250732519556234424389499566909679445262991650844040, 19470453233771535268913805103247887314724734588271894767982477073442347922817
31995753108224652589625982241984742301883457554436588721048585515928859984232, 8849072396091986691339909623066201153001333073602947195087942838825323943622
35003188262375988298887679877784557456950539575038336068054157267886442747497, 30749649260277233255200582442656007386711866422669483843865158525230546779284
24272838405179885113243658477778427797234638502291268105488348244897937573739, 7079759914772791035073142945852362773330161045070097374584435435850845959719
50948890815579681718283308453202915730173850675985173125711433459856281813153, 9762552797410533963264209889401659131575867285627439738394870268965679852406
37057556884017393902252797175736532184788934061206106471857978765733494692709, 75539738398733150293856787725294859519603819370401146925637960144069183792407
42381807585131947476234813978943464959756005926388129238046273143353272470446, 1269753133211570258929322127374452815951581917392655994098764531781138623976
25733267888361402315969801001089221425795402252115535383751396300420965632166, 41992199327795041224611277993327222407262999521709574025195005731084289326059
32131503090329567802223561562134258279240225241467861272127982325168586570102, 71010342912651240495357725570320796833033815760023251144515447603385276993525
58289523267150141023801201781470971699361555362123256501303091907737457403228, 9441918213934379295783248526480021556400454631393010320704765386683355993259
49341933748015247882724579977340389738157609290766898566874081047748538366006, 4581273426600687677218430653997299842035255504970017050440914954982322070806
6553019936073380662901244723721025989438381724085945685878613977457921299209, 35895342319336952469825589023414118705607211890939137284889364246726266969726
10373283032154230005205632774835408985348562170142402769509231554498970711891, 69441659098967258766305840545203639581494398601255076765312024606394942566535
17832850365692354187522867363622714383190691698698095782100426956957006237103, 9367835518180623808795991433803430057464546589002768666501309863359498283704
56393536050337934083004598748163497773243717002027709209044844085912766885327, 70345850520718876975286824725825164630269255860610529120214591532895938761152
33777956479766652247919128373038004097383419269933570287338984298080446396926, 36845674919927598701409626027292373150084506352213133557775719434050990214697
12628402253468700609344835755726294987934840481876619761486745561484400458395, 12292248559582182404816384398754633914762204804659068695615201724335131168599
71242247451936200900916486679996596557765940647170753820482688744979770963774, 67914851412310516866585795187774872329845689477438453334374327184806075274666
40699231029667519289911195736766117293087825995457811287060961310261248849904, 33816307000425016269678751672987261327926269520930116200940911921508625855024
37460369113207089901712820335738408473185943476453835689422251399839996874169, 65114893795063500674374564453284160884940092888548708100476234968536350434357
371292924795343425671801864496092218448000784772811561448395194805404465550, 47330546810826823596479514134512813718215409020206216042977502050956076237829
4485723487773029346742152943932538222473968769614884221640289995639882864699, 13814503149304438254216817349106658017853218111974547729682591206151679144862
14838206536208768101688883513350259508363465222074836957770015408805977864416, 37579637803303497438355923430561540581199137099090878495224278263689673128989
10276866458519556531238776870271513216438893265335446974278271796408205242191, 4009780776897204393680046476433209534718559565574366655057335132058922170073
1546956516046839252720737416293697227863240024090720788976597063648727005956, 13250005450084380257172776667322929485792791332664661355771333022714018224103
72543721039347682983379521338569770320218381887980483036681891858305428516187, 38808799466024187191060725949473684235477751602593533279859241752423954015494
