Elliptic Curve: brainpoolP256r1
Field Prime: 76884956397045344220809746629001649093037950200943055203735601445031516197751
Base Point: (63243729749562333355292243550312970334778175571054726587095381623627144114786, 38218615093753523893122277964030810387585405539772602581557831887485717997975)
Polynomial Degree: 8
Polynomial Coefficients: [46, 25, 36, 34, 53, 51, 44, 52, 22]
Public Key: (67605285748589491017269572742991818071399522105508452847345347841432020717406, 7349688371407287645668025465829393098065470371734383411219843198097803379675)
74073524400889757887785405584263563462936870923557535887564842260180744546246, 11778424161763418221213680564513501822928862250417945603042191539103077432334
13205113763801212977111214357879722781237577029493068135205702233909732787280, 19463019535839692219133607015815586645444952718065667136060137971452577143814
57183477658081148170023687131514153999328459711472808882487790353820279405963, 74691286371109612630498553167644643852604198100006282893084027184584633250426
58065063798718814389405454336167342798582849136325493775566442697822676027382, 72964768492624224701448775075232992548470776429520792189425047643672037122413
5463735350703205110334839362545666360241262719293577297371584956461091235373, 58708101699744933191851618847631891123316564626678433199557825317527828983494
9494120390559964058073884566953339040898739290802333892724550412994202583350, 51733818255871601909785716675588003900230378331468956355490076312222501404175
59377344787107207649257997579619369518032507010279046602131223558225132416075, 24237939278336075565848859374727303156932619718048149198311160541059206644330
51820026105668889127528720230561368884863704808195621476170805301652402826776, 72286160368082211371413063773703299714196135534501785657977213192528591959811
71909144793195516137898629060213411707380648884757195760072322655544574031773, 69437553733137332804009411389282835502386148101094037059718004041516000622535
66826946847878440200976981147409729984027709216528834445463671065284594732031, 49993412832873523585956309485892897518238280820860125671148140965091836931702
13757439922991517730110549151687059952564502014728286680865073042306284585281, 36368193103968687327340901520099846543386293453454488963499876961203403951905
46460682417814371395934923671567405381860688687147903799025233533883196031469, 15342187930104009677356169023931185454575240962530128783424388711483362281167
50660112558010042629602891064384075227578689553480368895209874906832377571982, 68753282485047918880721224347729103378530968429580401603819788358877435382055
62785473468181427420867182614166200163788822522941636595699526253085363497426, 16560693400543172393882502122496523661602440214820403359071461919128028918223
49191036766826263848198022935525616744581316413587204435071353945825891720315, 37059706687122374846296145606153906730508283786417782624541499990532410733581
67815782210954030401039296488969101800148335956155499606864276377953329899574, 30347029327067426561281031474504103119642825215436692023904315017436945566063
62751601694275932280141581864494530473929703103922707750053003457376972696825, 45649402130332517305618246348659136684012851356408748926253665635429549378140
31629178498187624368392582797244122197292229563876324774983583916329826561696, 66083923078474338825881264694623412061038004874415244529938489343183933709738
56626856959436972159892022590042853281108260336757500112144782214370671744674, 484058091094884809380220920503725939588776664664244776581267291087492671741
12699881203849394617851704398855487870330941737923981967909796392643330408023, 14837948385277862569303130510390763674321428703179261074599980848550714077237
46286134060560000251116414044785794089411241245350560583003148438031985502417, 60013013711309109266160534689254162676938001403528276449409171311406275749058
66021306744871359698934323320874015103337469199247997638918369895360415160880, 18068923240204754383401759132641876386094772434531673142791574412472385393879
58262768579616953982489121979660484308342634518696932655049499086043916643064, 1397590228518063177162956999734244630193980911437996123689311532532808741762
70232106767956994066173880599359016324071292978830365799887834888193440891567, 33687593691305910584283185691998744643171010765946663847165335387542830173727
71149344360860735695919936003445626952740684210585369701428071668263016401909, 65937028127491969259228781484941635238989051851112804569693516548084684130119
51030369779796867828352892457065028836886476045091111467904641520003330378118, 13342263067098314868633320805050696143083336333590365710394319070873082675169
23257212418770712326279924763602271003428100484750010225790701514616049929857, 43010335907528498655191653182468800576550219700623724443529133457360895091360
60464725264707060761710372962376122166071551274872620276895616273025265722125, 26027587230481210941094671053172040632147320438727948848203203766240765625776
41271085882433735165259298977700353671089731743756583746201215359950736682721, 49407606603346996793187417251787396357719447859439896997664525921777644424964
22004248055820531197875067263841385984475116923141468775871250239021415135485, 75302414187216961360672090317193227861308420205043322433206095831959682806367
3358583890872884539707134136525528530545843236816816806843136606079090922877, 1935045588825887539670765945004847523985976757280767792403604763934236541159
28023451319848361858268376503785395057407869187204889984111165863764244933874, 3530083876365220329559338374218291679891810171722620442746973331585024377463
67410100808762615374795429412065502283913836653191837750134332864218465798656, 76861151735784829793589532840852306030550987534645809848691641307604468328885
67704346701111173731603390992021787481125375531956790007156313313096747537865, 40133958056781978277022880543117479610690427537975178476548338546586112471651
23472531443651792663331977643928176038465468951395706983293285627963572155725, 60864030924528607015897248703996784490741479887134161160630726336870808970733
30536256497107928517922638100779582726637045602758448222737846236475706263536, 14019029307791490239447539738971310596929670925501900794811110554819184597633
10238646043012079648261367862176924528458015623499382166992896871311823307325, 24372850510935920178318732899021893105727987840969743730619933714565511412971
44033218985179917289685142675714558106203620574039532156597553361069455555005, 45190179785483826372130195283232282059224944226918131071282986604537230336515
64261744971086615014402893501951145642768543319926563949467651882289933890267, 43443550480702543204274018558047660494107449611849237864026134204946894622281
34485318924029947624312970435566989224684503900790275898568581957990134818743, 4766075543577495157541372304880474846435043573359803159750155285890814311272
46385311062851259525350574384805575500079483697869393225873329749601357306508, 60137654184444447534334475377805887065961301965343990738418451969610712066095
17396385379678762017730000391447191662213190186161950403348763483454946098688, 45542248150587154204298491973268925114664037135833830553036567658951129745180
26970977664487468299215376861451492728835877700419117495988244339260635076467, 35734779086321557880659322539210560418471912358712835423245022638497825045497
61554978182384699527153057982431141074299588936022067118523228709226447714418, 19208679166255140773511651352028423540566617227307563204308424274098394925791
3734416302804601716149289379492308808560357633143446630252488201776186072877, 3967457191274599131376880308463312276392597024859829199486677525729323973648
76082544117975019451559341808908696966374400679801392483679853567376450319675, 6586145844859504993319794665538859281344271383577067261778884006116832254877
17394366471775608646147632238791426497622675348809876770125404383460275901084, 67658112008390333339485536549401673972074312563954901210864846963644278410179
68101786739518895759263776089064170563075407177688027534105973215504621651861, 33175434281412988314128911514476930372785854702476891117899891319437305599012
59447544521350167970849172304410501648882094363817223111453855562849438026403, 34735863222697914073768980699172378587489593831884266821252272035513179541339
59334093158982156639959000275486058546764887562136744932434967352035292331923, 71747573547911552011720824613524981247017610066017506412388956996934117940554
50353182575411631441032857871331171866291355462495929889507871698030577443525, 75533317226561254605517222427881043436728780881219109181764022500995370702831
73349499312512236296431018615093339832879489137109378812375493891255781477513, 28868337596871487834689652131525291845308219539390016992532921235034886637468
34521561541842772457914415771936798430536629844486861301538256297952088661820, 30136155695060061727548684277085187080755994237533981699563445057077944320992
63914267876487709666246359481184966115621756866087893137645380453839762388719, 65711295703870638425451567752107619192270824006051385442709140862292804430071
48107710709139908171438981080615328241466859147545048269164978173440255878958, 4881225978252937425076949013392219942017385721492103002086874033923604408982
34784193179496744574434533452699212747906205230490897358255944467545697070017, 13004942758696418855662001850035938570459128628815266657357553540948126136516
17507659363482761943471186980525609759424450468474665837918955862920421825541, 27833559477853456019212835769875478406929537722914765167146922841813615414782
8635797713852347805619423408838201176187655220291341492243264856245288214550, 39181073036632420443589640379296738198048919743249672835287044297151621569603
70583436263381213578924122615840352629371649266473035879577040549461012265884, 15751869586935282492817239765954063959734173839953009242720620746657228659134
29800277523019080215687599968218326547968603620321616419590173552243926916016, 71165613514562956944467449291902501445001642856268992691306270068240457900104
74695027648132007142786212065643966193231452399671075583355662873638545315605, 43807378686774878212488894027431499416646330187240234734199467539808598319310
56797479745956882821326459789509463410140103149564568045767308134045706911343, 63931282490703438072744827580447649796079042301592024409244962825863721965856
61778941996205217590351409484570551366824402020423881203500564272292922494564, 42149868970387038011269113819062661657428510041382897441118776260895386815577
60659820100558359017161681134235151793381450669889273543344583682100059215224, 48460212833693673312063933653522092267773952322651415477287886045994077884765
39815543749238155131456247169656323801184833154183478430980153843257112376479, 6692470053082212755295139893054436462879160418613357670803538162313315234246
46327431216229799132697992792883531148218130046429412754599747818756719241485, 48804422952537401372701372175897756662109256710886317416616672162090468071771
33523765405526342173600251961656598037343041283909534353416164366312648454818, 54519269000638101738290337422336175438996904010787081413980940847392876462260
76466891855998924356065173232910693316372913969127389265719397646809190055716, 57991277948581653608683632550183144686481970329339369520078093663920727234091
9190339172299905259580684472714865502016977348634162396366404313954929113374, 63748012637420555311129656838450518095098696480208636771907717791268930891470
2513437181406089839477804093059765494524583862137148876588099179633052842255, 3958290848430096568717676163490670063950940230619983029759330586953744322650
2945561359462692223980758140863452391687101207679217980017076024610661307595, 64844712847514653495786121045790861711154900171438370916250362558518996072716
65227836605933648016495238373460801384106646554496219996569899640317618831569, 25596482394991958054414395663608533640886094517858354903739978859253605203119
17306849951401443580836897626011329735477480981522496052424548921973039265862, 67221300843855833657472590769521415350744339914438989865196526530642509204284
25483452596066543329181438634848032312803338125810327678442927111635755706101, 71906570281678054612847609033876121520063310734486807817598067252856147920616
68370616883672508967738510561990065183933997370753391897838765469652702880040, 65956013349412720328212656568893826053374631943744573684254688643736465519540
50596151081537271282304434563021502057269381695049395575269564059729767325948, 16455027886695929604861915162176916229467940485080620265740985155227258348661
56598257909532633214698406736521374847333461450400543352137719657632906314688, 48454137821066200314474838924131236662447380776902682341474926766629197130922
8360819534691087902545473902296126611912476982654854595441892753583380512782, 68993053571715236139470148888207054340910807595601697279612163395477345629364
63527216056201481769509645892229728530538427242748768557764566335556816974351, 74846366317522429946494864965384778386270898529771441546141499655781231775054
38882954291804640726725639278335846308673214699738537492013193965769478066083, 59097327035611568725999625036867743445478261473175079701937951974335805093332
49537930929448566128264647591248218809822330882778377570719279296199989312635, 74553291680064774549413987784740358076358145542691169784453725365289631182302
4002843401959696961715220802548030906314355196339339250393479299760015301962, 41681666439094184726032597647189760947137894049388700855648576432825780047446
27307545239222311747426424311529972953310753292632516172219349620086817054039, 36305414552245902335460499121821207957062084745687150132471412950085717388462
73916994265032905027293981236325509441906736722593359352074851524950795056954, 16070859470158387457616244145304900522520834951299642999294197568934920176886
35693178728800457786319257093611544797165975393135608500644487120502361007572, 35340817539608010114797276044573220254620196341052487726654325578851303109980
47798457182261672756601978604604342377571985382614339311809466086779098353995, 31738850632751560484391422793933374735725658841703678969075725953379521116431
25316268498494975064610691910436303527802666771506162308175625556483522774955, 50874574133524302801185469549679184778565757435668242971497375747336736081542
14582434487632825533663592455273151489012040498249759312557239280020753464221, 57200377127742841647403666093666530173073911621285190718380571711708618287445
43796644536040150323467026522345927700138460406063111749673708464456700587356, 36605568911680789416019645701274477292212972876970001931135865811147461577068
21419739687971212932892349455785075472436640126818260262347424063291978986565, 15462827699291937513010963833037794328830904014157311320416284293308189747995
28108884159878276106981186790126571255880659194084798902346707829212995617112, 33445420479305471825307589508730778069944849623872998544206123698133999628060
30767072394285747734423698440453174840276542779353674029445254922606319781841, 68889035136350664727027130503576260368059267339828920319611757483706632825788
3910218563029843559783745861258947194568602172372010749154347189880883504210, 14692043440680983936540618453244634489843627424349674494913541019718120507321
52652542016598662542191734278882906960593136517132322376291188351164165865706, 17899057055706325699304815467075599022137711974860448112489519365272224333792
8721306220955091265975871653738557505986482507123023257596237410458442713320, 41565797783065549519442435936621493262916688708744545378873285204286099042944
202238024255698841692892780411108397471935783333047433985770256578764265344, 37666932679413303479724797000283526339089088431857534730854869846930393705233
50784184179632066073230302040482501923765265473007045979274450372799609178294, 11814741319257972064006497859594959347872107699783868545176796025633468654808
69936437426645809171724521781051486591119673817935668347370070335311997233751, 41582930202517368497516795733780302131904227825294625951871853575379181679623
41762109091272949507441865055820327012151430246818023243781108475622259707480, 1197850025248948249867459023904287330198962861688206299462262646601790825597
28176741753728568823595370969606954991742331959340568318845862790893158331811, 67521938288007559855567885395600650277590761764750527601794316335684280971273
64658985862871902923354049052279025026912674314155331378100287674567511359428, 72276572803555279019875176488148617728312116017604961571031174395606485725363
73236712794244851497538323961799830115541686776771426900905518863721045247517, 5099239085943161400608852959613729414443014363507324470265597273432694350088
31360993168521550483138706928684835969791239407506229986761702696014467363728, 32049391407008132707935200048333636250041405247602501029194500209595482239897
51317771288654520915675048147496200503527153847942395278538853916836684902754, 42383157435877947802958741258551884917829103852640929845158582049991553991127
26148499559519745926533733006363870142791006431992197701232286762831087772584, 6227521423651751818588429103367142374969905002443929520095062351887037581322
44289753949439669610813609051506030438063324512334654973964061733056656397505, 61338922711886670921198092087996589491778396791924239979409200541254299599578
50760857370365310338197273949712264253121128669314642070178422212640082611544, 26309862644211093941006833656253625225046628567269861752054555214781205981426
21165673044554525434587131495233832887140502700831787707265515177476993036520, 8307817548162874949685956127915753421178043423913362637307797444292002052846
62542789277916225283508476888503648922329133754550302823261730424006616844540, 52238449249074006572019913718563799305343205793852194947868887846839354101247
32332221081994106954021210569443169313555677582126134697955107379488205103639, 76149186078899543926527907211842760249384632787456599260135857394556204910617
72058763205807996679435656251885095415811230280889646565495736748393813206288, 40477613380656268659594129987920887429273172462360240141586467666387650440196
35239962032464906720693710879238980786881687526627905567040558949477531294452, 6599476560851210374332911415446316395702453478640898647951327626580825380231
60162588340841373713958069787945581636773792479693113892466399315815131249355, 72088160117202850483592746360769198084096665245256903506799567023828306817729
8778861013033166567909756529658654823681299452417496838194489212485350496116, 6440556559148594388594109513233036001940036717320949058035747181438083766249
45146290775487245564864969220246308702810040624643448326294815685846037692844, 19444913611423512125713758374959090070533238989071438028880574199136877958886
31929851943177343378997148605982852287505535290583324395638028798555110883072, 32731827484943529528118755221440725790769214244542842075469874061920403996622
33598116158148444484900223975120386629097771774439344826764809330548379095879, 44829942976332981799570874721220343314673360325562014143782117439248991544802
19738360590239948050946555596727340584610422363033295070060567920307044515340, 23931468102060464538401846239118830828895651839345704463112628544893928308551
9107378604998204128523783563735284986160333387873374685094955500882276544646, 16363340440656256142997031487888988611445492091494065414452648143073855115822
33071171284083226083260624262360384681723929197272194574113785287460160376228, 22853713855988728837227215517652198524673132209657812640281246638345560462899
7896164361893446426041950871180754688118999758085894157812266629027725059286, 72939884138587606863333244464429129714276051036900406663481767006789966375117
43352694019358988336945484312866962199445669071983030645076472402346459018299, 60067453253819039349553271225531190204109796454112479715842959129903024403128
66059766472708019606687586567533082718482075787131242803705797298845770999383, 72916837434793497518513384020847470172576682290534041885635947751241140702916
8747004241200955284182546078311135827457853000743295265263838382351440980852, 74281773110616699402062437718495507179335379197905016798446450310980453099768
50624875326563529754066089650597479029074965287428199461681940045823289738889, 54055981115262206715464308477968572110721799942811174200778461553012280847600
73618313071289146121256974207011131414972494067778568486930962360063879316088, 74484604336235803420876009376563406364715408831635823508465958052471445596548
34772968119813729422629029921395948935358747058533086006517363307004481523475, 3108996530849269535691089984791981564632709659807449984160326189677224825938
20434999955652170138061238285424414367577234005368119221144678097178745822533, 45410510297656939828008419379969365352128327110569134869545300630950756511738
36274645689347419619326825914532337791468044917322090096715252670700094504384, 18046930804804586348385676260721527318813997187430841233725368335427066872021
65001640145573955125974652134138941124860158804072867760963801447125911393296, 71283860026181893789254469362651185067491872859667292551167675134411207314495
67720755252161808533493710799715389336797525610134639602125059724005626013573, 8733248109567436106991618673792583487790694271768512866624924130047815744404
33834479091014953484194897470230750829261936157867772109851930743894881956059, 19797503710851251242631207380140530292972807952008966641319787999571947077865
34317126747659043565647659627124058082353174707253666140213039834155838929910, 8317442651389325797405249265455961703812929778303009126914244313150464694930
13020013229798880886159243904706195598477503653474621342137430693324528219914, 27740764215880144024809020708977287066946580309169452565028108452102005982341
38932299069702753608685852195277797901111341697657442441585267062481055237037, 4217626622919399505301775926560508783089778400739821964569235446465380625879
43513818214221478560241970077598501014613601925142377945347396902653993320527, 56058131315006879962150910723373458475571101022948972888124787119707310951455
23248289226262763234196881385689001729535468617288806570133052040982138306480, 61341547051053040899761435832600489299114061157308344485917328604718518685332
74461765148908304014389828613666412637042120692129668624998371030522895150227, 932369312508569017722405571915409720227440796978215743874565417017963241783
14478732381675882362109215588820565508026242705156791270794336716794576221372, 15572701700767470686506788788965969693852157003014479975038106697148522016148
41366861702956312705564852334518364564195026135497681343195218977970185769517, 44991090076906687708116582430084168056602859973492353768034389493850569574146
56118362041398619139707716907474070265292863770075389801184824606729881770716, 47164662219102649312652949510607411635449909010072435419312712663674701127468
3027746778724267199302707129071173227697566080802282666373108627705523288057, 48603315723863855441554149004485994710192948799654645144974535353827901636787
70265673922387771449826330320367156996861516464259188125254629294356257041151, 72234554447715815141155418533647544216576364128002839698160100696868058932030
54548971352582663246691186775794486267318206899849093311877023582642668038650, 39507379325669595111314305908718319124661659107469661901005046476939286512718
53679831599703223514377993770348136636608573847367887841247291214806114412860, 20777112199819541027014221846074929494747662464902253741889435615536907860276
40972129661847648822052488217438032336010493888495925526392540139481118568585, 20971414329409533532903804236536896801558592636181346854655538152468245186488
54576500441439707160453146068795681227808584561977848887191285163201162297416, 71230064146147982034822545337145077116978135012662927961535259185733700530811
57279974159389978038023748353505966402604283385535593089016957157167656556056, 20696152676814195505693847588327921797303507176437796482751210980079517092381
51895482047185499687231704063935800011548444815324877142181454715009237744744, 56814827341167268726486694574318037629261013341823987159054729258633640265445
17049875697194758341029221500127289390106190516640017236150732213405929350377, 24220852261151641917115339588969136157573254744344800475370571870955949552275
20060546839525191354774191298127668383169491074692487915883284260644187802346, 6038103920727084368871300943957530399923500443269281835829905627826606034709
14434620890415631331003371319311901502650677303325597348226380617900089040258, 71407556089863279403761278257838152258593922130071398989209094757142921040819
61768655587087120172816301973757226999894199998463931202082263364894778279911, 65259459060611512308093185739661999623247549426814935383904330927561440117626
70178761556590452192513277885229657529388740570458892737911776621220339564243, 74264092255890378635713641397863755758599718098113820515001889807052019637257
56466086164350931582426380314365130559629020581953754840696203814144962852875, 23160122223707075855611701688210110422937445207770719503753028256373311805097
40363349559308645141080944846119713833773981525519284738400396542606622617318, 6485205720972788840464480273108721203900258010784300469303114283669453348244
64034486368953601274944508345201608840391527873449487950287123910418618488628, 64296603230466556852727566008251668003497778633290162927305977203027160015275
5201880688409822177567805522945770729026073988542096391601252575707176623664, 58597575156621617323013645966867005036663291723802470394485126428155171787352
29548942848435092883933107698435672125930281891765296310819429583773967842838, 47227085512918459482473665164766454767480736115444551548139942595549324701076
55509591059086559936426150657895384512824600197227663212585665800095590001275, 69268948095015428806371487313443530542807614593873374318177409007205025507066
27097057686677699571966790260775909151692075208237991464015466573368432192868, 48159694473306999287825966337365804940245530852577367180172551704702076656910
32792142661794705502869040942234796742166380749782773826824037456127822216954, 74056332223286423503448817075230539950477684156081411655964662820378112275466
24057931947476663053367980806440974339388932190344808174748818585912673350362, 24338970449863440531864872543946818391414465499624706638902793482010471875238
72264600245322268521701160677697405630490442356113988909144953578410371237525, 59824602463659838328611519983865120346488681384847010762691672929764024795070
33117945163097486852712695915335665475184741227540657476666746946874823704207, 44286375948557308066099561115777737105009108972929962548287564178335587224235
54021671775871809206978729236109707436698810534235839410009881032129752930514, 62141973183869991678211808893646803294635645001980382370709355160545659047079
8090370549792525290098158470624889669186711174002981790663268488577069929230, 64187244519293549046643319476221497708472580099612805307282062752019420576681
15403646428506450283264029311781280909456698770113759449208098683764525827344, 35935146483495520803448181265640954785508194693297907772596292029666368221800
36781172377551951252016381715042419981597480965902777561670165002967518657107, 28901176674569309061650466812761647575807994156882759576473817734853089710790
59944317773905710354269858319042340773004888201352299203354426695153252551950, 30972312732370611317889074696208124618995566655073677773797821544979691791333
41721676753110745728091511250337131641455286018528641901509502724811299885549, 63302054741889153303600971115594990657755456546628320823209252979281850688590
30944908944557857374363450304141997973455842877542337180334328207397889226729, 22682193036156146593507173602019469293041383237197540300833946087870224429278
60508641879708718595978868122726752937953153314722805716944054972304978558448, 60048707042794034031782293910984576391928650102248732116314064605165316540864
68405280107933633355573682795294820804434116917735593059523700290535899808408, 58256692660057158445459792287765941660227051203442377017120815649595940439464
38672028693251537886750360892199929882000892844561139864654254465854602657546, 6089255558076067485692464348866522172505388546274103142466859971840105738108
26176531434362734015301951068401768553153451220001465386213966898120238471377, 15999175001882166579732457475619884957211971007969201218123797751218557203666
7921747446396926410069985345293169482228784129752985171565740600330476751691, 66882611047020760682114598710393376278928496465116019030921530753627465016186
37692616358456781931441235034309097325104134182927240947289625524396604602356, 20395447619691349136441743648358443024219367783135114250990113639444822760691
52220885883093802254538858692720987028898044889935917980896020069420452785278, 8831350490836468461150482342355269209321766262624481583304737590629126648664
53386174197989237828527080373311503063026299117201101337617807857343922737405, 56083104978646989848108959320750865868521315988763591980853523510068333828846
43262852198710166867615757274393200818001783273074775433111037516729288218003, 63706126527600577675303030603744945126765800775473259375534655006084370665440
45588379661057461854250182318860710290734760180846818606069110629847129461658, 54343887931948881129988241670685542717584359302816217143115009803831193658039
70207149242300841119888928253493527986907409727099515869963386208365825395024, 58575966176796010506719508271309561696398024386071265949231869713482733872704
15301110931123501397206988439988286846304348030314736048768793466697439343272, 18983948539006459445699322580929438281520556315287317691763503779122227072524
37181483695693285696105021452996504825980742762133072735567242336040909335283, 37989724986796305448945054031854178994633686998362819514758694547187845640700
12610579524149050361691577644456231256271576634853321744684545353053700035472, 48230046939385503394357822055234823995356479175804696892083105954382928665781
76794722912583909120702811584809267106881029915159402456562891910461141935808, 60619428800780442880395785836014718043858425605402925769308647106904254770791
61597942975228229875783518972542701386266343002830188923659879701018424116610, 41612657314335538098559580940560174065225208434860594874926401290588324070472
33940039220061247166629656074300999552239381645507937128808575750137452304122, 58613170967594756480422787941368853081741542644044721973577402822616257038484
29339628523382670800762967431964636029515628918100647354621955264434088779639, 33531038398727302774876962657804978980568600365176296823356199361185263511254
14872830315155864798495774456515936859446637402022000498699287164771767847798, 67945307782509391923209328812834912487184739649519947104195175600176847733942
50545794806599020966150082155447540272414855119352243155120809361983947480934, 8745045588459471761160382008195299814205978566584087839708494381928331336342
64167405338772763723343061286193968897499152198130082993470686673613157351403, 60273096024482448177668708078842524598870922618383329209865370839498934712082
53386265825518549961272912826273657159013923258378668952243573670699074943962, 18276505736142529591890521391850606136643388237845905794994152037857645703310
1691406045244348991619488589185816663103027326359850591570450370727939630375, 34315846924707130283856456583940850577201523345085173561729729893745921454660
18268936263897750885301216728630419656963401638645863364007057281664855241740, 5634421980226874794630613690517965380317961807861528485318641203894703412993
12502507648247148556882896207111792704204284498448927414990654349386437381795, 26454907457023217810546840458712139566508370094869514475283870131720299167554
15474669668725441351162040992884521418660443541991198065816346707829721897356, 50149472497060430778493701309068143500476447793251447875202091145842229965003
45667530690452258232357764084913015699668023370067066124297686987069978054206, 67247942428166208851918232660378462050974825872656700120326462901334466361924
30670359905065272513595587376831258624776249845223167009252502327653316699976, 51892479153532861382056507592295068326364775667841525371048987495671133365201
75824552372867985712302047793175065232548296100009504381958219672449699908410, 60234185912764761001751507949299639655287697908390043183012024413501577091036
60774699162195676052081164619897354143690563487756881492999611368932276931899, 51601946368345409492906902781752788305517056039317975601017756284578788565998
56170567060701895212305777639672356427749398193230973117456818047294276110702, 6277936874690477482199458615429466356250196150951395855301959839904220281736
22111947283056924385491245052046753193945504716340308960433898810187600455231, 43408225839508141238178775202733772050128142989877190138363337221136068072914
59609636644490049140157117021446504836989113665105138869089719607667194932528, 65426657355784406876147911853603507528653452408121503366353342449201281549836
12488238199302336123629500241321961757075269308645107181120605728211412447997, 17325025776541873913298311650348437741832425127371071874202019631714893663760
61099775185097862611776665196224799587565442679134485747415218261656154973735, 56927409372946669803010148682814306974537451352722129985860691301545250477548
15533933499440225324264061091307161011194053024894434893919937863456534427190, 24857272751066788888074541776776053055159475163174632979340163135742363333268
28178657699054228954744904311374145684423069022626253726423400680002678807210, 64804951119931467740053831296481259966917189252248104252893967242344870677765
58095995558374607062850043182767380088672334101010365183207573760191536401080, 66967390478047734679149101693524791628608817358699114743104586201563854690527
9807466780975198588418488519762344880962057836765218994200836286609676124591, 10482217649865215324541609031528476435631166443583588118737592199067593059230
15110166547202571821039433203852318063621971373728263662138384058116653828616, 51557984514370416257509611461357495180737096299908071562167051912675051335477
69951073656160356218080641982709540305024802537121271365988597938439278653870, 52880913082499234376926783208543445601295341139453498609706867636035911105032
20591679119568679229573825619962620642234388783533748298721510936728712923025, 53580060102445811032084163657873723836809041115018037555550644722146315072530
5000449368530486168583067219749088064516730778370687471609865711005548082430, 65573215220423423388361632945186200525072343638913809234251131998294412588461
18847917520106165576116251894159641829847305598688979736153916941658542569032, 22367771926458395515781729433499327723003438533974783356382931101691192728507
829011561786428024797023411150192433718871147584413674565032473156004057864, 21535952716375747388518409498659313252564796060109087749047904979971866969439
74944884768856986755992753936842480942569401134609347994395896049190191044179, 60331124785023256283214538102005131740962051678304307510964418130667359028267
29925446297574635639311334937773774310995756986279023144570350520305157063276, 50965087436587723469563372248414277946049602179179261279826327927122673609495
15548834057169174680543432486226380502979123077964593742785351503122388026998, 45980201315767086437359807494427348866851430591315146342486454671985075107710
30560819812451151202096511189717327002437763586272803781166357976976141899043, 39810950005927389807395174374276442565446951312276431204705512620092949929743
9439223308228465396764907529728375618185180816986054294508434760410712289456, 18732448976065334902139804497834439037333716741255046515436811835411374962799
43400356241466199314713122907444822473653902407880167710902015213752553560794, 9437051188417294829168626275377948736555391105882247369419238553962053098870
34172842149175040502210100516977558780975910801724615721862742357511208059818, 14329582491413597341965224447027081364916060229007892813427491401576948263954
59169078955641645567045277437061023486856662035519932686605508079394947723636, 42044581298878224491882823809789586394339141987065372936940041118262165953259
123481702925883138601345052625648332109944441521501309170894972906406782430, 62705444105414599312648790046067777176102220627212028483850884498678983320046
32231791282472633782798069729425358697884130383564001785802837084264699569312, 44764853153429513616985320955188456889108551527016589095855817160844428887618
9390289956722292879475225574959374580431026637761376827295708564251613594853, 69184758441251590746520656192951460687136781645466010542923120216680161938492
51695412722219001530791613746931265752006678774079400197970764337600748372946, 18631192851327750280479536429221386367963446679889647974628657275102653661042
32557912499833539997801026142145522602819023210608570347239579396173541946152, 56092269403965124228798863808783929140319157011504572389608548136307115861026
75221634907243575510542179401363836841684584445359301895845148054269116415843, 53597928413603696267473523183316944769602501190206447172252054954079029099152
39910677830674680953712406126669660593369281418147067199951918812363891971362, 14970111660354324109764837283853743173026069737653976472406608573819148192976
19694373844638004507825680210765088604468892321119349896836511807711448793147, 52560542551553181069150054321421099541743861043293555043141189756576121020706
2591788288445366549939758176173137787991889495765549018728287156988503299391, 32159428696236004573117853716761437759385264016009264934096395370044464647274
73561714440129080991071286781958941277962703536546232309726225664852928875940, 11344471636535291932985882216745133472297108136407651057244023074050212730786
36880369327010330012850981879995904041298641424192541350965052850518291548571, 17375504876162580080147986293539163753273781575684096936775023087083479433649
58728412662528903996285481170527227686701762562565952120047797951050385092430, 59081489615285080731559649783677602097032409155860158466334478009668165003726
10014303823426991223717491473940260643374179559686676538876229945658832069759, 15555861058840345778407238452199064563056344324102440087024728915659282925029
37669437313835354051160532176534207254392674691913105434216662619559349613930, 43666055858270004973501101126754496886084746044876262345561580976200951413059
75829006749541487922620626399290796921223513485550293912518391960363922165735, 18209779805114611836765342174012095515285374638793912929474827329928627652324
10624645600145191539915607297387779786166362303909701717982494946520978439181, 60785448973009424044096565466564381837469454608479884156267136909770642874380
41586587649977867181428087017718884585707789380393678888876117452824614385682, 53099893148351573292223902863074837178425938874209633681409301674903457168608
27789619133811371754090088017079451461426242391465361480408197980692228632663, 44036156807723837617143695869355302150821001190948185224300873401416940879641
47303336164065809790418244734246616645381358492558308707518895895631309162710, 23025868970349506318977470741402998829736970855360719670234501121213043343084
55907005557473849996550737266642136718005338692397132265225155947031077862796, 63115711696670355193313506466476440609138562000870418777727616032629749353334
34307940364087766695538897930939365808558933010905784611881183499292415526261, 17470344717958112410517324466237007301352841799747754144336554589694018137683
21117090458154797856590531229956421885028428044384995115802065395564138797512, 36800115862156040124147126200081737383477695923729122329645471769970676513374
57354621558857883253585268663444191900489405768805540743198513146537652656435, 51880663900481461327754775951479300327579178186857238850040705534339421574652
6448416529318458530178793549877179392559644285245325725464800599608868860202, 37700619182719200636445160723247669223980279241489953867384194337341457552751
35512901385307333068118077102265300364601380460173689033115827104529451994408, 12675652451230196712304818217932636655527422389565852784949930066138246530122
39509951836544821911425984637668945941372242889878015390662570257647675721626, 32962416747357870691534450676672116517340663109080876129551205716981550081594
9622078929603607013747197596606803230817625768443119976866702802650990513647, 57916566358101776743807092440012155958335888696362721603570409911430952045503
27793566016221042913317118284621479146149750917697717500277617745402878071943, 11161565407630061961259444351297450399137674939629797060701901007408646588924
38476345798370683494684723669472886052131456522809399237733007771606635483280, 5276889818603184947108637914509322086842363221077364797641426716651869857439
56716438681592898404077893671802236265961527643131515637842071608104348009523, 39331879047611912184059006444321141508142764617294131264719750262047511130980
64983615322490672947564317682414730739153712962005064266750284080103233760770, 38552692997570675420100733028747752307738785123410146128458343372783985997807
43382661154996179988678240811649150343392208303646546248924776773768100231002, 21813038120820843409278310913525169138939442928329769861040725357389508187443
13825287573119151783218666924724591582047365532270293861905249010295628279730, 50926914278942756217404092952809729860205963290572507320060342979782113496942
