Elliptic Curve: brainpoolP256r1
Field Prime: 76884956397045344220809746629001649093037950200943055203735601445031516197751
Base Point: (63243729749562333355292243550312970334778175571054726587095381623627144114786, 38218615093753523893122277964030810387585405539772602581557831887485717997975)
Polynomial Degree: 9
Polynomial Coefficients: [52, 11, 40, 23, 63, 11, 30, 46, 31, 36]
Public Key: (20853439338681890697398149804834522738357203404137377255637006178010370985307, 33315282906314779264846805209795196471363271128665607981216496906738919991400)
1245754398607936045092287094803815539118404458711033370180590089467542433203, 18635071170841143787231572635567009782668363124561964052519353828038588367083
69252648255783819437076812440825234463150879766491104992574372739883517173611, 67868927236904627130737844333476712503517206714759456228292620809385882010365
40929599043968954319190966011618272121233050945340744193662217568609097231356, 19738608925595342675583311786069166580106364555474705651184449454906649230552
46926397851284004253010984775159541980202712822186281029926920453242110680627, 6376239110845183389878684962003836490104899005592821963228471468629794527613
4780059220664657660947373920735144917169769552068214508597924031516737685047, 21481794662238366748864496648202948429647680325319290987219878019770053158341
64969494391015645131579466034665388930382732956118298054332686342021723650860, 69946390178323118576758074853512189279497389036929158957296131424654712186479
9706582618662060872203857412696755399741573731766280064735545987197595673000, 60522298843553004452369898598909440442253435011209793797752479650230431838436
18537635896864114878413986099038237690223981834226719158640481170748599042179, 34409369196896552424300274201244375487704415575211560801209583369507800222303
72794745258009579948673199890398083419947851894340238341530493491284987137815, 34784285925165024532728955193850299123094892460304198178633147727811347418863
20418566098084350090983997442695296545077019752183740742263908684186986975769, 6256487447340687284327513776328502072082541486649550756446625591899826502971
24765177382039610721164977185019996252556132487648926033430219242676870254571, 34684105552619807639203843656798533697242592873364071915347444805471191314293
29425933681870667050358990653424371903908076000904657270044583356924762673020, 8225111891572989143057120341690002124227078144455461460568017578809763840122
1057701331606093162007622863579692185371329002568083979306690647933239358528, 36425071793169947459934036043368256182295313939695775281247119405030260720854
4527495923057350424643999177230393871942288626686343634670473652927949066042, 67574309688286251508211928150769689300816060257968666505650448062678195481281
35548200026190862540339760795615715358662299629359869948143954743739631773838, 46913396661236711249676939005272947614821162089900463132430504272620933625371
34252528477786190650790031403289196421307504455899073910980340767702657352777, 54433382341491871004341435960997874192559977148234195287924194150588312371351
61108470527343434723174219204981107131385824658426478584178582163030154802514, 47300502151107926120916612492218293518484335238176474156892832992620540809092
46717980349218214868833597903724274613717207668754559304833809806136706719623, 74188542682533865461953898335716290907034547889786758543055131935490174975194
54722385310054655767374287271426803317268061653007681186814532527785666240151, 65561499081183439139254457236471773773749795509946314416510744239678235716660
39542142906167612779129550994755783270402186561980664865251748504696755426882, 29072965311324235157843287825359892603836029849010535263140341184602435663115
8388247845333686848369537105990279447744907016647336319251517295478915166095, 22344147400822497078981191523887445751534016707182209925610893082812707383514
23607617843962917309116030779576561030107585093554934736913280332933703236739, 52555397475480025811660179157094226281225544776016966638475461985615634103717
17733271326403092323127356669657869346270596706092988580180827219872968646962, 63081342731578245784917005887060561092220555306053612360089591519727678092074
58736397840980457548178554642980170502563403171214929381163570724658634246971, 13930687950584633860710246325298104445102852772002986244834726584006742479528
56374107448012596454850750115333836580589217645287550456332875983213834760656, 50476267125439924250994363533749386534559557781778400599461466491959930608921
40941352624435830827323841791632177287747249600872615939378604099731289182504, 65319531414099179827629887635996043453981042587114975108180126601185333306195
33521504803890901418058218270711597403695794615159133829132253219891054401731, 50725562875927127262641882742413365554804842736620704821572665863568592652670
34618595088003545833760241498364826471184375041103533632792895405233443507663, 46332516268274189579200436306978549388610523654585914805968604786685976706224
52874084641366145476707944715361016056532409124177044541204134747517445450016, 39332737018432478110613247671022042951494307208913892278400431639080890343246
39211233376680446223529131139266651073012130314846826241731971621925782860354, 3164279623744860982362832962541739290838061513562744310834702656623675395908
21224790419491410557715065153787033363630956294997908949848084790144972448981, 64758510363058043725211079642741407207765638108477381074498403550956776169122
27561996152147764434107157507815481719883684754194284001047867997438948583188, 14097046119029074651370906440904912028763949771229866626494922747749297103620
61992116571241725626496187243702011103349135625581334416329150167189730924396, 17381353758804356591827847407180011672815628567989417684641130349282308330087
797955478248236742126956832214666604678429470812984469955962645288549499163, 51513455469899526579349202390294966378118907897232564946159731998856903017131
68656613655200742329218802861577677301607351237645781335543932659277263448245, 67351821822904031968670016426594754789371854610904919374294907982072489115322
40340511813160477249839935880268553336997990108031354502122183484483307072349, 18175810756673916668409241468467629267352998697428925203808099888377048824360
44877390174751532060977848233696843240566640962047377542291944938022276205498, 61475161971697715994100043374950991006438712564160870982413027172478467224921
57935513261951760841931468468933309970119932069738710130097868318287232774875, 669813002718906275579585847974801016498559285423412036568795378305635711317
54951733259189792143041964973873596402579078228760958187399222868873447171051, 28271591131555663146405489886826048885486915882139674109573048474053371799821
1691746596845766843577256828336570955413314242836319981991461431164588920521, 36345708141732522430602733968373517104704900614170619660616258663930485314260
47576573223614498643490814565227405843713981845194489087937240155930208340972, 50374855783906562659016053663516395830920527968921275632785995410469678825298
75525408936415074099659998292170795850773381649934281107199851934548535041012, 73653117408073807888596777236982074804014177396485138445268859145783998194282
63208934425522018519481813177555813682878492659271862085869524290411987596186, 27050566499788187589822187406163481184515160533321180083654497958958682937394
23550143093305491869931000945712136641173618518590431037327983025109156709982, 76611957944314967803391249985870801523028350067429557344011692452750343729163
10955619825612972486641451994450760682638250183597982404390019892306588908846, 51853346152222967608083800008667139722581021792843035782762440544023136949467
890408777390196247336132195064891863856374477184028604714078530079443591283, 52142250902081767867331535904913940270872451924319379498419966306527072980770
75754823126608022369095732817471232492841053969755434426230275285305563007888, 63937975944776417287561340251162706699762780435212652802790789981112351985383
60782176004409658449548393217879745741871065923929671970958152419232730345060, 23907125483632990687447426000047886164611483446304337195626914955684552609832
47855635725889944203203797306155325655211857150975508914990640659115134645044, 51480962763093971218758633749791396006582382729877207470928131886213467565734
26638585060380123512869306238226056969154031220827341597589768079474558777800, 16246538110436525902276844434695746278417468770389505991187484681083331703654
3401621523733423572494854484995028642429113136674742873038696006934465456430, 50085346237130867818936484478956106597730167802096313002621309658030839631380
3875213913109848677477479480351927298976961919197984305525794982702237101652, 30494243690213707639340409137782097156622592883440353270321272927959435437919
41351055909042591863991226778175461811097165133042300088682684225025014515542, 458349586658440217823617654748301788650436200418834301344839194389343720429
11896201279182241433226584329206412874109484504299043276217460327757776246290, 41109281345138661101024652219869035156578714805301097031299770177752719775968
55686464241181706854576287220135880781177696937278584981100627993178021974126, 3857514600120945424535586356053589989188046858882071347315038961759621946758
69000139906903695384962961500084897239353534500236367197517645806198063117724, 14010060530168249404471361611361559084980441626866096391788375337503857018822
39285258897407108912429542580818654483773624598277693128488164032285205728395, 6226358868344871226855287813543616663072636139628110013771672068203716945079
51606823369442214773705337240586124464831275101452332380620918795979404356653, 48342470195962640935235459566862114286341067655917353795207290589817155210517
27057918550184867069814208315199270608719189502945554014305964577223521507165, 16372428940200758124149883906520715513146401922028212883913421726568531639648
21508449297203808200341424026305810161395704727640629967395640268955780714108, 24941944003783050755665857894332553520887120303633146070263996258652328216059
6607133040586734666392659851152725132378395304518602844571806842337463999396, 76047957830196102782358590332287388439887646892683918797679808513553236404104
69487242474092121641308677333839314767415896009106052384581480180751062973091, 75500476610341000528504730514620972170866124589468612699542845553455288255030
74057307597716837725249675816455203644263954039714189010893487731577002780931, 64443394209552962474254018747107981755798439078878834441274511320573462667592
36272990967554401724140710968138219305248456843150588022854520197040926198225, 73495100929495367100334202535806856021063132495541649966023251428186525382926
64490340312440338115025666621365905290767973421895467105957312852404149398585, 40848334588403128019099956837466106578533727622844290340650636190051502612755
65873938145033964052054988548718012100430335232551304325596670782871764079546, 963571006482994493260311008590180152588730925580619361545542104452392840163
63282761490150907774918898366668639954333735446719579965131054942566151711221, 37288959022757934129394597360718727039641758426746162574611695329568631085890
5366947785299950233876738856206601416770706688210152775942307563512244528843, 27401647183150941435753424594231444928780089644989768016473069138616825380675
68906198548511740212227677755141889951350426405272115638322920873685741925732, 56833630670598837556843726984039814737268995103850917683248597367876309093654
60671639216748184579675205744784460833351121077187103117373322938121945343675, 34069596182685949194571606918710332825827875845572767312023609205280852040150
75101639567904832030757086869615066469461012601153435285177381185563307177838, 34962886074718642667956777820765702407485378760952732516485742960347670661049
51806050751204613977021064269513142731200539188770041950204188228991680240530, 70685954644536879927450503989824800527546387598718461104789622737965812890109
55956922712580201449053909773929608663994516929149715623444178741192087219358, 61348888284066627634433972683745432390186464788992495075885670962514944178398
4869810767127258518544180070770064311924880844686408926955579716392641330910, 23552676794365909953094843293738579436238467977078767846480477949569809281207
71253831563044048700869440588147180705006231573315250133499259544230722470292, 6128250678994448668231502374722648539870357977227619977819975915055177217582
74867265997706811301878028591399326950775290317130632762532911607145881713099, 17091175782418093286149349526087508055070442930867246729328157947954564623178
71270240919707444849923389343990827189173053355540887434582279694138124362506, 3475894459633545860269782788302297191730202074846956395931734785405085604731
45018472516131069572044876564352095903101659315438341017719983167190811702329, 70573852981820552292607801647351608439647269149636985902574356262394506538103
26874898902575133970637860468148389949595158783104928741265448791629993192693, 27308280500303464264425844830807805132588861258474213975963238329281635969675
32187529172540984759630645706999330006549721393438808309126703726923732082966, 5518638593477192960001484535775197622322454400269150949973717611142032927796
75479265646441329726041779150498969462502206047345804648613695464672699939058, 34530212772460273581759279024635808415413366119042648771526300905109830197784
3810724099422378183863691923848932392992466578129147459120509897062148006834, 16685137267771939516407710295693916731291779860981451948139940429809670419477
18220395271529478479056107443238323907536232173133803073840303310862375534487, 24038050354012525815603232692023380911796617262262836390996641757775761694834
6187242665163903659071160935109832059374949331553325189623678445286828897692, 46620604980275626067983422659922880346943014526332091504826450953293497492270
8999955691517828705787765962162565527929283089732713032005621940383805474779, 66457764111877952801177527204875653102519738250263382481794327025429457795811
23346594344905686983185155823713739695664854528992299276056469759432257465123, 44763219598070286127532265636725349945788329830002099793114574580163072319540
6050195619118874990699627764362988618384535170166380168783956303445878007628, 70887888589114142295500182563340153725378859077351595403597433838353156415851
75037398821639788636514077243148992380099876493231769933818058278190358847616, 47497888666384017945644694493770729012492175417298536918288574333262675484186
36841258332986158939289021986942453281916790348865949620106612563720811358348, 58264931529050196550474624961696087430887693914064855403657875015329966121663
24069871594944538702179012311136095214229634522986077509110334547533291752785, 53458913220666538461230485299398877288073787889658231697412832082832483091018
47851242876991985026468311419350268723491009884850199875371055649063903430816, 64700117846933823465438914465824204457975560463742376331714333668138255509530
64977234851304233708808385473706082638974679666979580261535878433807522709836, 22692471328171124291871246748605169831215389310717889643741373288628158410049
16144227050660410030045071697449473744376503691244663804369568069651519205116, 12961240116636489557224879328777647688625207469213659317419950987015276437893
39730307967168888729273201827079082080818747938079441620416527993385526866961, 30268869610119129849398409509281369579018001993553716284356251307548037726525
38038661982843869503046100075281803653065946277732634153802617686831343697031, 18359347777953591379494288927813923634237195675515009114453791069674005352442
30440958772231874085552597833095127145904270724609621716314234979185490329776, 53501868562965966074914830051087371669052645032362859429418386188893630315694
76738963805622118550511201449644422745914842558098938073195929645909766142304, 57141313325534246351022109259588657542237549345488299725499294031811851820750
30670752884987865818029454021330060033865108915700282127626730938022749404421, 5634992809639048177340878117590221971658681174290473285083464891563961589454
33288177515014369322508852599153835155985487849327185271649719170463332315173, 57767815414941263867412595828789987243208075068561962696797953313331074043880
43965258893258838404798139121222646629084166761235536580468802292038710532715, 7677502842771391935572588754696045262908638381461476730902602217217887853044
10085803174838869382288433357645143490025150065588606027087959899692355331376, 17084255305059477472786487340669537180281759534256878589571740236344243698491
35478450565200667215284250765505456362757443788232837426783135231663981241104, 41962988304835057396129568033078815877276275912640775833280164375874599224092
75437707791273259384654406898557547799469206523367135452879401942739333890958, 55958488149246304375096979218671733101683722681208224461868662501830119006572
32858705827926109308137318420535921956868732363004854623899433063645463130976, 37819835341413138711820077827788683129929497603115639680425775141223640841472
23580574882481615392371886749899642525363031438541176544370042054044188771298, 75893104226559315373874319460156719525214258261755119955105587859147736442174
15590109106108358192289821939738573139393854161325303295099332539019104511895, 3399688390470139149355935384270206079386031337255941956701949303998182202638
15503057589498209190406957394647331297228588022592592406629796976418874639465, 39965215688335634059411750037023870791919543006870912465533620415257550567259
23245681228801214990824912710191302618046564650639126204481157999591661408143, 33166862970594549762283058523106101990879957730541442359172968420056708893626
51935611522915265216558529033886360705842407271935708657209658163931411174709, 50336551270963001114037810566862027610732957331574106289737741227307736906600
12682287482982562614394241948374767467517087062510062373358775601919470770157, 54335937275980249530615308455407018683374106374054835845496116267992494979464
23592642758512856730321660708660695645409920748478340385818701345837832689913, 45121958267804591628866156836535633777386418885009333627753991660709597529508
11392063819964911336637924996810649192001030580048073937259386437185840563965, 55372979413948168920932478099636198551558050257862147651294200991741533361790
1609837094560480250948257572127902574839446642651678284391887261569840371490, 67372921265218158585791672732487381588292015258279924385540974809186844017414
32872625633713361797520157924002978238810174511919922000395976453267049050355, 53482708037356321062407047732295593954571906512283421221900485469650864382619
73771088501543376842016225306993552314250104568872089018604535422830992079102, 30543866379820018970346900265522036338647706142778594510404891886250059135554
46204708727727135528842822226874868049858475224763003457158827024209392028657, 2719412039357590335963266406554422733240316207588103092450243384015417337151
15108232549201526817800423664608964261252213414446874260020456054501964640749, 75352219288863661986544202708038125153667371447121180033530121095386391310998
24778524052036724938369949658945681510828969088699061730164225614554662807792, 50659222396251603485524824373145419316378765450035965880613331077281110100785
49489503260818495203824463357493625870695775632084133917284821778301352154027, 66620208373508852602246349125735435558536927189041934555089457952503221861092
50521074416838608552583368421069028212777160993222043029631103789444465419718, 71899772727615065688722719696028610007067663015781921764630910822790518628492
62809004459986299799648938804140435034021467361381369274272984880601879495148, 73943273016159400977077365968695947716745671895363478990977473269138903857872
5101122217739312293122934818635660516773881674108913743849451578243479103500, 24413804637807183115184968803367060205611664267036197400659882366388783028888
72649797626487597297515856517427061325115875311901967486797421150485886397289, 29732000561888681322701909845029717746801543059662623063418884209045735004419
24116939038846354228735413894191438795688315712239762422415084016579650612748, 31397300730848544928057984973222932229879803089107475169774453861837638885425
55816900665441600079345293736930824345858985785806735347426286324118099840992, 530705747653681676124962968228895259682061176329648524178680705281153079622
31696815554440779100808967821463109959675605940804048825392765023027190129285, 61183574280350683505326531096508464433657388858949681520130738873322899203923
53777081929691240627850122668829584946602170432971729854288686329175599794007, 33427992169570625195744876621333556322433464475528495484456785788192177906074
54106449951915453743966731034335425214688305401840719721936393002293468801523, 35198985245173308059631793083968759552439748186855075780332990694419562690441
48816307790350169807580300986360444048816065835156163297055474154528461146144, 51074917018003390425657441163553665241619898461356242728621431880690108121577
5286507398706383200483806896041676846530743619217266958610180703204481100008, 5172724303135733590862421726446521228224444534007959546740403551600147555228
43498174599846948762103527085461286303517647983420719315368951465289639260461, 74274943328597226662608505941955540466056584314262332181594697607443574688612
48993609716301792586128067251206681729808683238770524316003427416538731990266, 14919312164441268907606179638151015382079323056153691584544273486358155856455
831241963595291983290700913841451854046857319792644554461356046887603693739, 31030205180440135619354960782085912136555493345356421157777211051712783940008
58667051347118190630367592144607010087400261439222081818038089735416306031945, 56270369096599855179454465903611960525058526881397139525137591181129747420582
6323997395002436388815258465210171035797222604148385652669339405588585900051, 62048182849031365232651200874322049452378118389605347912613286659583684312651
68314664971819671736973568912321902632737682616419768057082380412692795496033, 4172203533838519746930900306708026630449784959585063371633380914132409703938
74720047424185519882398601046258031544629895782389005776308076211611313500364, 23396687918109845258504650867903401033073372139691698299346226870928260626886
58717269315352915743080828850869827798910072023945005807129089389429542542365, 75318109305746355770539325115037162826235664333695883251689417240685482284385
11664042473054474143847744547568547764911245038536516679047282278356396774980, 47828919700411635428608883115986736898864107314567974184054756138847567771878
38390761747412373064114097027393198928281081830663869443207838575060859720865, 70923256106475018899863456825652313561671433485556878667218592263558136972318
67201490817267039313182551941384391008286814383548874013467994689080939334821, 48930832406846020683259734707575624608891590171507695687946296364188619354529
24147093382962697570369402571592987665322713367290954811141148406968728960526, 72279418043689786012139702447609030617720360942178060583177942368456467539627
8514398479229272180860647611912942547914662164788628658208477141874787896968, 11881235994077874047262904610715128775234793087588902104084042490003404543050
18632916215387361850576942779193252438420064819898847035536342516175081349310, 55823305646518518470723934918415282394788160790794739975037520019290685330484
6816790630720237941001410845103439384231754971772207495677143441729936913909, 19343215562482452006335494451612009586963795792528959546800398877505612541133
72483770960536447361741134551419653230147484861550162828816540984110133294825, 21317170801263096421634457060062347684424973635109272884674052718387584815051
73497033308836467001956125929108403450324480832449473957171663492770124849301, 19061050662772463668597667380557334091586921168335941042554999194551912630514
6036065893758834545669157265063859282917741822546126598261695731029017874995, 30489738836511933261230546857326725304601819175906787379712401034815922109388
3313256115806506426561177397074665746523294695855040285935628048743274529250, 53567184958899956114225919407909201793815747651972553947600316352429998810727
13723666583617344596676682381487176937860839749872886062593591252108931177723, 73941164344362476674447144951848331999387551491493135085234551731846891721726
44388908234721717928416458002374695010165010818897887824585967080387052966773, 38282720053956640744945568779686797691612099265212376123138429791484047614311
23314053076910918393945311804728837933444448041871340199656252979097775769658, 25667909617418929231712742470603619477841041278139209198081056547086731551153
60073785900933869119779709585333699013740532313246201914348420039673728996844, 61655530084606599749679766932175650558024121927664778413327420710563838581244
55068812386646283154438480217843531768736018629504779194475497427446277127754, 57741733372918634625195051851888819298841068028886316534671500257825996438140
54302481679219875697461298105056544945938899497501141012339623876276493689628, 11286471922790542178170424771527747561174595593818323610805884804417314577535
70436980583023544094729038347842948238847345862897124377331848264284815864712, 18380948043842229426490547811324589743744398620689920961507367331288530995967
38143705848177885711963250630343513236228327340791409254503432291756099747783, 670371988490658288587514387362626735991679814143660584333320869226889815759
68467396729523855126434145850298460278483888886930117352272761739583451158964, 57732387854940925068184562991331467944910348026866072909053086488387680610014
32628670104164243189897191683319292577853386001049526259620887893168873119200, 41319188201269311174795157963071798472640770571564318314624252388789543223929
54018397590134319899272958748288523707804257812190263140574326511961159325210, 31487628360733023869243232002373967026412728612535220675696179631462819516132
13778278552381591051484363143650772467897244958984533595432810408043365861642, 23177044517364929681042945619670521312376665038118337911634284033929936605899
59456518570495539352118186249841946987686433603205123002905020888283455150015, 1342313227714840498316320894827617011224709971331213630547325307437927983276
38239223365768708518584741327358189049635107005458389283616879712179229392313, 73752363732127422142784884169751444794926056400239046323975110818100744213687
14695529378914121732430363634307797597109306566320345747182913924063548691946, 42110701116782193169913693417881838838468367248644276198896440040381922167695
2015412735101621740026207560520387667917887659043306951826108860657774693610, 4977411455820987440512550024463795685577902094767265888111081145428687276145
44314535420232349424106974099583829067678447416687162116477815505872307515496, 6590399124525758438892105549370771814048946664113224637853446688085865183096
18236606962662555751285190519252111671409078459327362098716819486340878823477, 51241400450844685410927820684161096526021882392983643312559913680771841602820
42235502545586222203634877962804460641016287938745883801918637200520662893740, 33455284824421797518689424440100968684733164186214730322232950914263303428993
60865792026638275455969265830981328792180836944348735235355330719704882667957, 7733039398644072115183166050294770908857650944151697645528999194243173393609
25940235138277122909914587905231184601212692347850669844631671613662996157774, 35475720156565276332021067817863765356282504925639472245514417991290436801618
53370591086252283762272154059502795473128764072012015205211980896388598216934, 23066786444082334227181634253129333833012587863725037493976132018005205593074
8950639339065562977702258361848641246636107301885262974742517538039833033057, 76332641180252487272169397282059490509000460133682334860146077164102495084371
39775054638897864486760740922229995179182733809009146901579320746138650508189, 21567771707436984155066879612548765425999906294396380977390010002541490462772
72584601540445215680918732679699253187175798295182302228414793786253522336274, 16773358858718494201399800120277325307607018085341119349759222560197796503755
36797908034503475180246422509286394568192550257423595311091199810936094414160, 10262784549808529132913810838609082890753038801731031861717435240284531762587
4751839850005330780734909073219655604743993317269699045807770987078147379944, 2754654951579603805818077661984620804286387031776592515577680349128575805383
12416141459834717232331057427394222035394986889604226932474528908168674033957, 64086869291375323659946794838956709683932240627467312094058677178997838371453
59858188193076284459927889613728565611681395351924738799727282340835473385961, 47862955958731926952743008162315008684694150318336940388966897581229471459391
17930254881326165309142826638087689905619397186434719526310913974888212217783, 60769920555627833943292759684304290365259015171628577442211023259176717207767
55329929871339794340369407657076417682089676129646478455093063253183663957533, 1602441175973941366612654923544723141324929218342400245380366891081647252259
29757647672523493900323022728655119567467295253515920503022936299419891303199, 9083978694985528984000608267452178654619465772762263636184204395562196577137
44493172074928042809083742893514083467598970827715861063410988012694821123180, 63315656323501845033049229242422846781640322862776749974428765707186163571281
33416609369686134447812807327161331272793915612841824789381469780129857034333, 15382874888317319690392877104407504681167495786627491671207669952551875498876
19263047286017344157222611885130216530172781370933796482185564262602849398462, 16122129908611283887975229733296915206032159804300968890012480767041386628186
12113054800629905059173590473971366877160795276154170961377089188896371933586, 68924991050987417128784992354161279321805502753653903384923774764449611479780
28990549268122651767741517573619763219665644239260015669704426370318864674370, 32874294414991567860766404740862909395345297719668035508933736374994935686879
38812851404084274021795281703771746993969839466455773237172725832346994462639, 23754230676654987857692451764165302483030613222517020567246520986987365115447
57428001976242940492013088169472799401888293910100328344238605243428628595393, 8789521229101591707726926674717246471668831721543699959817164533790652277512
49932606397244664549781597760388062516873785618834495429162733165586823823158, 66878845770648886163321059796099015783861492309614692817869744429125841522580
34796129363379344846394866179983452751542860703663236568592821177898003747345, 5194704040130116475621503556923996296816451161522208893977571288210093589632
59592356573990768144967992191690635095871162459422728353665480079952295861957, 13490890635863867727135215821459037539063407570264247204386333468835138237182
73914776013566665341489954041358612244723907398274939353337471633282245843977, 50201639227704202630977857597272836012108828874385863692598661452664550588597
67485905607535866524552176527328997676197712366846769698813868155320960442127, 40051193826596718693428375074552586161009040445872108006387678599444366252422
44717885107519791932771214923719122861997336176460129380569587166619234994922, 54704341544173075848411081157249818446602793346870931031942207249675115936536
49058242823407420997607524681910310007812958776877946164426288437434215372512, 27923951910152684942205761638418493009513459632676242402579787454812747450866
3873390637682734701182021839806452328462623237015201624787305780071433402170, 5182252225337599834769334373362591148618045219357072598704558137410787508362
66460860945951812761084386337017603888355627872164411615809722066148574926842, 68985806443874043698119569371738119530877922301066846840961685803983130071674
45962888244183496729657461489930599400785914150149004441949359149376504918651, 27328333909140293522048917524459169406779089411576864891648023273996387262713
45051979634790806777349748475413411298114887921561794124861420653706880473346, 21182863733614688384223460899516271941660048719326397187493564064717348825099
48386005643847844145801238737077286856170740729633041259535304650928211875010, 46239957672940973244675492332133603181647432981153732512809761820489633966309
34653581499522605160453823701989404078169184956818232515623184527841236692776, 8047758530388038080305356573200385074882872180783004566135964374994549692172
49079269673414345918885941248216285311348738067110560389531632627856682980626, 11790882466673693922912490559666588013675690262450617524299914421658295490320
38836844729959377856824448759000688315024007730373278905605940435205724590262, 22367685751025245452219818373739592283511324194242617446822485173626789993250
22946881694572243297694813894939389459699394520627900483783095229903646324510, 62618440889964456981295838412492020916327294944198519782008297123474445954207
64197161821360312851539724560854280100109778107105193001626764620908656043243, 37762381538838914720091302697423840262647701500818321565435985967196131654982
34264020708737561470083552264544432908216435963776937604193139233572922893783, 4494376002754354564895489103173084478768533952810439060059593080987204744717
42606895109019457694942956310881159314267607758288383702419454035521744018018, 75328333770383889753299941401655934139755589231495943233283280126801453389833
21286867780973626330700089304715875141686804795231679378896821309582722644146, 42491128687667097440390205535431478386874868900599925041891050546300055715510
59364221666745175753238620167426960474290170308971132384146138345366185658604, 65937097125666169519011342495438073278559006295698459057102379284587048018633
18071893211548808300739192297268234042242418314927574393862702573428169453531, 70614507253569334340191747852293218478512599014702529548095052976111742261694
38819714718037408346932258504020983561602338452190545608684315703852420795870, 66564600028854310519970867570753178671711672454156263947669432689176702665918
41102427262807974864645855328072260726188873179322905528773306810402265048580, 29312891109599687008373400704687595832223883045587116558726252661504729585965
5163235325101910548725854235662283818767965979618006418175749810338220814875, 2280541125857306518483458293587370643425752693546807509685821731421488136352
27607121877608701947509305982375835114387915159689497693612391222576359521991, 5401469804980417623205808942031186304043543352780357046658666790219147994460
40425386728603063044819827012962978392991892181995152686808747751553427549363, 57926357190322345940836365800878354903270252745159608986742844723129062469385
71650537151077777685474817724701113091541226842210706705333404872884142861272, 59211833492994077853321922202677512673257958983967280003027667408444204262296
2893711234776369130329603577098597923442524732911792641866399549523430558462, 9466242919690845919652295644509761488626232104243730232054673086437688120570
16393810709794897923600503188924963096210006472619708026270564943622331468385, 40271657041547547145344874994062634120763325492156462626426157743993233474599
73214364074589410960372754629901122194334782122069011576980047208644549470776, 76080271600288198172991806093461154747283437749774750640172793186253493731
72703267129644006567720523319738990966384791374380002490230430196039997362562, 43374138211678787954308208614005417324988221191458017827374638166406209051585
15256601014062426035872612286488377474175295716191358711698518420483283821519, 19457575490399312516351964727049016117400284360074733843233335917931708076311
18118785644253917947443475296203201671828955552015301055890558163581305875513, 471435605408027300537453667496555999371326563074333805487813687597464146928
33333111113803547941989909804366306738169085753257577994223159205842749604730, 30443739807093373910329208891882278548955463846033842930800960999765403867376
70399519581130239127882576969937618343982142509739699878799753736397076293439, 62298769582179624469674231882414775542555705246350983962820289226475504741597
61172390395980628416697278893440676571028718816952466606678299728557638369184, 29655833085765512783044889928954400928420843336360856941595571748811669580740
16794353570664223453419523181196242376486856520843026089032297969709656771706, 57113036713083458479191637109515492121937654819755274109676264897249775086903
67657465575989979203908855900188004277329595790160248950249122848677796093487, 56283312703126213260230685381560033294506490116442135148690891292909811386701
74267822853488043770651694826562611577943558161665997075548300425435500233941, 48272466223967857453807595811837158707036239884911046904311020321935451772103
58275170553274495940908473312998747908232960058439887854726278871134675061828, 74103387589622811856479469090199249023200967703966659555845954434227813514608
22397834317151775632446782296474832568032763564963806595398559912641463754090, 15299694225238896951898928916035704291568132593286041589578319615518231559451
61338186493181532282378419882221030092301258027977100816675623072097287878759, 20241056013810172908815547823284201512995674262904622454707000430782762803413
40164440467352401783627754227412151732573297112067930299835598071659444603516, 57684783609447026474102244329997583326228117511272178140227352640521157847510
16645300059966234976758916297863508876951004784171383480558089753619463766526, 13635973662322862740956607713351150449193642280427043981029679607435390547666
50218967342121602867109050362166501685520773095438257480518953613754776578791, 15557405453109914901665700633999098699406725858943508187592754465079927311024
9049743743218975043282896719889019974297757518391068869977510433852726536594, 1089161190905012107629706292066750383902755976407030058848723633755552949315
17137284455636910833723706028290589432390145192194904167257165495349955196552, 24360669792831684062436501073521005496108542199031255468500764978118447494148
13487731753983593000291721462211225598612216121104624278216964013422620357685, 1131107569543404214493730507310135797643838312879003564328727683607467489036
226786904836520971681429442014770181809450695685583562150205691755881075179, 54497121931123983646699812165816701043285563205153165195833211816595322040857
1742654963426659544381297508626090522090867544698203729618418261242991893827, 75899918734419663508261260661519728825056148386547557277662314147397785877820
24090493937865000015306413420051016069223929888571604310448887945453906044085, 31776735277453905242040727945147634732123726895914022450790596959288757131050
56050113928517291913457532872080041376651165547454918628719465237439317771352, 68750905265083893437462600778877661309817080267861020059960804951302603010616
76316694105877222742044771661810750855215357791654392493185915365731716612533, 17945768147145640079080799289077875463460765371439583860533290241555206576072
76473119864357013058333537665980289506578828192243513471452707628105070255479, 33339517230162718525833760861574780785633392560041193592011618955376864507634
39710780994588074532548710305354857327436845396772219061774666703103117828565, 9111978910357800216236984160769215491061998839436324378778986086168051979646
5932747110961266085151785365631815448409810767635584990894322053285327153453, 37678407723493809975505704558157264791042666667430107470444709297851175399408
75715236708985231868711365052860031944847921508379704012625594984014125634943, 9097596903530275678955444037402974080146832398915719123986022005016386762027
