Elliptic Curve: brainpoolP256r1
Field Prime: 76884956397045344220809746629001649093037950200943055203735601445031516197751
Base Point: (63243729749562333355292243550312970334778175571054726587095381623627144114786, 38218615093753523893122277964030810387585405539772602581557831887485717997975)
Polynomial Degree: 7
Polynomial Coefficients: [61, 27, 27, 46, 15, 57, 45, 48]
Public Key: (48566185100217092884465369693461035936703931541486338056345601896342583449603, 13535772971312089136458515950323474095347580379099811200924192547077052586361)
25393216345680044324952013613275045879563783152970054861123028653492495145446, 10936480985597862075657894392803574142147189413847630932521126578797046200812
33898333608191214166452095535377022424347845917861677274474550688256482095144, 68535226472642218163988270323816219234649314916422054798637054251874793147704
16967249699562583293629495483235997107985583323868400888810644589883669734502, 22329888024673897891798381605007847393031694272326767706462468891845709374960
6253173302029857809626650266266648104887251982441847383979962042959912433088, 56083317714543104093711954607315931004047704983828506799294521519732526692263
68799939400831367940448545917425904070618787648128354810671221474145233739571, 29846503449570525398786872230310109082472830899977632203278847198878229947679
28778093690702554426197165734207303255867571482687169655172333886665443032348, 1777916083945419014129058924601160307147059963496690836531638790886507182187
17043973370197741278285164440380232029499824769208532785565498608887052306083, 62737404527906604296322773971923445606873762540899031114861809298671180876786
70046977283812266068982473328892561546264802213395519179144347978203187657572, 32661336628870665603443042023815279455974687480444260461014965045733798020565
2227740363289219606638382727835734832868995809832525069097846194407163214652, 16747512213232435878334557405363108858854197683771754286445637782115123817448
71540363606222525865721977174633194192231199421428872333752422985288858297162, 71941637233382681257151041232379482656508105764543163437213148078878637211275
479183312609687579114798022681403126257533346037434243268390250992591988411, 9394388028918179933497881036682780897044135424787394214461314390124275259406
1094281522570093825730923820075210978806629279043138649395378121014948564314, 31699436192491465246593756475891779381398082788747729736750266025850121452674
33527076983781584639991928482173144964969710594267188446325404854546216328954, 34394254043621194426119343319053816527691779770890279355695926042956889315046
34149193597968775909388699121728645176658199430066659043550992703497961288112, 56188752421560322456556307815787848577413203072106118891869155241850394344746
13169008715884425362221315136245902454115912384094874586530231138051854248677, 54723981878746587317534072654355055672535363205253684806774343312447343224404
28092622048576888412064513000560707684207472506327929783125969619849488189807, 67544173038945518397447028113943227387607927183015103826762535291154576162333
64981281651180859707637376586985876062218875987304718616877419119133921327983, 23569772970270350945244855169747025218461185773167226373016527579955166068292
72481197242450113547260993836136351380931433983205952911639196415707334913094, 68771695514760058754024926825013299530614272013164414088546943283855254147377
36668083093171165976976936392061163152780384071652122123251959769791327537804, 34298050546749544867262831521892029456037729931677581999009146237846977068521
23840608660655355319027509255239115698979496710165033979284735024845669073992, 48133287785165233694202156236359470866030954000247599499579679191596649264525
72019548121897091786037894024459244324298362740885576945161370502375554168980, 37163219640921373891891074475077686280381897713516574171887340554729327213800
75193007140733880730876816609776725707098217414787643524931690095776227299218, 41280870747578998773835907877920026822944614221875080116606019895546296628545
32373683127340094966876942296263399693936801962870042687728519306421723109440, 26473865846069685786497804396486388019546199469689601664554404102672614966853
52568428547980539617990819714430645661254328294932451028522635032187444407052, 58094407982913557860671128919105853303790892626473639503353783297665556757241
34643267826434715852399605121511270098227427192651514132864950588243247144726, 38671118962266013511095029664759886710249619329925212226238889349718370295095
40635698061777471697035720124902122302860728401244113061963446731062743540183, 16785181308010318731077091947192079132603393803867062474042373343027901955014
32343712971335834710726475783802658156517333736393507746732902660499961353951, 54129258971925229582639542331308236168526090651015254641884252781864662062753
22148465548253326513285175884317797967791984336788060566577309242430008119237, 24734288584410206038428453909951996108560820285022526496421590279348527305413
67372340133244958029978393818850744437145763947928827376486691235569084949421, 26019274784615643314838245770400186039023230567062227942175158433648323635743
6010707599549241069190614416624400079969679734191340952174229985518727002989, 62088418277290088889686381849055906008011918573326373372322472757528657672555
44253345117715222097883591791901977063269053297702719726479127999782745937565, 70715360654032961520853107618513796154120516592556122643269087275694728471139
21340449754071236796112717036006322950368230616403808284032061790433016201074, 31711882141534238654138538904154862225440942081683267318022283603420962319717
2135907189434908483915712524498664774079068833626959413083269696020456559694, 62732889376798321653230730906685500696023683308960426046120887714819004037395
19862517892690731362455655567981105834826286262642343886203887917644206200292, 53431693262459636268268248572876680613267858176490719465350905573393786572254
21142161195212971226965085858840565388160397554640900216619638316999807313061, 58081233780617385572921871858117404511560785194550255609481378782025430801502
74745233470637977879426148198291255720853594378459333362710991314724121694816, 42993851501388927929903017291264954527812624383184483651247696362688286623144
56246897032430858860591879876963325026192191504853434482401870412354625566770, 56030368659463200070629977283847685667298175788282845823499009429031788964703
64963188404931028300472235511317488924887748274158173521377303775018656732153, 8278811394820542333490159536478596782980207667462050452315312313730389424540
25965451846728819101854353589955004979391124355999096278333509984086514957491, 35566760860327482039924837356864672730422747519169909488179021898950987427924
42151516465965316217086513389327288000852743125235345806496417669762071642784, 33148314345107940397711775545361064106429169947037243942442549849730887333096
16340202995257416059864467981774138930780834158436498559453652685910512953983, 27740680574975304385035303829813693540882501794583410649866859808200416027492
67896972648858191587066957405844625211352063146178399140973568717653637873466, 11058517354374783487512876416280052655101062931812277992538647077836060264982
9990696416124202580186520635189574525569190203345945727731816491266221583985, 52817895991842369247839005140854867021923810802714603186455330396519012899834
9839256273549569017861929284643197074062951912679779467202534817065663629182, 15941207143500081629592441781629874012977972689373485195517165545063583901994
8858872446507185356467102899050051378275569869980141978583893599800026250395, 72634869421786740080835014071338254245973055854253944418939052117777852448858
65186389889149076195717290352826576775717068759653040955327191732729762292323, 904163849884720641185396054167378712529488908565068712871898459074471615128
60521244279837465745693294708484231454585635432993489685999895068529230779429, 40362606514022624749577635422238239967565730506894416129008129581258379297566
6476624766549967336937797086810435091058981001126201395675350949364904878560, 53235905277195254455922662918064708774081713121562873866091035611840757911241
51848512225014694946374594930100503427646337062711343608494892515281264533525, 8897169111545015948381586021295142627075299901852641248321311548147217498413
48226341480399681406575181403276900242485059375088820962179124564970047928346, 67707629072867454562339242021941738810543109557996382413975445297505401072225
65280844810529865989385015011489508460603559913531317885325131195587632479841, 17626848731006404613470624786096988373231564905207834802436761579828267145223
39629088938123034354077707922627347061503615204993020848448954102268360094108, 37347630678535061086052737267483182093065331265523679230355645792287365175757
64263164913704831941535650488090885780338830962516125547603657617823495710936, 36800179993635267663798902444839915386523775158234831660053848949057552556872
53982503494760884414279969287752787428074635184364250521473686296403382545283, 56075017765542015431584145514522735385929784269662098155860971805146044277222
1955113402716635795726730155719747965863724858483800020808106568946032972021, 28051341930650974133593931393436963950631124956490897137567450030373182891401
74726567162114645391427376340444616129797351222526209204566442808102890326816, 74270606286551545048228445523392073103520893650059326631555552074300851798991
73104577012322311740676722996593586424825333466640503429310021707472097602097, 50832136294169670300831323142882535505838858263375251445885894775204214156098
19325355967105147381236732410991357396766510992765206178858356915351689565018, 69645213242090624158475268130951245511501081220548079771216821314254292465160
44629255709882082882047081863554343426478711262630241869824372343480791429045, 31144705650015787338022612868353728386211042163983183334311283146984033917542
10158389517901758773196430322331386623484314270926319084907695081440754270674, 55992256742587395249735984615027767053088587329556722321889173743756654910297
52865203121905286855348511841022346946695705426429606801105510197187093284413, 76192423745902841238935852399649617412815350126234697893723010538492585622330
8320659956426904947332748749996752841455662491222130013702719532400237351477, 42022365288830732365159194527187838517480564244033493853835881904731640062914
63043361323830865772433637394222916208614831037620873344446998661812888713692, 61533297694972206142294968360132811100965111092219157694866023584656417153692
71631126497218944037809052487146652938421503638038452498935125629677481166439, 67059801929595193586733062215571701113631018226223915870744306288847891808261
30971305450361836639441371982193667865166166339758770234467415574863471835811, 47358615524898526976886446689174790099590163059485162814896962760657632244005
5717585029686674672460033476102047211607036925964553193756953809046071580267, 7861514796761171545856610761367784926132977983542256578773205817796069608481
74151680265585051826069766292272303071177067989854468505383034325026570361881, 14082922596518469362387278565994956401783521497128684912715389337008728153144
40164566553793183496152096619383385095930114560729353250118272929234131844080, 64276547805307439309329807340945706422246429939232215685274200006898706792938
46695026722943215070661507539607090879397705986281952390998767834025193183073, 25266927752961047828722227018173056294243863207714852742302507153952077526780
16392692631570030553663092058882836620898649729654786760016036662058142012456, 27277099535337273700992792700215080173081531546688947410228198188556244545409
13811789135546275436539586224912645870822186412710185982449160616926875733408, 23389294258708246271685997619157245256839546419918084149345747821599612604465
23401824917336072008615637425972030882536197432297234910156749990009984791419, 16896814524758515581423593034944854490606183171910797170490826638782213240117
24880287934720124926694871441555861213193861682625308724815643905018715397370, 73974484642474275429037868095540289285215367028272596484921116445525536452005
21011964921968038121794543573693082007450642707109796437558706857006373224094, 71440943748468638136315718959486001699705356530410613593219641658875782978987
67169512162356602128972734545492903110615766811437248543037305634123960529088, 37544816108846895812467190721956263340895763770868113680958491042119621439078
30065953506167603317287419907699311554528388943164917664274192943831957963129, 30809516919563603119608922098682508695674628927909537414270089210993186945002
30041996904314263516832013769965350252187068118812318419950238926634555148928, 2193810517459847377594226370842832259869973673549012870419297749219836328050
41675882529322050694356215729567244283763013493854884894603316343938809462137, 69829592781325848490895081932012977186667511129115372043540374078045915850529
2206036362708554797365173519062600920646246041857490907374709005139172692207, 70944239485144106492634226963669140008020429228660984764437183630204399104866
14174738840302317218327202862157142751915581414151147491661832571317686417764, 3741542825983036291801140140367388153766075421761848996320713730517930129501
36527952184335137779856132715629495520410888667430424300519838269492969959722, 59478254657135145438218933024922657686895345141879906101364052876488950916089
8025711716657613522339854595701290786212823896251682842225558783035406140172, 40596445762431229308399751685468826572687344961006371700082466537505149352301
35439901029131734481127674183617967272335640426115157332146840256429064341927, 68712914554884975264181054631033037398683994219057913995783431187443867762843
18271194996445991000524606861830870030342900145559406255562479175106805923936, 47790680947052416009937272194289959251539972414003250262975153178688366497491
54797965716190437148795238746013874009226624774548868516061987666020033415953, 48797181530858455310392946260243885557605988284916680760700485992780916600158
7677426659409648461699601408222526386809619996815622114528626661752139807327, 53468090861330634922490486165334088502657258796507011290569283171697691795293
19614489914307339356503252157479276418620017250809299345483880574018117655681, 30715275889653843684063414620615803675123153421946208085863317568465045665210
33062287218372405094781483907256594310784191249428134278496818581082668032903, 36953311829282671442673545300610656451461304399103844201619300873305393864318
30354207590213266337437864398936563782929951133714738852486620976105647942624, 46219837901946720234610535275899935922067594026398644489841435517878329292717
4773230006925818638618725944932821371208642779912129729824440442346436575343, 25840412485677086646713205532482282419894770765372192713488801138448478148658
2568835468365050505171822353471387059852078535416338407659072180506163903838, 13501325754825722354132700107140668308283618026232690875508248945924838375773
9927891451176058678200554228273008482878139343267798396837773505614393239283, 62456226494158686160831859187086075764851730321270335603044060734613113698415
29751412445826716366686264669000474933408474267540266414910583047804806349921, 38196717521617921615045547759688321188755216598052096355284687142085785106542
49063960189869072172851632504448033283471838912492730485325115324298899205440, 19587867581491351742318271909742840166501682558806160445437793219072364675988
47711159227716974135247131856509340480564715557103494828730825492988315370473, 531799184254785396259314983878159639266350238563643034549712423821504808742
72836955644707347321816965702459141514243095223667824171863893289037080838680, 1158158349798016848976623025835554032227462759073171196565977415758248113595
27468459879122398621866743308686487425060114537305545844164291949090845798212, 72898503918151005209500203256830049337304926767109369693111755322578411441845
13201844625596874478529315886855035521460624550436483128391628460346152967818, 2352262115196316156479286346990219415544638975382245488225553940202722989195
9761213329118225981886626700189455299000057697824237234456294367392119461247, 47519889008368969776735883164903819093529662173038527777441669263259662462707
65451873985670083439616406284365663653663151010980811078063334833667240974074, 38437144024382770936221998389085997573740541921666272148322508158325322712132
62763928094789001050135253323773439223916284332491724092785792986569133728638, 48643802595115287572844079356578911622541395436033666590385472014268886025639
68113493168123687368210349787724578880145334179914392343634799636657352038953, 18585448546756952303451959543511240036222415813009770715876264801475694839416
51059103487542470452869858920515887968101886839452382939336256256372766598284, 19909391024242446728603210751054452364281218798066226931879248906788679290922
30780572511683675908450822549407469215800831491470069575265996891357265825455, 76251769337041153446692032238495786662883343457683161648562800955402513792688
20572156917830339133350339992776528442752723523114493787545423640122543016644, 57395256230870476894824469773522794422523758186605104647429429255514600333183
3267053766945268567895071091688359242957711845426566838165515277601487401284, 62803936449708679135277243272071173783900842926421052039626170114303126970817
8076056641414182077817434467808621322727997597884869866228452240879228032306, 11112584298046252986303611936203145257470800336462115714849926060818397688069
24491977790005759469336934661935724613331814425768972402517023670356389311379, 75205459969136768876618209482630764082445868638080816728267683780831926003993
68149121157171163636819936104891898760705587413932672555579523065425170487113, 51160420197801909298520957159672763535944942582221935155862722782762400657751
17299387727948220818519975830932678254079707249516964651664720271635763576757, 74677516099570719490536008501487494890055697319842445204440052549845407321983
8019641454281288488699452031665772049766438556908058192970745334927572562992, 37046298202478444853618781268962426903483097263396885051563677010580167397032
8597070714558028299729554074590096846153265200627411166217275348655072257811, 8445047676079848921651977667335609100221220254084572992247936573391253294472
5127106192093839564400918319078709463259287855102954340308288327456093119601, 60106202880725350857149351119073756403575726287654303567597908151177935841562
22433859013482601297522147800457382278495825871521784906446630589478854310871, 17476615572934730538602350969681417460917399706111874171899190381108693263756
13662923182828101778115414039294847829114550925287550271406311883239228225950, 12432199093629646080938253542774710071846604133595799895314898705192094448766
65726199217055266155279926416058675811318646766131800154543484806006853218325, 30073999733471677101865396671894313996955223200265375544975553872867462623559
17701182181082466382510236269749009257799650032623668962270064084840915818096, 72580918557629449932009904459631518839331089062077855571013721669862131619072
27267744852747387205778466214687114598601847663712332621586829260152923861530, 60778200901300458061604817584977323066518943477342336456489233822188457742660
29323746671422695833837930871680474071726840839464713558587455319675734308049, 3599873356847184222472835373510569206012943692324340886900929199968233745007
9753585444115835317229046499443969482181434365726856168295462317986802808338, 2029420549295668601530993730091705458671279525006835762143305581257329443172
7932292078115335354161011125981145784200090994460262471955887600009279308005, 38629184175723146616227530539698091015642904100866652887366599349615837537862
33278497191293994107057038388019249058315710109038142146262185110183772928308, 71329584638373719715136589429135236761287577813270061651640021552674257297651
1102228097891737478216213454070436611418342122989933184981654182464702099113, 19222020591790738146834181796766303593437406052811644682199630918177706191590
75507353481792694709162962241786259409000067569122555524329491128994399498558, 29380955185179150916948339792935413240313283754934635265939907112847771111642
58617790854833998407844887896554440260710163483180019407423579851830537046451, 1926837608102418373907448979976743340971204133902859121325647460782072446708
18084150648595418443043988366614399727340242955811218741671884113790199422210, 39300051497976753969575353313726418106490182868882445999158990355083103215987
65662352591731955910718270856375952510176654225138056863560487301332302662613, 8954005349637231153302134559913852145881182955548804299579513269943191965825
62044938104348214099189556719889939273674319241821286171090991943064716047898, 51642998836422754407004244797355219105885029040605881271373176227403211362051
65382513737788681448133199350479890615980108464935390186135505374472652596745, 70435395071808000976457450412477406525785511570346913310923519341376558516285
12430411878211336259293153855948487628447999334599254770104524837201169702043, 13973912917398404326912821446826401100218716328688088259565528343722592268893
40933884687484567421626429706328690678919671925653766963854015684414388992454, 8196490257847207254573670285975958526107282423775753509202260613912956788067
70931911770784870012010174274530385842550083102996143962361789142321769653299, 12147184511989780273982417829721092892025738173846828540130998173852268970780
4921425422074486890983402415387431789694372047076802928616770792107090997205, 65773485560394530143984546832460252858179593789244703118777479231716337725475
11494368414278069842997615311388767932228799653316218021953231430171065537561, 66243859158624704500609354775661178953365868851091531678012813826481116903065
36031158455525305992018205174856410757321870100200225805831956083475998991630, 29423406433328891077589492945897420174503398007894193736411366143826586540346
32173824852238535535179805662333400409328564687211205993967888602089008637234, 56832904448662395103600539435797419312616636054363303204822572917352515235948
5565707388373872702493557299269592499124944109648171126538937153808570035306, 31113534883693765493738696688026741150579640115405953628409363023245794957372
52480372526698956059679156750865269993819744347328656263534234907529817347714, 72217743871131613284226914479967645508447047939343380364573365000295334192418
19362395521638957387760937068109743744217458128951678332973972662520632742899, 59410671685269240546829572884281786877414448598805507480971083285032973971937
47362355356171647559030525225793122298511231862916895597860789786656394494969, 2613637126280395349433670552905931388549249089492886812765812652178649839079
18500416852342718325257742145617871053202740866818997095925892405111149520351, 16620658424272638469774816573359078234159289783335100568947480918374380905804
48518380549221878194799974637494140829370006869495237584444934807493401624110, 74346318380457896086444450674935228486714125553483296017544138408180021253319
39809673720151026594883912840059857269226968055459558934997049129782080703685, 65913174551392552621023680885462776860838447758452601554405429511263522901022
41144751320668893213509175195572023744156815302714869946346382784175661276332, 41538015450099253249089493247368735978734513793953147549974970758975666719810
26670776584186528674264056828054824212443110176043226369735263613224553699015, 32818385559904841934740085090000672535635852791923321509958281974698963950539
42712613727251024233246062164370104681233560855692779733460306260517738966345, 35129538315309930482964365878829437138473540135294855491494869992277909942983
64440702490528080013581933000049770379202147429806804126754356737122416668057, 39029273489384160938126597714163723047908479387398251394487429807658643921764
75830018276567215537098028058405435968645988875336767355257234907626305103708, 12561772591810763359970995671670978888145041123469586288159430993616104622036
57098534752560008398684406297482492568720777760296094738571969650031127702446, 28576312734175560021596819131036890404397283336422894225586388265626983377701
46751055998287866024227842025419567195880885844221931753556295779588467614980, 51206807783312801170936698079896388995572665255812292129827721353467278479242
21391609897313528076090821753523573292503053918449672529841725768886378844083, 48349052517921221934791318072336336055020548469420959793037326174584188283432
49445810424930993268649013369663450873338793816920195864406303396177244423971, 59159265996387111293644147212355853886399739809417023677923913561981641854755
28195485658540538707900867747259014469216940208771801907778191946897608467759, 55420605801695486126663964578401224200901119437818121401628503485490625942161
54072878823265812190202752318918617380847706240516495651390277343391515497132, 28546265733972205039758827549239031211712440821479098783412103614411289429934
5514729355980691097227446544294621704637936143937689040259899303726854773937, 3567831488557503799060094318178208011027102260682848030809167173518279411728
18632434370592144453960189331765975664191826510604497225030865817274688348965, 75283397661224038043460644783103704664228969881867247525057039761148790495143
452395520585152463515065632607107896518999138213632133745535630046441377417, 52280627207023059880835679524228444546588912678240024405574424340335756272606
70736236708551115009040973202050366342666091348159847806071074990860120598246, 49539111575265074205431151401210066302254621708042158703125211987324436100958
67729716780276384224596429266304615622001862955688513475421723007002912826100, 35942611185546720861796190072274409114215771095533229182999672427861450189056
27899694883640949660235745280694590746587608578817612199473708761223215051476, 55810295194608931572536282422775493988887287150995474851363631085075304674630
27177308741011462763148363974836706498910069140946843880870528134004186773749, 22346833626232874689248541242145471707509402917897087672430172925642527916213
75023141012260512726624789382827028121322448247170700939854460462640453857989, 66027968561610418858864498565951953399421447520741389292603212572463986146058
11837762793735841652437045534770574574609322030260805272318471175158875250281, 72962732584251205595257313313736900685347300305097708213718652915865329145113
59219669050182368132335989915456135014857135876842878184171217380028278588023, 20675920841681848402838154752944121154493960433195616704440559990871156998598
68618865430774751185476205852110042978337017377679633572487657303743381985520, 39016938034197957847885796922828452855370743496102676052185802220661382640199
28416771834878152170240228795682082183411337190934661419563627810419063623120, 45439225736284191243327962165952751240425482379906282219744124797985041313886
56031898959811321727656388205584155404732612176906587750990351540484310517108, 53231485912083720657423146379335775390104080178923904614211283454439794369798
16982507598342839342933361578970479664153326388365577879154050511162085841660, 30062797183663860563814135068083604924508558847002899576337212750271637191451
18114607408550574824923033553803492562607390060638783452617918682292176594366, 38110874142624157683651928986254328867151333175736667149610246078136273488943
53235947222766315424450681723480014970776754426052935380573679146863836288756, 5077182314410747632289604210323463700683836591479726951359594808987628074689
49004947718358607916540083608858758327592480079645743264846214335390368596526, 58655806042115334557842298260663846524239532341996080199422179720092982048431
13960215565341639370981719423350226711510988661201092741808349020688877479874, 32793640993635455013045909684775396865023898087304741628187583156300044174195
49896151097386954513364275456411205963656207256194481930762887921244747444233, 29690272567102086158301304023559262593676480967596195561354953740575740635676
38985638814251874362659522448457225140703676159294700461765975456493375167411, 61313464055004786565612136569901857650823395867357144046694846577131652760051
46799564974116698512270616054208528408518336512441206039768291413833560636538, 12534384380915626356649960600520920646384114348825624465427880213502861025994
55549073020530878928379289201587640136178170481659608936092864804794078163417, 32847218111599254887168466937921226584602184698081600744389454215811659523405
1497972607970324991251842195221068373999359323588986239725790247627935746430, 74687872716593005821274429129396565881776640046666665690470214641425383555704
12194093256998741962795275094143995236851053256216573519513600721084679144928, 52427982157774758071523159781995019016598038096191644687603727258944844149064
60409320362703520177859351840020281988409661014394919540272567750574880576793, 18569160748191458773468897495483445454095970981688472230173490630547495567947
20361946038638272234891562121082452935992473613995692913329133345796598081002, 23235231753186214014861294952876302275886437723098523331839928030163669216567
3145381439099749316276682802916108156085372125112734398863397711177289416778, 49974748326780593149083683166834819335351127458248437461478276992728454642535
46257260803155350243942335215937882613538444156493955289675953099948463904283, 8564603038031641092761171016189491168842118903870303441193005350605841488360
16413590281035608210380644799796087567708851766701135572931900849148521975668, 8125075258167376451569339117843632353266836297296968541937353070163728229570
43052179915786833468333063749291921333262506057955685897890403517872322502497, 24534384804014181823312029606942824528046210804570857683331228277751931393936
50768158330016282798378757752259097481636103929420563306165532314964365519397, 35663406774929593455460325491635755033287384101012906936195282744428629470248
42803503076648405954414567862178207335628362449890941897832933269003432497893, 2102114742015453985724123664856560200248556507307154909233949176240865449568
62173548212569556904174018762120494547827342237764767056270180055772065218693, 44527271477438195909362077574458726488205980334205641772633556135291867498319
20415313818987796812682266620645915152774270566846227070837874136176785007730, 43356869326947373430874914607762560475254581308691680427388851839602084396674
68521708070701303560372592367777126450702601904523830396766767702211546645182, 1054181908354990184339886641658695525286562045105950684224059366317979959896
6740706930261308052632510749696872187018460473239331912060778372962300369641, 27644783442949492529453150223540297296149531277711542574241610794665147523100
63356954035884480607815603505540722701401752569105035359914975666683936146939, 2473413773180280610523138266651818904740836068018589485290832695065900830346
25383331026666915185957137306932057557521512924384681108956265718728889411377, 41753236700082022586571845681053866010425957010753488955540455104853536818714
1462845940948409937158647928174852367455825192730284746073197613273654884505, 68058542946760519234203136868849212413745202884056309477845288870319424370727
14058060030426115228312233164308746859694203765817645758454722195245647037757, 3084048197024218723666005867146805707867853570281776368000788701482065199892
62106547097079746930810315291371011533025871645139323926234283445405500822225, 53334150084881855916253108250145179855823843854864432249990066719910804355823
50411383643936653023477441983855463165033098660642664261070738113406744561116, 25719737903530123133043076395472510913797988519125051697106366301996158359136
25920153569024312935966797957808950886630524537452744385486557613773770649833, 3703521855741854853627575649081822183881453570781206564051054838972835240250
35072258433785302277217735328249853063801740505479066276650986864738940709175, 24117296442950314339583456862524595316268666468576337762797429491226065406167
114759575109130942657891341085735884523540610951449358185261520387627807613, 14418864208744145800662630205348157942081929667747828086105980498892678522377
33112094521080366020454708669265593992963739702950200456867345602099247198291, 74811956490643179359479636782679174271460180607478652538776464604737090104515
59126880268819339664146836282404991498707234065332619923231847063745627484145, 71270203408543069677635089014143964038814259220177952499807009911626400012624
38856614042080465727715234544370294777824872134403669108822361872528438807073, 44763496079884898395733063520793423862251695856964824217894599151630259892621
11041739574494889715659947910105194698520013399539009738597311078052221724669, 10552151076912907667331413984885424137983410218048340750009350821021278457493
72391556289699020858825033238743995286279794924598230370631771158035809495215, 73554957103801122624785320244365681919570300067506784457734388836464866819619
24842434821975202637747045542051569688797991991324016448509036886510593350049, 8416224694904669346976564554403709501487476268014297861556584042925966360217
75113366879374726912739406261301234098682803456839883898840699215149578574863, 69597042671568421432095997967906553389485237226084553597896979948962408473704
22259756078754329016961301686212448284838681980579104429123297167879138765852, 69502056750810329016402666053744973719146070020230109145646380083672472192135
37064623435452360755502596298611388723145125826279051224214565297575514945517, 23737509418815545475569507790436051095156856334377732708498863232867503915521
41385434731066854491113018995880740802272335164280217517219549016436732296654, 11658915370473096561099816922048683238698979236791575270083929385702410312387
33329419763558789959785590292511020877614541152257180859431232705883003538490, 5891399524477654117073489535019824449739079579487714168215003089922709825900
20327191584661315249899001494463523571466710859000632184314207668792658751522, 66450847822721117660248706677755115471475945133135711644489084207074189691873
5985292235005170394132928206903619684142409920137863448399050630302020010240, 30446481807529906124097783109432907524976801875880747221112076455753425962982
41940979213920424518909234651297960800341457755123310502166619660058607097333, 33648170802761962434121830553217519294010391672639503951933657166198789729002
884046582777877812282032222541474189508123732615217644874397499579414297392, 74553655806520708358711036801940332223657897924192004891348473343736868908040
42528322390689682789000663729986629399478159245319122011275377206203531596107, 76369543876276708204680990667580695320648266991349858022022616616275323277485
73327506331725915742752739006408514734542277826348408475189497115622111710134, 75473300845536735817173855363265777293215215451855147942503173183229538188583
39914932758526550741475083983054599126428929101503535101542059703683743178584, 11236004667727779087875046618708587752305892951084023230416434448837791182220
21144757309704845300896481487264801894065450256515088804109328468048262988211, 9212114989857062545068300285826668915230528686744549390613950698641131440906
19160099751012057909209097920370969282121100115624697942631077773767058502050, 47943451743344032377165505842454179762030074701214838443379675707433440371964
5698758276443570274611539773350434594770098196586121410311115161682154676578, 75912399034175898201015852319210498282893149714129519701180964736614030769819
36235624905544550663233890882107310408368973200012094416376731704516565365829, 26417280478823125646555653247779820631680608893207803256266619332469884374523
35428219990526242755725441156887241406549638131413502687400206712836432265663, 76175262172895810604972825458232978432498415544588322370563949728592124266729
10125904371835192286645414150571269970186236770886805398416657795955209196763, 40859687763593096591812266868912072083451779005737380900140219259866970322774
17139615131442473537576289584830544652411060690278207028254464936055002601756, 37576682659999811611325066885871944548675197971764525333965966890808211314578
38443927057368001090677156442862680984048327094834800696003828752557919778902, 44863931137588781882578352373013524660335780312819080104216953611882496170928
71089075407014717421072071409326333692728539642263638726711926837623121094267, 58591294957940969376449372775229640671890623719345229982167008369811372844817
14146654621319566833222193369988882644762782752955757117888062638287676807935, 2102995930625745189875894727251636107372616606902349243589891245346639648186
38061822312852624560171636769253912756030664428589081474703882272287813859341, 47307144611945401979816812139400191466272855375657236160684301501006716357706
57075006451273520031694003693922728358693361471499169864480355810135298224057, 53987080562677307211705620157558147477349982416234139740152078048433559583554
51992129304545070236623661189130757710446184428255075390359247676347274650502, 66382902918796340964186141929430898587309958290488664848255038285400120240673
37652650012685622686239056780320898854632871156151700770443031446064206998011, 48044315898244100091533690498509190473982921542946824094739510322640958800085
18808752023541398213165781124095597597814158558871989057884647240989890689679, 67055805684438941111526875178602027738130367553705806746874945058171570289575
8420477452944743647365533335038665643143520270284404066340304265666655900806, 6460580232595612729481531272450434630154256454302790853247858416705623948038
66527850981340413084743032209025400670490713522653874762414433621031616705251, 61217490998383646379733599780683778624497907113007114218002246581662691137110
44889871961709694350197483064534276948650225288548647406086983106870197435899, 56288842805180032683101691856745443252151986154437737199040706350161811135638
34376222123990503283232432135972930233045768892872838664836528392814593886227, 36079782098805372108884253541486159808821986641473113620582079604971759719261
65922238487502874838593965170777085685464490239047878732859696459571691791367, 24749620779072226817578596967234152328663296611969118273986078852611330283045
58710089023172417641204104503651707505483089980287154048838374765059178803807, 8191905030965279866193254894273939894538447789141318460385957215753990974360
41514784395456800389310361481574429325713485606689547065667946416173294305271, 29527505150459287641991483742808712677659578132345776906608465204853497462839
72484023384684742014395977153913980703075792359054684616036617759311873860991, 22958986447624958904315544357030170394861362162916855278191465397591275051264
18333482299093905361644921234577191096944047753022055775055923949534879770708, 39581059380462686829726843495043582070032020940108807085686382711387565100596
14974989463488713670028446409521426776685474727883502557216208172883554048762, 68380027809652100260888564655472882983658830835328493112728844123147216421091
15987279006633908054095318826758719512689915178352311561836204840458465124676, 237958084351852173316574145629647476733781968303682220088949498389877200358
43533038955194321928901806923842009132544045851207384694813169043513590084015, 45710679049126654800472242079366355369312707078938822045862880407394948257610
13738114310775564560324204652135395086993315593520680508361716686939638138682, 69079959246235450095027129324595176211555681078340503569559438375433739270488
76417924991519843981855896873858678795719279543193914432528799769920507963824, 32866558328448956261154760758194802538090745150294957063278545804238065320566
28424288361010139946595009321992764736157994999578936665860502278949673724393, 41051161521319642981795718198176611665435029501894256309729725050771844160641
48978347207709596845909198702364257864233823855696001388447243302189773505650, 63537037281851647181236183180949844834861523867649856324828601282377859545674
60183632955266926169903069267183144432325249992216447151099542389038423559145, 41441794788647725761786876209221051653481805683447048192780335406484397177826
42089445951301170803085684183394225298897044342551060640621330823142793046589, 9590638711037328061668727113033173458183338798762296154543682511703253686201
34470804126424154549940026233278765930712810167287063720861128792099769298169, 49568336697210700954506958686916228691358899410797115516437216872819818864928
90901607343478914853770353645216457601137299783586122228120371032294314461, 23640374213568979104866757401225434995725292203657255759805445917381342950890
31619695945322886766420202004449995864396251596299565964825326371404138008422, 37496758321507508755917947597687458277389109044725139399229019414125401422831
26534179838184077159026756803893968063972553919449242103043500074576469043240, 27670409085015178483158796868598174813427571491355947704962955418674287783632
23981837648474871458943832902632940059165170196395982380397943438477500414097, 22092488016584591767138317393323863537301431951944782122008533664166914641204
51443029445122406305412257074886069814546927792658430030635770310399956507705, 11296677891838336217047335919487371568896844420569059847085140561752870254717
3083108301934035632781212476928122470089768367570004722576413698552292789088, 20502687454290257783744623828472731954577802007160150674141312637221699307147
47940967358870112405615708221557243861374736580867049586141508794914151377429, 62794499458506958069608582970084836720018763666398408982442006325272640379638
57381348576983882800757570492038813167268179575292239057626593458567076317983, 27185046771618809456951479275030461887521043788287899054658607261070158193849
73369693773148355171863340312532996287639483054798674533026609939397200394715, 7619385323561733633851452802748810262363249891639684235926181283163654488588
37723667587498412015577845541010876035824312884772591430984731092826466723358, 17155680609460128152891552337374211838289443726289419456971787138436379099877
36132192626162181831957711620499094010497830758947477313436160894191802377105, 1121519821565721166395828209976192715629959977083867514181601425912756404428
19440629789892656296664668243015001316912646371747895606097068181767446338322, 66489198139742180355393753221957676670649070529061588605662259884139023985028
63365163933644727751791778889356296378620956425226524948030440735047197632272, 38242504561642057709304399747576928731918495486627312041827122532469199823282
59241332804287908806131358840510487259186931837274921362447290828133335772943, 5316482524365571386023727692164804533525274108639985866367234677899105128545
12930503284268398432550703858572750858857047495819315984894605555817235653730, 72573455235780959488341002763870469549332109251461556613513805757451879331301
14036768754029639582241185892601436401405412162182136469635244467763654865214, 38036036634520453681132608202516215187112641784185063059417748821887242005734
21222740328993077584988180059379520267591132372856324218426843827235018852776, 52758492058435633137875645407196531299908204530356738005679135739867022754701
19718102421050051585098850435685600589684932968642289655788476974408574166726, 50614337952950972244020926042929719591242150022230780674625439500955065655291
72633653975436433714156408389080578141928736278075614314042339799868913666589, 40133451838516498640560269210562429476692963402486943435378398228990772340701
68711022185370535339493484138397718891210890865800939605952950956931531973393, 6147471546481683472118751383840926760521874190443287521712727145440723129077
3881321794180044588434297149386013166743419845623292250776069224936954807355, 60446225605774711510749819319111825741298379609140975962862244781713128491435
10172008507351248521299164213194829070293965989377325722233830137021954458267, 53054947985643095962903892711524508698887433802814174618187424150020423392502
49622100796802466811856693372332762215684260053701135867274818048637234030115, 67879441848704127145531734202702972469343702679870297173002263435884195129936
75328129087538189851116863346314544683882176163683155276927910537552464533484, 24039640249360111021091496414565379361485085832588214914784456828883662832106
64020961455858014481682087940467248655558312974822223379156677942849465279026, 44387906647622558873606764426712840113861740305392708428643663662224046255137
62422513977934375845403258691269772066734637113838923375229714480325703960607, 30268038759717426774986707180188031737675036055883503603757836096756580442561
59768269064396689011925285737994783939693048425947349823346573842177934557269, 44536659513471438326271040537198179065093650198238085147251338743161652644160
67425937642207834096113944531789362940945000719331114013518636416989826459091, 30180839095001866242947441658983387061043728064087727356886879608733381633713
24013391638142860519922965339786662663781881400580364143866701708746718868230, 44243063732815005956345040764970539476629305689599438638988527421960500704801
48153608165665231228280566196254503266006917445004184217411365643252883682588, 18559927346529436050667322883859119200641315820231477056238158950129336590114
25373028349709023459490568676929924748755113743793618608185221597079214202795, 5977009771907507910216954912261445338331054168998724547589915600914446043925
18294784498706511856194066010846949772972976971903076176402681237516365568372, 52830806882949968826530061174540336067449690846690159510063843460314461519433
71839675624917530460438805194164635039001055567771441054434969739751611992468, 26573925136062984713444539483032982561057724673117992887794065245605213952360
73983861092479842509639957504916074258529561734291289971306697977893831380763, 6583611460325169928290624269297573048196753412337260756259882706970402271051
71139922338127017780919487061454201864864516742395797673238252602684995731604, 27270463887681289556056784275958748141993255888722832301570665370759377286742
9494002252237589176767041828360610692930878158537172087516956525800388318377, 73655385061615693949437332570405917248345992806023962370050915160531518088349
31514437199341091826374566431472719398353174399481067480748819705194309980046, 44810976303200228945306273583070644142440358927711227158145153568140078137351
18734011575448195270187886010151602133670739777862807614317082944299345431120, 24218283320929314340433161716571787322444455714260633680702684824354041039206
19519245110161375399840667838163706353560189238750915173057300002959194898654, 36774103258845054206180532726486860948177844059580376624138561852535357461976
47487582776275859368318675302313845077461512253896344031133047739570126921057, 9247366994183942177291896337818277984772523134704940318365152307749504374140
22889240246960680098612376142311485173444399447848745535100613633208269273395, 4425802633673462694050044676672561615053226872644188134849241358823577780030
23833940587025680963017513350476550054505984000433108178669720217605852871352, 54254956586408936635845098542021558483060535209730804647299812501331928251883
4847725624140958566519424923376533717110272899852698583379489478207373411210, 31628816050890004720709525732518790309062061791501791089377745422483603607159
57776952024101576367480423043723131569634262697427845205572608297834388880630, 12332136911504223197832033694244271682244442360796702383627782667529506960640
38269710556454460738603884806455488655261434130977019943314688550384079268012, 17317218922466952899128692511696789905863830380125950411846926962527722751770
17344493739233599263668829985917943094203097124831412275435262689184178690400, 35344687796468356611137833309608558759904893141509112918191876495791011018029
14349195692745661821055370614252107359537137559424498963906321273491766473896, 2158677796134823500637589394610714991033033020849453912198328508680240534799
11128837792997801095143078800188394188533937766721328800881033359688794774030, 74688055901147602309347782549004747657533379961513722421142361608020920183506
67632811407940839899070220229766421575819862386980247776526163266412800875180, 71432299750095220305827716882128436596193001990106837838237483147350949168009
35790909011937558868181803619799076317997220767060224489382179896787455682930, 260006939806348454846156365895284446334203032294484625529529628442947504213
47367281100637829252858118275922386391295818462779023250182273662029096375115, 42527603974567532383453620200355896130299342580312756925608851136213737734573
46360493367880448710143924171082239808166806650482454404701929970846603603364, 2196196675150848743143435270636824150467478929470879328745552831740137660631
38693661652147161904794790436570481844555285846502805204414024914913255439602, 67917324178704240553835577002065642053805428556025051116894690046250384175349
47168509328649021585772443360737546369551022225515849486992559322282007603522, 15867326321090518405661887405022227115426854290280248312698726340011106360802
1552062041786306474399704102787611274733778449470506230761837848558699753607, 22717382545197011726821755213521043158116537254960430006707530141577230058945
23688193165090558018913080918073283165617395021194792250314774072070819710682, 55780988054494881102982125956992178525278819292855097276115297833325547995907
35717096020818666856772985237870338972721310182192155850630248985168834209649, 75024760330618587647357862049601176742150254948466602485111932495019047308363
3064403126903210465540824598320479431036441712111528498862402096360787197501, 56061076598172505273676545872470299936341565894437918592128046462639128797497
72368423500251913336248350602655552990417339726972723850980066827276604047062, 7442210508060108230092182395020228071975807632914837638813733788485974466185
3661525538397127138460441050661242231361199531428406818427582063676891341017, 49265598209336316727949522718913916553441888218773019314430905641234378529399
40500602764324611681944409423609633109601538983395894188808742067144926482665, 4041247411910597894524995361081747427919281454378582043502678995853726232010
54561140860977261167728795487400849601543037328937447488166601789583448505151, 43202794616220293976300907437056088428508251768298330171559283207313498343658
54685117743432164769491868560419832713539292929820200084439438690039227894070, 28979083110416548669070123870026035010121481894206944008437684325245300428660
51699325523360566272073677292441173292621435795893591133494506033268641999756, 42863870335822720382829512596401245638768660797945756721029651650344733105680
48589853995609325412870389679583798729693667821635794868106399285115337155199, 19319513378464295078983357924202871143378140373142459205904922199228958762729
26495864447230494026617464686763906611228267176261378009653891589716486437155, 44240423634625504297185510217841993255104460176565326321317549085053217466513
20112979743607288112897720947678147200480021790089631092131638597778714434210, 58432708094309590141723329303736952167529988290947848172963158852783095468083
75310189968483474712494066313097354385685199654504908654153161445436652831966, 21261371361051502676203853343742566602471500470708989467062027977109418121596
10137863619008162503357322742021834628379168717845460051186922289204735139318, 73039175030046050172598158291010901526048921688397646479667138936757372716239
69049450653766737150850075374847019336575314389337467042190318959696436742135, 73576385777000573144653774647824918286356034776942110449246962598051356010263
22792213449860614888426044397387877192631006261400031258650790908035443200703, 3184948028001643641951398953826879573155125833176538398385838058586457264502
67038772756118397488991149518377108117435864916386298127695211709870326058763, 67826778718281573059890990963517777277241771674960657267216847632719446482422
73037074721809708791654314995334679764374390692650980370687258536962302952587, 27072637990107058894071964823440856793054091360974647473583289328333542319323
13736830643844408582237035250402339784544103090565771247733983681942596139624, 33858827336936464492438540376122845795032156463006824141076008180133721481851
1071999639070118319422390450702876175498054290646193054867560386349061431790, 10502847290285463517004879204844435606139212122377943094604269104996699947032
3811535601115929982629938108033457749445633389241097264093062714483794408458, 24558159891083716839078973962717816101722708006633570851787982104562271249188
73270348456710675332551401002836117830895226172161258026968337513218295425432, 49284945643268866669556094314477726748769055096887710598268800619197960569712
51767605015634685398861781114073058810929913217879891486751846398528799512526, 50911891578405330204560210251689325441949163833464751827266908738529683289812
25598276445879199361333146689739263283059031738406086302953793412171720794756, 75367429622717427733153164474364107705652894938728332207870371458932569687652
73094116804230869412123325490786962292723642589613371913410387893561837141160, 345167350080473626210261039110085888530550539217301992777861855078444311741
64217737014108154946299293273121163993461687790240272302810597561854094549636, 2816935416880505197011367859321555013679657243509253811521219134001531860982
49662194785829067440309692699115174874534690369502348975613506397583493723190, 44710707061248525352059100437482139471721078248718882045440926429252608363808
60672093400251802038699710482902187679641867726139625814462644129222334815319, 74867042174096052930806417522364687172607126971342799941122677108850469459969
70692006665256078532856657333901614464106707585364535034791595113640865928879, 58763701755440579512320316301168792928743076463764135547404185046271047916518
4836364082236295415494573976817246039368828045867119321346824628105569020703, 12505902889653459997068022602625189823114966650587758473632774959560430717727
21627885032299288412549173890286819811894080560193294376785923251932806037283, 70493636139512638293686109823361393084561048840610364690046234997548571515475
23737764996680963797787814724784393346941809679866862860710175008985175178743, 25844964872982387650890333128007613461536568835959798150309287429752286255522
23179456806371108079485600536966437335179874505793778781849626583315229988299, 49463835496216741906532217120424350108623199365388990668661833998830009809898
75114775866279919268714881966428889557109385570741943757316836266178714219597, 38040734335480060787308296939665131336045474780125387067093165155739797781763
6559916990113066595680284008746309891709783374827074984701392854251922785491, 1219562898900594489437671787279747358632476999525321335136326105798432734114
61893853710029920383599540295158756554173732658753904024064975507737990580360, 67572567020374660972837821681116098047426095432521564797916931803691222479540
29952958443443919911702160337859058577481297451479085759327571779021585392950, 71372428732566693938437672621831079609183216708556926844828248549345681467001
70266829292750130320707700983361911587024350817644186203876910788012142590213, 33112382638610897248577518755186781082100916654951849260826698614215900161027
62630681237995205420950919265892279759458271535239208177949076491937323587487, 55060417988807958788410847823763618803236198047483136480866262609528320633600
54129580660826149781539936900115795328957163664514307878068980378286457529885, 54826017270665344426921055148608013929368398960099381736510260685936438332476
76705729840955232851810607508784242015255738441931813468092341459537923692942, 35229179723642852818371249236553086536026256009912607666896351157032113528903
30023237731928973705820862290158431204161916749195392221215734580402039695147, 27363264306698512470966733498628254297720166325508115236483115602759257704654
11922149839551716142947735543469881877627516522943008093205436316016601578816, 22296618083537402539843587914374866985392586648760558201570397237540276125995
67414356888113095737549367470514162884192906642336950013247620318074282796117, 73043212014505570849918913225673211565562202207919687664043757767796943380570
15451726528685288877954493857711280934100588917701545881160332494891061247495, 41418692966935747315467660160722288229829292978875114931144578043236032272194
27462507681164455114712091975196765833736095195407971357642267006238712871504, 73346879600115082387743724196455487736066814039546587803275875679207489343155
69769108091877627096395329158215177618282219995433532302408912247933570704739, 40201123702867528840754070874355041218655427277901878265648424161298214658867
39478417322664615487691605634199110320020988589833193915740609099973603587855, 58928772895547835847396992147793279225817300913065379587092028847320544172355
43175993282232217465269479022833837025659403648490938581485465592934803675942, 9484321051013496886340565710166017831361945759795141889402776164107127876743
64186678393750576276047614769263192701183387699211445936686915647148619225629, 64181877709455792441711368416563816709830293761461288701067686378675599247891
1958881404754701868223040009234673855641381613942988229312514506075609084015, 2879047134144216337762246368669430312715353600700355482590030632084779592121
71069968959287661020510197063339081386694189576240398166519553402909957132189, 55348990890934004819504704420665709173290318488396889773227325737040080098490
63859092927529986042043278351826764727127897429101072171305961539980191349040, 33223530978337419541928076910702899307557234723875543324140999692390825317527
49168025088475392801420902852524002433817294674257185304710289216872535792829, 50667309687620078403337485321496905978925690187737450816144171407432737866976
36097490915548998732999091622752083183220830014388023849119367079710218952986, 3486296356480557129433748832516218758340708524214991706435981865955049397113
73488354204462114286093495300193491038746254212524086715247263389376039179182, 31389740231741186341113956791317541849179149460154412464126758304251362868935
59955261398030652189578201652057148070569194721753005553180975923562052900088, 37919826002934298720005957963216008715940001017160924762854197133169022875792
74645912271152235402150853367135108986130014269707316295278972752741735680377, 58475198120031693908794246116408011259947065757957726791663156567495433326754
1406384188762544499920614405438964099173956018095322580652172363176349089792, 36070654445628206011396440334653882544186083162818810804846178298469492217534
72108152464542350424977229257151730661724241495248481992900745278956898438643, 17690539758715221090813373378901883945276164703023630452111942143971530380426
3687639440102258126558099960301846316506073151490428962672140795058845166426, 38480830328237359650993380374882232219016547763768008282832023769300117177587
23262750551531307962305855787724531349748231680223172400681431601076662716500, 71511514251649440415888390381182204134745582413004802445059772405942201386774
13369046952441535238338080877661162086388217852983880645887265399632815789261, 54403900870732474116147017792732747324915725720209071459106081250500940261866
8539575428549039030832705316194546980288494038598226233802504106681168115361, 27899758492423824788713021576183175180449304485156853067690853011267501665775
15544578968756179737766329321741966072891929340394295942471532293524110630470, 1329531204017410960871268906054458359565169650943510693409016577135466805267
64383724589863756951407106569612423640229791813398919438020548254687045064370, 47873897450267894718239692189522495607442858091454226205521208020180132668796
24995813223395905535991371604216247284428282910857451141703956861550735359156, 54321072769805783926909640351526745059355988719303759396123675775714849189287
55194145237749394474901046619045115300073853757855883289930911686720933560053, 4033424413017102481385921319846105703839688108677285000603695393590421414027
53357791050196881356372811466996941960320181965456718311573849153101907965900, 62989095668566509594123714659483964690002739971495450421400566653009494196947
14149610869937969390454990571866433185402400512832127401443873663669611816342, 4904939900462910509682264327668753114851407140378305354748425153109443726849
5209362458265205726341220696475015601643917545488790720740873876034703053636, 56504320114722190740993399322252440922140290147216653337471355227356805408402
64499344850764178649047222550200176237691382999822589802853657821593800698419, 17977993827314102204195894709636145649185332279371163113087250168794658486110
52104633904346320243252753903709439977777761130802484103711184013860693637330, 17189450756487131572408283664964956197062667957906305060081586565488612907398
15087791631090232721312283681445227484980289002751259041886507090087799144574, 65684503833936771886411383418914096805054839455514220564658409870923925421266
44002368017017990860883990056273593351268044428744833897381706830485677051308, 72946452395489415803038773525646605108904747319083777985163279342537279801963
7351337294407100744812237535443987941743898114147513475004630192689917870067, 54329596360012331040300185834003016636436866515664070647082025762757330173127
36722308743779184369379760842526659734630875931294121339360094596377183256310, 16322100215249379490262917644130654266224947223749728459738703335435330761448
58020355797713632501635057731286326759932341836100541919885848198484823854215, 15351404387988956907701466273016683640714522464458435947683283350095999050103
76230238617024885809392105673984277108005223147176093604270980662588940124243, 70195556722722073118039672907082830851176278280469539814131064319263870570551
16968789011268255588052326104266405586405277138862372662497644200730126323182, 5391774556335980378035519091872054786114802272845237688725931361650412776994
33550465812947300611911449723799830623214783482493806699507209996405414835413, 15169858067735305711156096350822878671385900352502958095073721833064370504730
21327675250306773950486391983624319076041388655590719762270138432349690967709, 6136787631308739778711262087981021996546515254052535142100040906391050249412
32462681482136475515876237644701143623660310131592297097230185961058323078930, 56118101295542174985000771703432244142094904310266526421959294241432470263542
63350126635938296394609145479992155780069964465122554777949463318544708247818, 24885821201272337931447555215699514018208184432231340367637291901699267288419
17410531688191114996995425028688687563350641523773022453560085122064560482595, 35349709242699302793785587629422828252881624160910801679458672956031437059627
22353434857913569129172559780544456056621645768421997581346738524265604100461, 11105836639130780492936135999357255148552300200335601120300448124012000942571
19976052787303100458600447918848210994764134831052729539266027055944239252444, 48169594803248344563704656282992037239794176982434800834209894365158891308825
37186288768931248617153701206889228793345509500392533834729359647143544427296, 52693471275820941761209330201285245719037391220720815794960024994046567444453
1777209427563274939953783533896877685737517919479239691416012505139273610491, 28655828952183061957361465798893810451290360345061748839576496635567341034719
30503214377782095536690399614437309227665217184413831790707268202218137313501, 37625950934886335998873303025691022757142950024952308178931576045958068497952
55761597842139745314331409914856062017575777716211631522740581325742377741045, 36033253448702856771062877875202581593967448610327268171214494081554315738777
21544535404144682308813957740474821125175975745022492591746828401598215311110, 51081732852419444509396458104566374132101377631427797523446594059863091277099
55168627185731261587012289770660582863616168306147727898996998003748162408516, 19237406065224819409692731168518251593871391179290460422834030419017896790637
63076488103480857112010850196951768881383278448491708921758947845148361163557, 73530800277548373171537982557444496730609516163728566475635599189567423782811
52997131709262660453462521747600075704152968848793493734444609767067560120435, 61564058818710003753340707138669202477956938613515970589234601074001184732473
46712704257937577239101900213489936882852436244676220819237937324923913470833, 64890753348589108719642053621171015979478916750787675544979560961679599895944
8581591124375609498337943733050098149918752765328895769829627445121780541768, 59190809068001317096451741759347774581951042985317909274794733029954643445402
55770926020261093015463019214193630708897438444413786507018760404824259187347, 63433107126215903850770577308852084228455020972453287432552355658491240600015
52169671369439936633313073897911273815344460308195320706735761684816249705538, 62802497487467267185870732298543742984133376522968694051013617015127677630687
73331057724460788852542649843774958007172090007174097888910355572070975943232, 32238185534003094375443537458764630440298806554871429847742881333913130539210
4802698985346593662221411465008560138899504745595235342228398427772988126990, 25174969008540686213433221322385422130296480756776294540211940442004705681045
73695454705874551578139218295452614990070499864331240670032307150807672812575, 69847957482131168468075808825924529133112862696408636437505444984517453774669
13296707760848058855149641184008079418667832887540760937405637727804257431862, 28718198645673297471818258639806813359127707242991010079678912297365596072385
65078508629161320722488528253327314720688760383549883137160132222965240313008, 54548135741997014751711127992885613777850573462896875522377496086429303475034
15018946316137780185836995293719618073154316648531823018793695107437754253531, 38286049247160059284020682234798600526045217454170962553258725399809204810409
32233967080079204251418109082985282431164784776561597380688199530181105669318, 61342512577289622942139828836335262601820447927533837631670155332820848920695
60463704027366560913503848385807794473579247646246402399413899533268776439517, 67479622149369784007890823105412143646266071666168300365624439127932360000638
42582516106711513796575514668245901319829602679185122021602763532699080375983, 9518406968808203074591077469567134606567202884689287646175974490749385203772
11769378779929458569940111357960104649208267417318298158806078673746457502308, 72075456717941882719956101908900906514041216791152569021229648822823984203595
70977951694219684255010922494425174829253578145191615746499621729055712459626, 31164595433044171889626428663069708702883582115337291704128586162475320699532
58924326647095581609684749034346657001209468722142663218342378224307692114444, 38613700404506858473655067069781792871868663700735416099410772681311481251930
1020655599544846507577677269168630033549822294001168140890862395303514877362, 42513717488131056364420252309088218779090769093195712439988321537937595393719
69719421648711563269842275479051759422028089977758472237906779612716454004509, 65017603073693934132502262509779052994504827359004316201821079235021563560860
76831835472202506122853876059459521259658528202164714987371693661586655999797, 17566976924382224709330374351218192106851056065030890077043617613951255166361
20530981995919718001878354153917112498800478005830313770570835788104331780917, 30346691825945856233676829027076955108577671503214582309519631786503666495379
11220103811950372959018462245583306733648000225565129472552197113053885261175, 18386783627323879701148014299336018515803077347135822580108143909168605446742
68291883308540999492901284711478083107220240346906379730284869305475682576266, 10031771667930187035605332475356262781279818586720120007727780159313993940158
51837448450747535149003703915062921252556564228484126181748819919069725006492, 38025155998064070984368398808712050880735867108369464974656501442832440427768
34724247913791034136053727283356394725785573994845692321434169314364221760933, 61071023279529254540980257626871677476893205379293668920033529036014661406128
63372991191153765521428102340939951163877536792626945333706833077674650751376, 7978035324668640139517423260583477152626900443835992129883865725781803518109
12383637515024009169773357858979418480988426124341097449619991677013871284191, 53339100904093877486010187598728384153482546630652106679185181141770348394138
35009528104449894604791733515720151933756307077505149132235141082016659747596, 63774063825976933970485792552781869502231320049191996501588445587151393661451
59484428281727318876649064121468840992402689128531653486890179367822462172674, 25947770886106134064574314700488781993709154313037759305881721374807730987438
48202255785670411309841884728215212104771629583126264215379757285618815974717, 66749963404288905865063584108786624276514383962166155452673349571506811737101
52243103308555059941446910986292217573867423169228411473531335635391650736929, 55617455577289396492568542944579569893030953939430978627600233679764153694525
13583393456877996270118963420650515848205342519584033493348179566597324608420, 58873734152869341809938379436963177403163068766753428542634301735421485876791
55831333774104274154163115482037958543678094891103199160587464446237758467887, 75269223348414967702760608410231637028914539635434356024727069399227082210592
39289033743511449614789857198046493811725221780280450722092914766642462811486, 65386347246661165312707497193121591062733590982436883152847113580471269243991
65310362442444453917922214844345254635007240414238591012168148281163021960109, 68300271357171522384722160861303712139258282146309428553900282484764808087417
19854084581805247097136396099233161421684867392389043189306872134399158216381, 20161694745571033200551261549341979485577800422711427807033584422591958426702
10608906416455287539048413376400562961496937928139091669529723972849817022458, 62869126934535631077220950130926197059511852486555539532370994860078775895562
19181835965903024149033562985080490004432138318600794555337417297287456578705, 24959850669707593712359736745391308612747868038711524289259144356771956296439
76777011370572652601913399756472167868145680729156529782981171110575354302735, 14624195082381283174182933704582941331139229931228334976113491824626462416878
69654024281196263146688554473396207042007595743601372118730093235837866898688, 64062214072874370144312775396311821211998025315355538003900821498187997917950
46073385138582835865786699236015533736824367553100404255631503748524833206424, 21154571635675330534781476803325970133483846028406909527147706044983896855277
15716598894352179488072541214708600406778440039638455539281604054213887261592, 18077775723414990770876194242895963271051113739102097657693720254704051457131
29652343599295281540060016888068249305390594610876747751962476540437962226017, 16104580834538744760718117685454919970535154580242195329112100914858274958554
25006229549343893829912923682969140569097624533557510682923352489125175746872, 68247206325370345082867975858397724420935203909272717380192122922834846715743
71875729279718679259225257489613248587454449861870841227149283069730685342225, 37057924874493715750295018108267041039440710101658832490062786223361746588724
58329212346409756110147299509932837751161522838790259506012892052885649567391, 69001176258667789383431255906648836212049481497864965818525412771023943030005
45040934606844889028371354091510657836123840088250170326212296339468211249165, 64023851383014406574161850837355934751720105213066314522010923802382720675351
52739216277606366795433707286077565665802083254741436869848906214394566661789, 7530176339342711845284107916142303212080045642283477294704860040093262721798
21132011924333012919965809565939667512665937721069336355263808986287205828336, 1103410066653963095136345232091697663774453201989521508462662887436557002391
31118574371120673402605929733205392948788540586062366141882183458508000537352, 5261119233471784108176097922374281073449107469942659154189930154275453605255
45321923425470771586529650054826677512432914082785346768596479093773567283245, 57626340708461368629403825264337106565612619924133842571071293545617923677691
66887446563522075028921952494192983330783571296665103687041873258943992121969, 68752972117122891476107265816844927872677170619146829540822950831160363162593
66423570001499071436048139501945168970434893041031988408006788800489890905565, 17008523921787858046135306273592135332583053445505444057544926936948052615510
33036309365667268256716101131429066685039541657775935764746813304332109511524, 66218033804297211288708363153660738852634410643878743617878505494977099319075
40006892549051346349419025599128533128357501033191597482047552481375884753340, 18498520437978724850825655609775176061813384295698942401027650080102715715283
48475468408692930114109972377287447542525080219934790834415031801642748170401, 5461671417825052834725189070580902733645555438109048488332350359349465756512
18822905423545028117404794728070999880900864892863469852737989352814045587876, 72385185923732089383431694113017606534694696521337203569472175803846387290422
41546842528824372287407754278444789193574046700446520982152018447104875598416, 11192749258551727412849211501520555181873650905946401945323221935807562299723
46311176349666364977635577686547732042741154683132221164195652134416328917055, 13742445692067118041397236473310221199050512837395640935723468684449504411007
67413309255169887600615667638832025872577282112713333862918957268109583786290, 50512201067250655372631389173923478264121110354005050026528832975467861486708
36133571973312303156954732965471876614700695078944901856888157709736684453988, 71334441633412982301731603349499366797726832896439603469406343000507653095456
52874761094930520763693618631867407959555664996606974613139759551824151706037, 61645316400003188113998947616893097748551396971197356025951805068789248044397
41025110099995038158841005516924457269366708227665629245302673773985096397315, 69409395694928844771038490827148467759328077356471219847559589327910421942168
40763290185691509773101178185273384447427980379131652258623537324410773832733, 44750509097195765226140618545159065159470770054443015683759032222517717134831
57255205190037769041467015092146672984636948818266853204814162363525236719374, 46872518254642489514696266801949183834701092569131857029300388494326330466286
15170117502822910238513047006857897433339584026493359951050648764552488743087, 10770741436845347300459882001855843297883540790531074541489933582393149445693
62097030918105660877008566631095700170475716160374586935366225306755274964047, 41914897664399233931094134761261919011811965207006783967990493090089702800749
55715768505636297552328321086749749542973272423305037648350893106002155832646, 18614261394623783001261028313978183527915798249187863704759997293666783761501
45685536117496444275173501782553159766027518842044015412637680750779452344427, 63418128226550325490664139341667624999111763182805918881657829863233982041140
54978175984111688736270262373943485859006805880303338960467012354555399479615, 73363561051791886062964649629089384680801311377368705226554341838864529348138
41051013411322639608824571952558206455306974643999190139216132816752291593126, 10428969017252212739568845987911393863282480917230572340961667751865054132630
11585869207387330455989141321081184043780996009141030390731219741949000207369, 61017116544954100445685595636781304399304613661748325688691196790478046215337
2523452404422167115716070766189618994713248033499605886664762579488511967396, 11567082665594315912754503107341739633008645371302498821393901741123935729637
13885258981786569343962428998569119629527701952171146592105866392225781707329, 8926508356750365169297191416171363813091860045308606226765814970848553950849
26400351157681551266525533356833039033241308746896130803587849122482778016157, 42965311188207841413619338137858828847455273003113138106239297874012432387307
9161901513608297955566972453649038040627122616962607038104633049988348220546, 43316706735917006387964370228270341690218866632355059063892348732108705505359
70516014334245000851901463451013939194757922579462745099814861358445537524790, 60092829343293816671024719300234753498905725925152311616247379727450385106919
19720002763836801762672324776840233925729130108338347305275010302201527928892, 64404581084458846714816687120765361082778782615541203585094749058464195196481
6699815124462395525935357735172706200035660733493493994038676035245448967321, 28978492597396134251512942802466823997843252574481670611062383714799601498900
67261140367033472003683934722311440908600955615358539920100363187222036409190, 56126544237415698706289846692375380940442722495463665867917704065687112485332
76355615797240844618605517401793892120589708242758108097186102566858707995124, 19616513206773890728490394749271976235025248622296765728089433234613147562652
74064201755504286635029755809640071234983244488171583407412879281319090734062, 58667195243322856172230790027838496595845990604411811881904441611338059178513
46792466756611499384488819521754465826580022820108127946761802010932171199862, 34493388960051205270439776417463405694368691678090203005783051547168807299853
67431251392661325429760012468741454768927559675818963051285986936844675144757, 8908330743877977501498673866552139985451717377050341820813451867684008980538
19365560978453279258417015437651302037079379441387050523007869566111767369847, 59779836611407644663155664885350990119845932520367434825402567545468173107944
11283921861285924991901560913979691293432074381468433059890852675868362214937, 45777476243893510632433591013081209887568351984876806429641275597122403885072
64881270566194517825446585860978942724210210194413708922175055456395831907322, 75273534990942336899163091634534592732104944206889030078865911378349289516257
20745950931082769221053057627465137700127822852844510728882552187807086327197, 63772977173600040345982573572556360819810415762040316407460405483390716057785
10322572815494024324144147085489434018004189265492690439793470408430175717583, 1532004978313504461178445576713027583699923138510510084461562997927084642261
42414528603036732918249176736611407375475141828989956686277894461168315079608, 49403414035830405355688702331993193270941730055818565927912331046383397734844
9408655879336683163728293474047005874498620138187564451304293052501258085118, 4691514583899462362109291741717620955850443128636583718371668086099602428222
68341548454046963950994132609287607405334730098844034277628150767159477261575, 75895257070255646127390274741751764765135559928802482800137525139826041380685
47303583854417450012451288929975681718339065268059809869328194827144697485047, 23400450109328474346846410059683435425014830068023280194885808906812241243660
56460484047689034642407438814818793637817561106940266647629452398769572595058, 29808432505781500922239447820073006519051468505880476376746964189851875472383
71411804284755876459552511719990557015840214595831733716054572217106047582755, 36692819904582023517663430453772550829532518201838316972885398627080109997176
22675611402335697149653971570377815302884993024688427739944837153088056884894, 25306196733858104728000281054745135267869001000204282171128242861231542589097
9502701218382867134016280341298065347438070010680463266822841030454986837913, 62703658987236624650839494409800185699756882812378207573953746131642948181018
50403909468793933864868143041103606734535638288554249834886593719826696474820, 5747502963262662971680633779384715738345292435875651281268332365953619008596
75153472841244646663314958616933864512561871891685592843317855453519685893100, 75247188847031419814706166654644275385532405318037855264550916707246522057029
59207570137214719789046488749937215479090468652648379403842571368477660221740, 2366822835521025120095160688611921139778368087897452798790446536668167478615
40364274589788999283350321273582288096182584181494704316780047761193543447572, 16818612219225147409374296283685323131568210768331513291145294989659338670337
72274113684200269316759177575364078335041238978192089599183052506361584590478, 13098846529079610911212243684013076794966089541644395948692886313569723494392
18106136303836698943742727995753023507988693368874491510425146059611556724159, 13784737177162654892962828551981419042845372958775990924685192883738833183072
33754299786052146771992895595529951370260301337520003409468648101148629802918, 70634823878831625396265727977124057836535573377464214419830375429702006759571
28580470981221517918512430265227739869585830540283386253702169822751326101948, 22980826951636028088687202460878358157195255663453319069993139206512328451867
45262070647221374000979190013737994285268345009810745278025566947113803453902, 60304369834888232527658690673523116498042075390369160776448045893460392074382
46583550369644606589195031497161963446032508737945167872310625498739991495697, 47336406162236171869726928870339459322542332505844944869604387713121948475400
59268644876195650476597126450707605066625873010252006500618183150316200885037, 32257970836864007201535083203509251807501109948660202540123743650423884155667
30197872731268584614482934204029573959555128177899372768512441376738446646579, 70373903989823654911449638549633527396298243556925456181372762031220305239155
35716932070906478344213618228226776363974813350432720918855092323671523768133, 45206815087480913853949758995769604163357693019113340644226742215129399884659
32692405567403182540787917247542639834597217185308711123466063250729352507177, 68587128239572178179464944316639913774773729094502368945976599007976460434301
73664871745480250271495050897693619186136032084414840546598681498672288059157, 56439159595242205363170691024777037783657591973123899758213267324519323992124
32859721912731462666216258032352000476935036219378518623133086542423393818436, 4360007724036437124742694117410062306606619667153415128101689318463624585421
37779151997578828378776286852547494356918909764022393357124235367487373228061, 67163984047037931561248335575650157228080503963183850859719821662255285716127
72488940398094474261899863135471767396147223330870994585604116009614402364726, 39887675790587678044100272320001603118466467887760471083301954016255818185898
57208075369822002589019819092454501330157090354382845176839588396224142172214, 9328396900438861572318795510877681704742177504803812507504434317923581979372
46639890231820921367202546538512551776372926287569131950482700214979397955885, 13954394576307720448219711103641772164664487301383254342601069248675579445218
74047062257505414603653246005482595992174395366964624976749861580346300407498, 59253111865299724267810875378321022972760481311355606835360393029699262538643
9298094699243257477265949273403317053388644203278979108206458266908954312531, 33518710383097012695289605148212284701992433077634084578584390629280123307726
9126711984573535646713271342264936462817660091749451720491924057635886069973, 40305066006717890515705665470340637592241414108635044537760258506487640104931
38493386708781750211675635698607331766416598288582416199554150315429477101281, 41907351795327328057515972545351798971192534359287164536464067303907289838290
75476175797148919764065406179594233233250104852168160993914757204265912960184, 6188331472927596156931426955472723089879082118950409505482751705426948455559
