Elliptic Curve: brainpoolP256r1
Field Prime: 76884956397045344220809746629001649093037950200943055203735601445031516197751
Base Point: (63243729749562333355292243550312970334778175571054726587095381623627144114786, 38218615093753523893122277964030810387585405539772602581557831887485717997975)
Polynomial Degree: 9
Polynomial Coefficients: [13, 32, 53, 57, 24, 12, 51, 57, 24, 56]
Public Key: (62129562231606072549792795850046594110060566364710520678766361804143471473981, 59491606435993405645923548071987006417890370437429842189173993248740489730471)
17024315680670320075555264423308850248145970613666652076651229333124789868581, 44085313178341082946532007273318782972471146689080854595444380204818499935908
61595175886451320686872347927448363044011019300172943246749250465576115489454, 47195641135962228004959394996233740661699299163779052687521123910440309021838
37015232939763004783431834926627771092908470675805508660762404010549277930664, 12486156043555223446179707174822084240868625316387041270215008557705653646599
31161606747649995610009222350622651255063016456415035430434097681815719710203, 10496932892959951671597522634873823741534242705553785638651169943919242743970
24436079981300441448165819252672212641104452383914422153120035230700388797850, 36192751246330588913281204099916331224801087746060788168367920860000992685675
66017881386746668495119491833148943487199082162099051781413022528003260430672, 76464387936700426093089318733250133826645469010837145385388454771994223581874
13239720700499032792875937344482729770394731359945801260635718038284060494860, 56777297486173818209821730875455193867531976176660300732196261689064321384304
19325355967105147381236732410991357396766510992765206178858356915351689565018, 12737188784416950965932464377951794098814048895005862173815352367896020010772
14707907575870574613692708648544128455566765897301301468202207970116177940777, 64106170697130299199195036270788199825679051483665878008662261624791165529655
67896972648858191587066957405844625211352063146178399140973568717653637873466, 23204300055652195186778746691327634829952219806636243193078499192251812706064
75571215206042748127664888104104265245512976974768107130699962380257557743339, 15879089244645406485997759081975754231776277413615438794035948889841582636255
68336757925035471676231143077033018858588820399466266305880860325342299716977, 40074756588488275380132817875994500390899541930651504089870081934303847763592
5247809222875775413392309875466979609718979613547495156114147332994053028106, 70112229664674165321997625665696872882259013113101723524855707718484634224862
54838111963383006428866284088575122280583943526933026567285448995930786105576, 37038953712958690584994181300791062429340678025440004548223049723116489622899
41728009579639583565918356714655478941000107955181414444630754543256961963136, 31151210117345487303004698991793074182666993715428261604583381398945480168469
71422257946690652580166456630944151381994364599325000531438228642447433544449, 74933396889530929402655930410240761342890421632378140202412769508778910869286
12200695931484078494907454817633248765519706737504229557003210083572512370028, 650110674972649852292856978004103029480626758761284937988544619927486233711
53421888157106952987577828779870044249167289439321493282650666835003979278781, 28256923584077627243017697992488655926871086167385871088962161551969465271199
64640523374967654672346053664139132816633695036561250649872514422149090176700, 47125317333405365301519617498641061305812999926245461716325693455852756274996
8936473570423523684165241389249726387270193335650139061997477390069281170911, 48075182429540106218459235865885141122027026854691599643222650855029569120962
27861012412471929970117528203486627164744358315540987273410711128507886009655, 4311877907356280167934654289176426063829832986398456409131642354700546671202
22148465548253326513285175884317797967791984336788060566577309242430008119237, 17973848569832065810346175056273795677023530307159693921497026585374319959575
67372340133244958029978393818850744437145763947928827376486691235569084949421, 35152819273756148433731981511899578047375029179335944630206101308599730921549
46944202918895949780376505206326118840526215225008068004129733957003803461175, 41176088863960634126445005156409020683312497265688886576954155160880301130502
73045930760478100634998034451280946054280740702716706116269757422189982883624, 3663577344513733914326568250788313984092590102841796053522727221289089713954
55052051939891436746663435588538135995112743488139296152125428615109390270028, 12830950618262484882890423292804552781425065751647048777857571200408121115847
66715919414633413970429805579190834634278640276826118470198727640955819198707, 56588221781851104584606127242282735029189642546497128958034856850379645538862
56246897032430858860591879876963325026192191504853434482401870412354625566770, 27784851222306788073080722802728217926605665465669019032594281400820483468122
38511338985568519245636744443553005904662697737603426811690405400544452975802, 24766148858363211249029207872316530599057475680107081914193647985768476324792
14150810963460310913721382830010114933779792817364805228510857742727650421729, 26261348861508200255172930776141661337223498331143549482095064091935110198833
56997224075882316981513417046794020875167734388271452681882557252980499223184, 10884427083299370956773565426137177249063985344763475800508130893120370771293
73104577012322311740676722996593586424825333466640503429310021707472097602097, 72551133522871237127285434832876219735947043579194799435558763015829848188937
52650891507909675308788850925153348770016456033693926008001781201277307379928, 17758526062393878274280361853412807384309493104385582886722138311838015193208
8060856630219479185853925429191137778566154127417162451658694827224913535462, 52270273533541005796651591863491807342400207832464868020629184466502136657362
70467581548841613109992529770054808108842635628007676327049980511674314246059, 42698771720111293301931709999764545552453377016864124310850604927003126799307
10817204521846279444791790442296464511754691326402543747115942013605024872874, 19628154590892407291732644493766278505733668359156018962885747016502989625046
7364801188886150647159534596645232730539429022951385416835429646310294928760, 59838104506686051748749779353353936469182474227797689718924855963204720981974
67083815546876478915426812174410785826461187273945080831771716548516404955083, 8080323629216471346633201687256007485950528832241557133328521631690190346118
70365033234187187033685985908023757872250088669481888757197690317162593535267, 30979385155151726074385329011903380121327360198916169433476716054386355624259
38482924558065430613122397357152912988495332323141521763241704815483601353722, 2858743030751068656479897311210604045976716999978055461078134012367027602753
48226341480399681406575181403276900242485059375088820962179124564970047928346, 16690920884068510823723915045223794420187831026442438615683960114761012045746
30708943809295681507483217683413841706896698522629146848159043519055512616270, 56323947781761919188416499894553791181085359690456444827881492811157433460444
38943997751551354759962205728770273963990523613031062371444473174032398226009, 30819251659432552494996731436645535396184064711733051301689953541494310022026
47611260491349546737985323498971752479956934729537464943345008381224340631139, 31791682450083775656921304023791139482594799075153970270242369670438576218672
66349065993809657485702515474088397015919365938505782170207685531916456695092, 2603764128491824759813881890612798257347168124847906040542527775727768760445
38518356660859142247453055237033946246054300461592428726402733590175833516551, 42639969632161115206060722721236545162013355805913024705283674373958612143803
73767606006709020783051862263030040211463387110865952611729492676189174756641, 64130681794661878778368009294295472849976493583641391776367711498275896279754
34643267826434715852399605121511270098227427192651514132864950588243247144726, 58477222242322864488994537178438152414146041086282756080239252647791982179578
61960140742051425543455709043326183048649877652342752064604419731556581639661, 23208560337200188613986827477429228771753661589290227713766429365310063105473
3869002691007006644710526148530810925551383041911368885596259514161658691806, 42839990167678995583957484076310335599076138171002625283408690996721209913577
14189004123400955320181227993767533831090002144672367040350972219048620031014, 68684701925300623976796865813140979817886089624297572150101828374530527934949
631004786674054169261698705832833773559571793391048830517394203607895075226, 38755801545468025003404393775537149851970641693774690315043192483529991960464
54797965716190437148795238746013874009226624774548868516061987666020033415953, 42569803778072008138367956907779816003080634434961604678531828108123102351242
52170693196495697483922811125947435329165848602976701992936533356071946060885, 44793172997841328209828974128293161039769470458745714248387900353514832761326
28092776955885019249765626904702834319654948148432094457516241230268411344229, 14463010345638754416853503679317156851744768401998172421229138473517283110194
30052239206765759817807868579980781895950375942611731504371819648082759033193, 2485749686921726026341278696752972437033745229912302204568777334352957304741
53088285457620896369578251782773428340616836024066979588078407950188011674869, 51383070040185057789552367637759051892481754851673239649583224522820569770653
41858244258987951195363628242196158117846830815020765072018773211336342736440, 65480702641151444500929050357571651969941591189079881555932037970240000220960
38693513845878546246538510971357528778068177084367730082985584912685812297768, 15279149649390188947687601768491176666053905414150511250571896304420398550921
37326807350835112701312300775204477199903683237655914272808284486752501390869, 24319837366085240223294149976885767166846168195140534779285431449029318456428
35061855482974381632710104045748051246840194157353784221476187563790859721813, 54232099267210615892682835792309878238844284624072211149788156852309763038314
39629088938123034354077707922627347061503615204993020848448954102268360094108, 75076623473485535488414795022674054191408372456664521527581239241840974017573
38926474505762285431950891841586959796276391899526258215647859929434854983121, 50963658912248532742123641675203402180663086046616394068005905183923621203768
46693886251907484285764153612319532285040558919010537254531022382264395024184, 72487687452466083029338645057238777446623622539593502675681819112072563686566
64516178495712273605984418909777592799951269337964761312851396500119503757673, 31623536670480752933797866781341016370521589425756826571210775982735754139823
22335040633578321048400330740351233476917066656463929876232098842522745922858, 13868085589604899075626684435327483667068605148048499727428682395218916818244
61068044385262086885777241419320687320111847756875876628474811853107972327384, 36741806622691507050256926352982296153526922325117748624833010586163650208196
47686835890966037947764952947797346427643627827211662046402556418610495877663, 25139443791776790860909989792731417199262705479309875016639368474976199830556
71132624373262002241542665043697407487250025633620415439129096924178812442149, 53231019572329587814409158010914994353753165336607154973256392943510580505388
62175237253232133248367997813840176136473118567186227787448999021334503710296, 10502492272744461840756805671940676034499059801712195332448246527549591376478
68716304752430997014708615819736137958836319687068890936883952774682864183543, 47495260512769624579631597897136153957155234525114192072928185139756436428062
18251268646463026687248823916497496345626946135151748855553762928871863180952, 63592812138246052202601554574144514986237772730254823362993562663227590043798
37446478734321809277711006760969581910078919333099415490254224604412829570700, 56113818839676686006175723226089062549855338935338528855177983901183220561320
50802577695568286531960834390251902932998676358350651100241063816887400529812, 75369294552960315144394458323211471345804446951242951757890921839616061081467
76848281667904446842733488202218216878232348552493178650324584262198552885112, 16948776522361408913854418686900915498904211436403920658687471459944641962758
2212791987242282217781964675882600171569664152640853311750174463093561767979, 2897256866693058267779903306897285837786834637166423682103584736037897550915
42333967744740683141411865556324661894978106732940914180142676418814969603991, 34668944797533595782981694682823369460668128350481154600719178719308401498638
59181921873513892546721594308655829346998540619152517927618349284655820446706, 11559216153881954258042594475320176441300730433879036390123766073103783671395
47027277085823829928358258952838616596146491198366779762712580765018300654676, 2601518291179646319549736158187090642441207672984832784647711754339006142447
76566661062604889350349322397688287948246333136474349601549827856967203725238, 5769249085442984219597783286236753827302005371224090099585075801237801930425
31199936753276580354421056067451785007549927487409312855487421409989425521163, 1525563206890753520886672605635109802660328533823361479574239150427948035961
44489682392799580487807533581707720918650874765803102100926487564148385485720, 29140473796526273603514477140626631785224478333839645378234855200990398404116
45363298325396662894442146088356540448591503590043794669652836406614137256032, 7542493649615659734983569867748871985708819518264430206855145830850749782343
67336746455491187094959358841377885292332819209520191131101322536576632246123, 56456338082171628707473037514379339366795310704569966040951333763244729172649
13103774304139044091482986260737568976639244587256421949860644584463209937224, 40971498554841117001455842602038578605781607063408966592103490033213193397237
61041313339601319403422952437230745552363577555266373420260970828115925563446, 26839221126272240026130274323803123635199983808602363575393062044169901996666
3949440936926791506221688248981326415751793461287624694814160629738421974187, 73960563192917065676237420545146190862834714219390988945769314962425203978772
39263300232390146459673757318057910805639812690363020897488294124721926195786, 18718141696537289196967772417803474291835073839222728900650669830855871435911
49080573748603085839231295637759051433861693455392047231521971578320233093864, 44411874572538781404246985103536250762302968330392944346043035257482007121098
28513289872394618466676863257352663686166489832461654765648450053055635523336, 12341517844654735614689442824754544077848760370164827252380124218299671209594
74525016212298635797857615694299986599631140861016678085736746090298520405653, 45331998739147498432255245942147321216516870998640125165721474346820182749230
66211814573517428566953695758511219451361596301672786872280803887309528807229, 24180513569374472232428600022282342216129043372258358881533570950610170273863
2444867192498629105763517970106297353957419037851564949197511357093283447171, 30821315410372690944567799432818158923089672237873575884963384336609171951957
65757861500621961913905206925470222491083672763233550449850610154676218511025, 19987773434395346063697490351082679384589059313972616584568127412262113886233
64150037735271927400293185965881098348238817519415437984764290677387549943096, 8044366452831211363266502802853758278645188353104087238748127222484658965808
35397798406541820605616967629959698571062863006436627214360195710143676301279, 24402608844845175858527788175686933684251258373923956156879518086601030603838
72020545165266666399863763768157236093081625096319237420397389717587934780936, 7773100852497647026009609214701174979904265654585139797766808995702363891839
19272746912498067556679187523243537174037465286549143125640615293093876014661, 27295018728726262133852905915483913033816940170186543082849110002250378385009
44749806905879667553957659768652213931460449517298019342603218105067978511059, 20288423045961453957404143180168675223299641742699509034113079665853432377420
57139942857128281415222826632275154348997960040638024307500911075034924582979, 44260540625396026429829638341404004031454779871399970481800081181667448065
73472964369004144955000604661343591866729843810892260141672417969338023590347, 43304975586720958150231018040091493158517287602194907339194942425424065146225
24155231928248148345359786363995304442869681363342247908388582508784155570254, 39963845333518651853434705699510705182935276278036915940866847496551697553251
57241783717100709839160893132940901015399044072315948577796774746495186779626, 64325792982602819562218519708753817912492139410487165332978378788024171332548
23330367900836684232869345440986640568610692223146809683830098819805730684710, 24967126177908067149899791448989999232175018896666185573526533846924970233124
36957491830115586015543624163657700484273994609755481154471073042697540003810, 36860625327247198923535314049297892152648065776217081040448195920694273636224
72591018543227241011676345812917549146860130205158887672788934176189255372653, 16157957439695126269732874981183463430304439232051575843794223545602175718862
49987747359014855570501068030434054424217834098000162849237759773912965740846, 36122940188643378180193219458689681432273479009978857332660883693818625178569
20744630983812901980748016793969325260460621279636407723491345416499045332337, 1112584002692855001267621053253921962411541627349123499907696426781364616418
62958754924661388622532069445968230951806723652217751496373111566829357561547, 11165684807228568352515143800137068118775662436356306847746993780485259903995
27578292510696709253730539880157893290358167616151311040842097741734826442405, 41622527948914010114796963876407797552640050732165618467196935681220617527148
38752840155555735799360658966146115610721645346911729084627356932738664023905, 23428320062139925694131073060795756897585282574971946624396792174309501590290
38858323299922808072303362350425831281800125692060435324011220492494059867895, 53363451027139878860066846572893936464581358786335165571609387522878587987976
65828759347667114213170455555509332895326580449992003682400133673930659832065, 9249570720990197673667765320792283313905661943102786513998733328438168638547
10832690114586377672204994086795129260663940103796497985043161917676170434852, 22101027462830766970171424486312481360443798058849995060057535239495063878165
43115397064888159251297612689129568786779067721788732427871581801387799447876, 49668156594308548028570530851169897650881267973824501553928596202427175432229
35925175016757502009845819517268137277527983935102182240452629317389591301602, 7159526968457558033680279436617306597137432530439633088725588018868799244093
54259010619546579165252000777169748081086394688429301960374762381054172330295, 2593526187980546217698993376555324460803252551599114374917244599222935900132
944769864091753428394386584848517165501287305415821466454407934981658249759, 46784826424647602717853794785579281394589485307945864741736285570033376694311
9948368208460912573031160664183718276730064098609018123615317661619734836941, 16605678883920091492530680876700483754858454125212935265095123734403885732781
48115033232131019604160539860149713363124342813742626710923014729227418178929, 63926082448267175844097034754574366533793197341529603988977237464621836913396
25820086208100900633831734490326739594896032451847154456067682087787371323619, 20431441208272123176996124008250169455309741775783171846776819336419180217149
40771867724829175237822744001803698544514190911674048432039461671467802779851, 24726100639913972033830264255944520112601500594740046323380225483439901596302
71855621774019522912663910582693298508680050912499425515868124700734717580549, 10353837354610725204871677212362063426263915872181782018516564498747410162670
31090170321884937908986535428501577021065387395231746244777574667293781427208, 50880912149437060764996731085661773909664442394681455917945723237187805022488
20081068825051723696740694797948392626891832589247217963732918689637233508973, 65959452805369372469634775654273421444391086767604616946991482236233985898862
76500471481981755462160183954308658405247562142211092816012335607924902174142, 12855822199028012706913496369164512316969921631180796423408386726431749738753
32243005013806896269062436322905865271924283232534350725284202458509190973933, 24776930471228484859461149520950943139221421061837718913512983452535547086259
65065946411441684915099594955467406745065047338012796278373330772789087419918, 30709412697689384955893660059112343628781852467709332168943836377499474267866
2386616527094901013145936085603363902939318066735011484620480395103259162746, 74904018597794702600465850287683804251641015455015021224817836599265800474568
41374092513763553598075030766710868294618201908866544053286236083897176943152, 5463792639386732783876319087144182061923637233348627625193747781219692494470
57951769009105139720178018274352445453083251379904273799410562531095951519652, 21754016009452126580652434967285927262516861005444933202342379602035996705401
55181543953808837669502977008706762010810874681533171863998478028890910772792, 55367162195306331553660281323739780761881796642974305270662374685668051868890
15655939377027002143703471703832396830642005542288823673943676090919210502838, 47488567165927042431388586889558389124293718714931969811407053445677042150301
20879928220073252997469660726546515784833153580773391524544882334978954104139, 18869686841208019730260536110869865332723217758614876523127744572173307489308
53132931775326779423210191945630745522933031296804260089375753300643156481309, 35060948572889165739313404923527124025467204014641066711483802484557355736527
54916648590763827355553504286134675988861901970452524303089941321427697013014, 52093205404558422642148134325553502825473035876028616117462426075448809866670
69398702754565559019745956491687455584658411629334757268544877087424826784524, 28514708528937946414074269630997413477047756752127618983418755699094050440045
74648114829410661171663454845045570840498831181252358792703280631000189176043, 38585450444334204343651293155705546384583600867179299440556756046585268843973
14287133282293951303953816448688565707874592944660082249646483741219773399570, 24892822135533747074028590472597479211331008643122822979597979965609730166731
72897867981661174048481501360272317069993023033412073059159154788307245268528, 12269044213751844703368963505039101407881804983972102900310419583585139705796
56371425609338653625713172951057670196319031201044440411269903806632321385937, 65818428971171299136288856653458486550953118132800238583988758973065153149615
4552045417069533908259422680850769442173122945940816969889090438208301994573, 1275928724199419298351868700851933804804539565371361338880769792626949429408
8354375155420708071665082861376843997015895949810509197085454596866185800515, 68657157623209550961317016837278463543356313481524909432999226946232658899543
20725052650557766603651969760133681375826885652138745850432294361458571337213, 31860897172583872528524053815026629815667441565054905306285535934435031123182
38212792050723828561213216669699195048591582310975162055718154217708412359926, 64336904127688961979447382851277000737891621737331698992984901073839325202974
73288173522774189902712606295676093345060567591525568345602227959563578154469, 34210000506949411830446129592541881876835009922263401876977436251914474012849
61916611111906875112332438506774887287713750739577159873414262315643018594172, 33194399330053044926381926652212781432923157140617861124148244714597703605506
34505282051930400775681994827739795542200545165534783397083654336523017119820, 14176977719369143909310059110901336854009464893210059157475071775742662809233
21837763434190800771771995023271762750500219850133288899744932855469218376653, 54629836920143374249782194699253273839318618454209509228496378062524577856594
20424761870363658193868135319365650805036213376312935352244273898295633966776, 62683203018852774374099932015774381935114766724260683482617394628194709836131
48329660844918242773099298478881060864690581763293913546547584643257570123668, 12817284347111693297782480723980860575612621687280859711864984547593820110800
58769673174196857604279604898701175985108757037229405691478229269341173076010, 25193700245184360828893144111143660383784283033198598860235191229433730023994
8339590781442287230033627920195804802494788690891965743393431530890838836480, 40643262008303790222439512964172937025692518477689767049577797190955698154156
50932573403073573107485319278136561254821416989679628757585287992489313744263, 16284718392773254716922417479290077695554131800728096218760465251478515865888
39386383556679620389722945624917053337414001349569436163268883451194007110724, 62892306762059461673323577334688028883449566338564447770756227527059472741759
33795489573883263417589612292501982681410197767625840300949404714918481860322, 22938009546070473408886068067955256740226467806480644516628469642485137839291
48385796441594123521604981749049338678179620290814219013800795713826902030284, 62959630330053553818882834453955122218830699260371638566729530145284891915634
49636759566337918848555077344562081602793530621678703713023742870854556209396, 54912669100169366860150724124460656260497715633069435180304746085198177395815
16129778405546540583381851470863313603447244942508872869760825268370295055401, 6254547678954719405492382683023943383665528732723104658467375762391574552391
12676065813401401271641658341630501725355423803644440148256003917277460228009, 24890825147516763601681640024864364845202862568239317743596854695924623725267
51469296604921829027080759152584361364381850876596314842200487806603859215878, 27450493360735453422709611052307654450036960117751502256791078475915483304801
43264078549114946114828748367374524921644808859231550856441413846055967634957, 40523261403855523924129852648694686013796363656780395122817439307502606289891
46020804069354485999917969063563867728838795448260756379633730445279392207748, 55754532332129678440014025904973678538448916297608267463815481788396467520170
69761801583104297121124284625443058106754447539331504476590959073867397795481, 15412000298017338702803219369603575694112518765103737291625935005361371287260
56086854682037936859570278212521213825311663101501739027545540646878325891523, 27941013328312626082243006080981991003324460212514479103559774938604805041006
48366545789850306302877816720034206734907025035114031025992926357510558690380, 29048858737758461923625128941488228655953243708981310057331039407812231189672
19063493508652041991023755663921419724854172415159997290422588989004896122206, 49874660789115621105794175187220564803964732459062734945128357655114823837418
69254812652160157393058520414961993757189831693418126582418716868687562716452, 61523474563763970281429768716555800937531559006028691085645689965667565701507
2438535437374724504564270742598170065455448709997625780641916026522065019922, 54749084693006837286764163215930826660082767184271601727569048428483641770874
2364792584261569137867202943927784329426640848694624773494784347161544005170, 15343047466716554868591585985957410273256648735798516673144646158688452123223
50008099521249062205661150449113649681616228271891954867515471305228346781802, 7179234247883108576338578047918196738773592446642376811960158665868818127250
71815714085509351402196452173152293774295926656305295713318001361120034643679, 37718718270524290772813998225393536442454715433561752057258633675609888315279
30538034077536210654735951505812369862099373273727716804125847779403221496304, 10860911146445256936900689472068804794230808027670530986624981607469002194689
49640104016421210276735369863042516255055374717028676050574647415438658747095, 49561345115871192819058431314002604606911096898089818933758096018668655578336
2325383242884542131664832504741961646327805952947879283694508793057195305331, 66983274954226117513174588017497855515272377433379389397580065148395621163870
50253963059871907576148668210569623813027466221165427345158623626223260822153, 43195873546026211715242161139397996414982799743144630523865925888567221256301
14534247336973856410821150290383273358858355824043419257889534928882551872162, 68440711198120849052066013088493882327582417238244538182448792198306794447385
1670517858738603182426127893135355015541962595939512520713179345596358490333, 73523987461504161731206120122887343060721886325552402691415784390446418436367
51382357566591475888074871535461360911467333873720548929172256486437868055887, 61029064039608289579080268353406806339983752783810106836676426853048218458794
3451854661134176319283215192262819852573034698909990332988278835001336542051, 47211072554070265835535957706078671174971370511999330895700320156030127829225
55324190340558755724145139209792041850067088555899489389932849038900552678758, 61319003574325214674567056652717575469514669429692889876609240273958478578399
55106023046517874721134579742577261827129149796297823287317540952119842865040, 11423389728977987757329683525542502206999692646799692641521636837308066138005
43855042428519486737622817973076489176368037117995787056568872437611030255835, 5321483182195824088583382719655924474717069990177011848472125744007766927721
66450471552367761797997765525706961354160700441922327125334773240785579676930, 65822290142960911877910145977022863642628030062423421508660015513369727258019
53613536723193173669096334458539734126175479713363925594662434857672798112008, 42202609497979329215255306625165683418606472874261587057571465291712408841396
29494046734368363194719022504459626051120169126767695280467629427155995216262, 6344170783720559347629658549776441539854313269863353095606950324705074629506
24204265003478094737741442972552251637592242557915204382152810846105121745457, 32556795258746449126354531901495671280616806110141455450052322088786990248497
46457848637928342666504506305072307288327006023637084116528823642087502331251, 16494091025456090810752188592662779872300402851367792064107421748606353355418
56653346777817741038913730809444727629632417940563715009333333733107185644554, 5350270379733010216981424086687108012055932277107564304489917756203792026178
48882906404821696228959873138939837752636934098738575356407647126096995278954, 19490015762554264232803187206836121637923132313858692720685654651481973737874
63053132788377458632409610478039387561851495878679879080580162848295742733145, 38934467154854940361254035104981994582283245337159102590918246897648597094030
27655962658210615216156865421839602781021187136839766210498309460860013509076, 50615639248763686633852921480272742238158519204615896429409090862120090238426
51809874722055090494962767808964812782949011168044324716659355051609599353095, 73599900562184180663434987916204860644463771472229475544925963405890188126688
16063974103582053417156968735358048496128586903923158015768574022056193518134, 50100938153076134044642231210484399948996353578591059753928234440151246770478
56256215121398835958170575753463231815149298151342383468530074696320329012574, 18380034479690035816345222421524189321706759459626555020480835089832208374300
2359825100535583450854694749906239752392320691986115553698627543989681778452, 38066106923036687099413168383329779991824890008517692523175453136517899230672
42305130105159676578706095642108758956874921178709468111594192876977859039103, 6795966757941412349146620506457783664254773523451268392122403769917309802641
3804896132361167730021203024164810597105846345721728380392684192117611198285, 35816249179425219380752219351982347828849560410687681151517929331249411363087
8801148470734644865747088234420183116848315379023144931791171819634386029710, 10898668073168645166184594997094700788127179543471982293031737777830424666188
45038410261940621776444253279648197808914970911880456824868238252355539699248, 21899170397755460606791890805451158076675379634995929723323773221575738077354
57754735343871500649106183916762419641165319769768776881926730130225195400988, 67253686800846495016910631440918536592131120005863336886781734921183439165470
28824565662158013702142605110416867579390036641985933341118122406704727844762, 8367053905378770718405022114249505687784398079043052657974925930256605489421
72357227623096765514824847631786379803440740233544791115865915156861066386659, 51299369094773961721921688367944812831126497458557775177174092703188953973422
57841562158110977321982895741569677790605008495170815829544633361024349691484, 10542836186637683045771217620600833337050321072186265398197591557895536946900
4714005992636984172259016161831101724470344697104082489661554218162725713647, 27216275398987076619542899254816159310490833268974401694030532142868528243753
855953833484608104957289594332035394043938288462203147470414298813905588235, 4576085672561831695591624849578928622720925075837109716885882158500109137298
66468780457653852498691519675343794236117872268889048935322422440672962418471, 75595155826329673416490728447847560471760824609667221373190274990882921353836
2438312235592012792913690734214544532323074920374416664535713634668814061645, 59910951876397772400510043475431051781702544762071261341526999029668024547301
56780975792828194385223952538924787311365558656566010527185515409166243781863, 57878641694709361065081380888054204835378914897480711129149708462661066224169
54628823459510823603180628348883491370829304421694757330955700493324987079293, 64375926224129305691906504258958732764053530909404443147806326511399877911066
68606790716079173730451366447097473030430015370061039455841586008463228043845, 3084288403654765170010776204633982977988092107445428577088350765256973126355
74044194336295827724958332956849719836893588826802785178487323692011720865436, 49892969338825320880757019287430485357634511975578009662045083696661097375155
17826488568254912915349700180253342183820390963928374432927184467509170047560, 41424600012252467942180188927210880563190472079373895427261306952270667995418
49307561475757191970761721922971422102819909373085185582142094628182920161309, 53148262195820082351733062649408947377971914844312189733599392458582719276233
35829745191489950206612220606092507018779688856819317202909286575504330682220, 66195080504230213885745266386317103103935769973242109372907695016755775855965
8912459377247590022969934074474969057931567722225911130196284133624249517750, 69992180087087067777239165824568257620134269079682272378838348869033873551911
40661074471063632742248885367755911015107760501665302985106972841084882580621, 56883744001826060488419265416846167677296585791861500718491032874226514488049
1279149020094415242282697052769530221240482809000912748048326432201730960451, 38035786385802653497185419994646048990926172126839393830875481318401589899144
22077298554605839807525949977378445134795731707950659863090794916061705192493, 35691041844652414950142060505801143341489710975434021716499398231048073608225
26919927210703572369068850336560104447601272835098793440864770837465630768139, 22747771569930970192819126071005650893084111443052277294422326773339881435545
2348123289047367630689546827109941318670994843535167605455347932243560703702, 54378861208460971575635087476157961713762102970707620568149450034907244388694
4314022590662596386461339234093725733329397572264604777114137775416154092499, 61634713161617483216003596669487477688947528966287501523724709387999636287172
41439872894975204883912513037671540600249156046337964288474940151619637124183, 8667353614058431636597382942284031636682062343585203689329583332717558173213
22378457687673308400974550132797678694234339972907711505681688557617190590179, 38965437104152256458932282842278384558353638272857471554463928238846990761922
75005683516633409078208247785934076706990581752802758575358185949936822967381, 3340237740780058086174070218189696385353607949984340727375816549278367418628
30849491365512297239023940512902404911264228264630357237563369757786666444138, 42012006920324212338135953072417590917606800810616324776029904641400053433406
55028063618721425076479752639566379309629235400673634987875342145147752763928, 28205447053338405861126518342306936198157984908795180331258429727348660392095
51365660286684955702381147148107977662479824218910831902741010421174357511437, 50072704845411696854173357078894824020954451164459860295517184582996660608216
34038234295289762827491847639132747666581845857471266488118937782467071547232, 59294161584173531360126696849624140223200377110343041688256241762332298001157
10513991886168008497610037493067189422495860870169737825302007217503022603496, 19181122384140028810666652654697558830264190141237220361641790323967553412300
70541559491865124445485853047874428433528941519832468246824705187607384006422, 59360031084893354008817353856962698943485334537822844487906342030704171143923
25747648399521401307077428086250462768705407551752583648406589805475435645708, 49165431010352887093469659042436280702406656454923958709930629377583857026726
8063106579732610750885770794472511568987092513927129991980348147498428638932, 68429714828242640363954388531965978768840393915040524159724445463797002317253
2655024387959705136299452232499551862472663349692045085968930390056778519801, 76566684714216009347305166266706596682286016510516580624206906930152981200342
17081010704924340509050974619921714572513849285890185454051349992189168269937, 62291129808397867987335738431466364597250632896890706422574572009978883058368
3502947906832543009710269121974569076160179918126751594453849853090918723136, 45042891624516051444613858890918902364603059985091850970385378841572816449492
19070337799356945541839199193870359191695669652508644101848498846941777250964, 55263910472028778902260996446936786686595803091874237415291550927557414531811
14381834001187133778075418200842739098239154189954343339308554837205297131673, 36343658152600271775915125575342392505113774174134078082868862599898626422447
70945096222539091693740687247372666139443711454315304810175870171863928769674, 57045400957628311708992089158554982532872416161343062421554644438672064152530
75691551048860861636715515660323210077326091816097238637040526888592926766225, 67895952771233884870304711030663514527068156350741820260275485075960552750779
19061637763855491555092983794829049151356639626157791052146549841615788741499, 36223333430712342875099070004416691268543872512191483610457821938211859835150
42249313939196624104823328475082446432733354784732920558478329170533135595988, 32665798374202062216206014463411345422820841734095341715130860924072325408789
17802728556523438542841876611597595265230050825902408755999148837863574319955, 57259905920915495486559525719904110292902084892469190659425387991116407711600
38916663082808393821402979507883998006133467464804268798480995084203989123883, 75822067925756408338629407795696586508165336682941112779615668542596315659733
67020297735805395676913544771511037793278223356828633851062182815515948932784, 61221929556897471934531945976856292537924192975443279215897175381540258435428
21243045181578040882264120435031986887210713381244733010900192102044384484802, 50254644065112474162334131265565605658538406525494214989074598601904245558512
17596325669213493184399978900609635191513176767576228560158707250289728649811, 11601284100650249793119333092255989435557719776847911727126009517189026647634
68566297319539322613704577760140941929992467678354986468772227315956577909847, 32513012653753236727150833629122069368046694686824163435540088160612325380999
32654533006595050887332195058141720600166455935749023479594256911716067072289, 43426592637628909096305045646160499354117692926895754726393493222852934034069
13359838586477567657023409403763229856651475011794365956183256654554126752185, 71275648842865937446072473845107550267513751322274889918487689344018365560128
17952407163386355691878596093512095473185459118358507739446719027378232832665, 14895952488324480364793959755448167075103277783517747052478973160034965306972
36628979609870392765942427605774872390254910247969374603884394419252924514490, 28697061013095675202433044834292434871233933400102108396009293644481159927024
5916433162537209974416288713091492426564028096012185381446122848284789796949, 35999574526305557796147736542429516991628700905611581147681768851109581919611
27594272726180397679524744804878691681391897779904804286767313624727392706133, 72469781794314277428436478419897165790229046905384399238259373702812034296623
3620545965475606504373856596591871986815705612228555649177879328995392033366, 20404707286487469869309898794895999299730282551242500096105172920028197949636
55151221723039567964442603314547673733116753785388311625341393713398147425256, 43210193166795888308461530162864677317669910928561380565938029777355751278611
51023701221230545903591246330391758857157831302929113395776300438225536067828, 56138907204605823470425406782351332456324791160033188257501911797619546316622
25060158175888351084001341420622558246658134275052851596656174110333930635296, 20819338272984530653718785880848717734959217402761151221811666290287462716217
12113697317397790406958709521696443983553976800714678515936999840444374905787, 14060182106790563668847258154061839021336536915199960729812753899701212938681
36205286290957659708214428601442357745034810026744903948476834658634715813714, 17571434036608801270129834764965356440696694535943979969767830348629816944971
32684460542528048841762408351468492517134308270734080956653697274517749045349, 9579120836677849262698164248978174055348780919376085121050996584407025828967
19883672721653863251772908238258517106514016201466341824063079599691694804360, 46582749250825674053772510689034747094820182224177536705996783360396669987022
28977095611976991252059276806742208599243164654875712219844797087660096932306, 35767086992231128157863142228376583805261053058923359949556908310373736186958
24075554655884500056213417429417532491488929438628385025126143279202756881451, 17456962165344245591423810287092586124000124193555626205991104117626140213168
67443680417765718158829734692120572006285193032736073514873442833882614651964, 20971435921688564946035020559472674328729600313039616604221477465855195358012
18602860942303197266908621748891051472920086690864487080472418553278800022907, 48821835114421769847771342940393673743317943376650300778130025631259124806198
1757455929310446259905347149857681670445961630148956930832466978669638950437, 65082838217861718673509649003919998649820154153272278455010451726892013263245
31352321844685019218113162175560523199040214878717122817773266880726932348001, 55536079886909948062338495016493852218444992241646243106818392668443679277295
25533144476957464462347943051649636988054239133373502706520544284789058101387, 74420751034433974320778111598555143324367114827258193655477889286410315998600
43119981353236200727140398641879120205569396877783326695724054625676564555142, 28343922823421578090916135076600947647111497239738495725645248204504232481835
2705282122357763820262299964310256389427728993507438928132310736352554045966, 45641741855068070076412192706366256083565951343141284708631643100978377526366
47712544393766144626938393195561585830734345102242627485905214606966727785683, 54620302387533771166347776864016405671610545958559640074356228154584328788070
8312172232369392792818348586774826028842288239073476918025648168528137123769, 3175824017057990861188184930026358298838063492755992108277390842995788120170
68322721158841571726716347664876192116133322327224035352987435954540014655432, 2568103206689191448334546496042991438228074090643593486223024265105073449737
61362162181881092357508226204014707318326224732976748733320072334689608722327, 49568906238073941311848042955049116087091951662450409019076523348598059656144
1481683304007595087273971499363450179825027882937941480809964684740359552001, 19644036225189178545082362387868634562011063110174660290131164920132067954543
47852887600301699219027865994913699965566427131921987345031902532394786829211, 21551483937008132249926060046302156476420102342456504345223669313664995326179
40636595708707254311040923891870915964824328560972487926837210772521957464933, 44121681661929470752320144815555834203066431636096113125685706605462803892657
76466828597450365615181559211491133794001428894701337004493162190958413662742, 56288389196231440198627683890351944026727896023985497428022243945693544602941
12654753004188376166535600775487487730340168750236142312657257918410778922471, 68654844066814158800548055402462450414854273060045107972580491771402803565909
13730302875427524351495259726467293748112685536057561696100675224974994138827, 71049031643731053571938887990929540419987136433486550433963538285187112670543
39158307744523289678119822362219438476918876767840057997577597753198012133086, 25292870786569788493922431470473759880578836874152499810817231682252571336782
3108572454748970672949004180881094579767097067450808598802973698596592938136, 6753389097607216845007884279279212288980257164588266929444700511558945887779
32151248469444389843817878960972304503012318926295508690678490898759312411989, 69298510722869903333910986490544549248435004164799542631591949754607547168261
61452421500510370244925197439222049804028077376163065619067409946820293611026, 62463621711184536912610178615427452037449526389543393289074873675101883837332
38947861320839991653904291330435499708513907183141077989571145875233374114067, 8159510624688892523476352828829877453378078905939707099791935085242552989046
70779226529817497386432461711925589124852301779484803022373031960319770629929, 70504695502084103563308196703091331396371410219872991793789760607370288746569
12635225722931492371804046061903342250578288087508174333969650665389889936741, 41817605226912056206119754446368697832850758653161247180530831677673342191629
75443304908908013166580833305928529441720926988106195692935885403310754337346, 30439966937752552031790372681479219576974919515189358288701047780792537941200
42595235269661172365262971666613239371315718120642084067145279362017984408430, 30433426293787333795017731967356794184709693274703131422818734875117473200565
54212483077437727425543469169599097661451024082521500642285990934557386881559, 4168540821281360620817601449783858311935717559536551442616051256362332783939
47950906406232507921124469570425587507540557852297234817762421763189108122275, 2555321131898904620252493527818754518785847614768375010072068694657249030988
36089486685930727992886696203363286796372164271490617568314476578772789165956, 48006525423681108206565868350635848506423992516719173575505560553864044242196
32215122495786305354477219519165265985583144504533544570394490495685110034587, 30674738759362276361956715800107355382104669475158127147870015216035048482285
35120240733263443947940714690155436815556979665441935774305993182254460842678, 71715139119191651816547401904993453306542653162630326548636988203785390696335
5363681900508126898742168666769394445271128661446419650787271358984753396778, 61779781923903522682864474867408111631098437978985316773469967632420133861634
17897334958944347693159255888254240705291973410638621001479519065364759553874, 7612244450788841130475175902003160240789445811632762134938635750223199599942
3934833044384007424139490738755584435119435449065576376272966800809441994979, 76747157261116992231292006900334259834721589598953162118510624451711473814903
34842529167958742727465790536146903782117338928707087982173579974595228769629, 10323495989317674290160128856570249539546806058988920470930518272359557508315
29408228142044821424939775749248424537015249289431660572372816123112763869169, 35152555483984135856551389145032802742801464131381125210082220950224942635304
34190502303518690104352551144514443996143614271720127041375572476706295262605, 66427879819966575939091420610831673863572965259362497482683164007474282712885
39962070171689206288226664504343357920911646644792710817962107306732402371510, 46629411109026484725124518488496743907839315723113573707894857959358739008252
52092742921870680007268323858937661604356311942072995560075645735446982143858, 65384576229365928790040451136148874260006182098568556313161444565776075695127
32168152598063840644078754657577027687739126940749696900313812099133246716867, 66792641102677294830863514285073185678659938079130672342749552460020653542540
59703048342099859623884928388536725490541464097344625752486039894077975641251, 16642542282943833135639001783204619863581325032864728511653802921609918913686
17551749891497706125141058888346211160347488468002179824967939801520838760261, 20058165388290259525209399229083741314533944820275584455105041580239290108050
50268594668787538786480265698637982713945878822248932926545701951470812404432, 31790137503296833771642219652071282102452025568428717169007755599401496141252
53932671615151545380961371003831103399702318566412770937729430006307625029131, 47889892765004853914371027704498378727059530852705405934829575601883343253650
40603708796888100794336857556082929460961195672685850657206388222192382695369, 1490444949531918740735385120723614745196491982385417668557731943133855013126
27102893088351323589234898568781679849968241968960255213801060428333649335953, 32984345538339231606800371629301115345436240210067267934695189558752952340309
51856361951941821236884340971192132506693481433347494499341975825096985351610, 34812251110832352836627046824926612681380354323825227200674220556242969293647
64579962174239634856846502638212420991291594713701588746710058264331493015908, 60740622549707757018928633754738499374854425335899554284715019244600709891359
68644133632771539682981233825738637745563575320004814043824019061521064326810, 39371674068472188345536964823310203522740656056473302962368397270997756777562
38699550369717611882122232644984487294180830611682168301420352183114758013885, 35583751220992377344967316199351059649918308881353070248742172554291099502369
38743478996275958463170184936923344821508810373248714515702340003699447830815, 50422346153284599382764622281110818431778365857645443100387107799294527413892
31364035780734287220477156031135655453956740663454755123953015958021276189388, 22880739193219620150170332081072884346952641088441760478231055490453991158530
15365277545895858119298556153687846009029585185882842798823424925930708509019, 7965414433604455473081938322547494233997534563558792451230243643861118346531
42618739631707911804084941344860122829319995179038140870812295484499465550068, 69002883215717756449060334079392914287366136787089845851565864230164007237194
28493470312993417733316129884649908771615759182987875942864214227407621873856, 53561888979920920845616598675870812976856118562458941724201165082320744500992
11221522257337477796260868324324538383354541312375830650926794004067711882339, 17960217514766578501025359411187425355576593069265963596551085697508121731325
55786504836088208420972756038817712952930300467118776720285841258943245439016, 20093839030589699147557190695373575535570850531817622612289531789072890888115
65451422471120903902558675408188780875470011525504470638206995387143916002366, 32952054851384103413453639044001730124142475008612942805173383510520314808921
26276657923688854020844347266145816959411943009984857210575148375306770621651, 52973084374143648227980122151997474728622959685917884938712551569967524072589
46983141444843078762364403263247483706360005381952059410937912218716723329172, 68018642493346186840086785694645348287902465185667495900173087417100789721869
47714240226083623850515950705827930282364449576595984568137209225355687570027, 47728171933947563110019190226893882093388911245732744396118739530175418409118
21473322989782979568292756796899539378446257060795238288934533188872281704545, 38900860871414708748883855612092976363855422223779206157177230862076692467204
2169465842744360068355151165890315896097879380214338633940698268991435704629, 16510184957803181868788323542207560333526694181764922451799580080547762921231
1890097580045136350506729789584491650343536278951642407142313447342488155965, 75396072910049349289041612618143193291445278892665184451073083083951538216842
35018626341285257872960940433373962064423508484497515262835563985005868061842, 64274437929689697126263639789371664922565169998906406094209607193857017388848
17094875394858235949763073574326203619167852699967673519242678283876560436455, 37286663623549033149832487929948356799600257791750923499642308691717255216820
62389190393832494281904904779085877137728295305736213510477391454382603655104, 23332648096364450854535320361494806832575016434059573614786649258214849774581
32772611028228167004027645203137620631662917343128677319683902648433659968600, 34412080667014125765867115495780075376945201611627065044922023529908647469168
31566987078395810203686820560980003305703471451551787091489012155721425431264, 68688643489434837693568654126807542337598194921581240828948252801400558706524
21187996988732537319893654129308123637164486521862188821052535969144230166654, 51177499148034282964525358288604586742252319816922114282469626752148183696802
32296830143064846857796245360794298285983156477103372494917089098258628702877, 3034817353521188002737954527514107648824988188276043104710000275716085529185
13649565611992837623313002665480359291529875174151989845897428591909831316385, 65024715133770494755794488860318459175350763425999414924044823195765425298219
31414240927894512400167719480755745736123760733535441718296235948380843113875, 68147885123650874261399486814457399699184009572251950850448011538381401514973
63715234470574340127629697118373207884206410397449481504421169795823699474762, 2053242132570211206705981743820742081285361402668394749632923527645369449970
1180086211145622823817459978474452590345915700923110104621759303277452081864, 26075166542838214801122560191741564514290639441336395112090003401328509342540
20097384325751624620801243810719196464958751681806545976614321929962156207476, 48189882222562269700806103011130043488203151881564432443736114117905999906211
60668719184811171039274561172943430482392361848986049313858702013827603159495, 7440257984999002352214270620791261575203905301827981792644984594807919753397
57433931716404265337805830404203499878471186608763318346822053996564615969891, 47034090493055285279605951178118718432056770103448461480977398800364927507474
71082432639964486303137981171858657754064879859539416505583745397746821430376, 75954248621157816296830750453371473871276147934271531213636322450806572173449
54358812922524232265657482622941479661967203486037838984477747532753853935429, 29238430852982885163692155648917916800187128467174188655248618007777323403553
21213810165150702713889975280882998996998981607196303140216306364654573508575, 58964208827497362021623281918985433748467312389108661681641355596360989562942
33072605924324502177575481056394492915733602595829607688473081726098986107076, 66084787284175022307250112213775174865628047439851205069255733978855107022585
57194026650786232534089700202110298993205931723191605571584755123452912399031, 32070823605711350917285900768819281206878135505528445140161456697773648227558
13321995983172860459749118508520141791770586619026846133551679377271231112743, 56061906593553698834867593857123298525227085979723397631977785060867866903868
15104706433778797564544327420366774302069397735932658213069968810123947639229, 74196459829291868843367746805844487652792628262266904059159114751074614076932
14422233156030932403923614505847745582560730776504730836670713701042049778261, 23425384799781145271476499362769120623116043524916308992263129388820017695211
29826398569701113272023831082941922205507819546637630425289188012442000936917, 3545499889761599449629702298388779220305597098772870856489825001798514203109
6976378259453733295556943483949007392045442702562263255174462325288176272016, 6736133479559988860374078545833591281168400649408009533859269644230173491454
11093353889726063653162492622132059009387014330946097666160086376675980944834, 21478737297781170377510360093815971009136829269286797001285204676665556754651
70152367766996485166018036263244481014370824330613698576843904601084618180120, 76288080242735525777576869295443599904787632130776814106100892697763525170849
27958631786864790809495799586834789161733059914848712636594254418483890894143, 8053330531764274011734324067188558864532868258285203915524567081536082074341
8545587187599887434068072755879326517074133116460243899793807587585355349024, 22949639645949366576518832601039440941244788097350324409755751738408572587614
12593528405394901680058847970230692081264262633530236481287952305923173981822, 60781151553530180781769525775172008508521943479802592415155317043513671815799
40673898255790767355332068848334528849699507725922052786071522496685931446314, 40818477585974925550886985150336118997674803483222787077380735378132873798288
58783888259381769380793445551101086671341582519874642039259508863122322044065, 27982984004324203452696919970137102373607773649871554896418828096074046095872
50944078511035392094455511818546899972850458770293976497258733321436549186425, 63189843071676968166389783053161495738237272517048879383119063514242853589933
62179406243437939882300242743697167473544466952710320702104440590850114913571, 58529102260350186976852146949909695965801162611673934757384951087981118312451
32191629970477311020423563181903033269677496138710350120328633057793836364615, 44398348050542376450716377101583001216581611598568047505088291421215946022711
49592927975182856435933026316804770239274726987165614204318530754362773807427, 23520428747207446624422797234562917507551261799479694155014036797554755977274
35370756451558537560069474632219980634273370987500473854206706929676684377001, 69598051146224125468708513492753416030395690945201725270158490008314891128063
38897209540134155964765973277037951828362478036739215607167018619735927891135, 33005516336910059626864491641778128341464198309094954900236727686721478122337
31665760889283597965853288286255849920328795170497078979736594873946562052276, 18587761077515743888219677748922176274773211798862480534474449684847613695131
4726174507769313777213734037685469181761416034168243448905968204157490574132, 20576913524359702148842629822512043587153465111101803622922020985708840565412
8180475940715784702084952877770808912259722714491905400828871643016656607492, 49038592266753936654901866511861398052535134604272088370785329711558674692481
53742833299867490636603774376252770897035529611947349432472012907656710789017, 30212514621305026231175903417479893856762463549067886113216424603002923557269
59486537349988881054474457866467708326948244105754022129513106697433926838158, 74064683956937575356117751897633505900164169917464790438435403224996045255148
6429410115843811804562686600855740846855940594924110216332181249609839855188, 3092655497335813396630780727497153001182965281445876902586066592863642904832
76422633681328081746606351824838197062617779501343042630374536291676224772186, 19329266733866067658751334331048985089765864673566226796013487772060077676535
54224015868115117254376283639799649537001002490832393348028656564747165005523, 44188208214613609116922142264697813394505676519218525044248657049604282159461
15984855814560770351847426862576612605884918008404220204046801992378181573550, 48455625037548237961467549527772789320718019536723963907672528638266744823635
65452018215954882791331282000364535242342031558431968031928969380003443706500, 31761426899757576498430877341148296892458310032034723894540903642499827332249
35555856386937007719880531245697545733864360928974345939603821850827172166730, 12209717679003464250548793105257249879230858869066003044508212288382779405098
22110621135170246981774168111637809291448219025679953552455750105941160708576, 41014304905258109946433468822960214631653191893363348882466519860856654547171
33912160568679657866282778952573503588392198039479263373328271352640629481444, 34110880989657935917589006374429704267897092122207264688142534431243917531275
19577860602802777132834873646164262953108032395364762669121934356238577817026, 9275970764347777738904668877024956309236010781676636621452594199370055742812
53365910880624676366208363451680110579039236217858490049914861190990612238152, 1851393744139929289464717234929072435438912522492471619099399565176826193841
65472171910847100383055442742729545420763640183417298792587307778672638109420, 1559619152879791842997302459072554119986428743458838061054709873511886467423
41314006022051582464865230467129757155667770925372412263843789783572301308387, 40804234894933750302738135697342217892479386280554024632558700394644391982290
73939970378630043468145151899485492951340348724724853952903286022376592384097, 35714737672505795018725033247114316258365426060460987908220837652687081782096
41649379581674828096346748231061842625781320797519803560459161858824037318670, 57172746813974555221197982157484281546263971333641037824271762169245843261959
45737799537822250633587155959793107731516138546015606960451846956809114723051, 43879606383184040514221761442273103873095697168916993513919759715075895640637
33189461039195584369244173699072218746079584453340164204923166263325867389624, 13746454125215972561580821592764290789251431359084726822997407885288618273006
37168521198954278606949240642147393501432811265676234086975060343915826329947, 61445875261672628624854232078292362039399332431163251678480995091245414907090
8860670516249410334978777784672361600704758299189294625845652925500418059500, 1991098800410611109513533516405478699246428174163137893623747463472466081888
61504168223703145886324132779627440014566829187631787954336477306040590810356, 63665500930083275438137731538734469913613288608219416655595459027103715481928
28262788342568529794642327858477824924557742137767414815933171281649003339521, 48680608378907487784953266827054363169007457083828180500090214476310041206133
26264352916226695708507342349210981347393295437741915238560556233012819634413, 32863031762649562744851340252261239672074533236839644913350163817791099379539
5731614737106827937051714732017682884488665435682272116421285532853046405628, 54610005504325515022729203084063033262187883133889463381095561750684332861259
4274003192021810865784622560484297677887252683232357904556490166725951697357, 72268936007191791097439312173709925560529895105593999471925199057601441502562
15030051321053811086216220932713680660041235405968114985368741256612056510889, 49399099569237643606222579014607922777482497725389973080469072898852315311600
37185660644085256665894332667503323373141867396912568245319105447189183643905, 14622097295692145349666400587019118593632633090907404766345338849238793208923
76243072905049801001418712192793005174345134903117811619799685667715271570791, 46443899940936483384595198378828677477551626704676283093060777186379729388954
38149429544660906170682055222928781616116213864930559701435533814857270791013, 46321072466657947839602068637473541591078877623336202239917626714592199628841
9994412639330827136645186221922088983797130624469892576412074286516084614375, 71087402446804643073772084539724908256412270549983706023862418385399140133427
45455288697185293273572376135877305650777027087324216334923934749666321563838, 76638868587240250648642088321477136166510102662191215231506057922010365456434
31767990276447789719086939083999500756016809702307112683631635095017078047787, 9397056593240657469411461735813379462454983262121441440632341619041448514841
76354807064748498689126345637757175277338706114713022230985536583229909141225, 42713148797650890286912332588178519133326816524686116635231056375353357871160
43328940756936254388010259576660492356725130710015567976799932809698644765171, 11944058011234734155647567539250528845985912047702735920855235755026985485230
