Elliptic Curve: brainpoolP256r1
Field Prime: 76884956397045344220809746629001649093037950200943055203735601445031516197751
Base Point: (63243729749562333355292243550312970334778175571054726587095381623627144114786, 38218615093753523893122277964030810387585405539772602581557831887485717997975)
Polynomial Degree: 9
Polynomial Coefficients: [10, 46, 33, 48, 29, 22, 19, 54, 30, 52]
Public Key: (61539603207021496272903979527658718996644937218343099365354096003588018896059, 43606273615722237492718215738810551142343623263816068202328073834022469835174)
68197334964853798040911462484322424454373815359983198848436623843506743377998, 45727810206100253545357237451824985202805989428750895328585968127393568159117
37015232939763004783431834926627771092908470675805508660762404010549277930664, 15140088138811899071055585041032239421318520041850370932909338874392124804732
16967249699562583293629495483235997107985583323868400888810644589883669734502, 26602854093636536052554221401006730814036757693534331806837875594268646833275
23228731134689079126206601944152700056567109209667750161786363097771318649344, 65516296667628767357298192975693700095580546987058984127874484619693633768999
1913964630774611006521024950290890353141991401221283121438561542217111173090, 54495629997497206243902122403794189127045662021837807865455525518250639229273
6253173302029857809626650266266648104887251982441847383979962042959912433088, 71882585844615186999972831721967771063072275894186175219694260115391072603065
55052051939891436746663435588538135995112743488139296152125428615109390270028, 35011847167180489114648994667868866826721957125002043574539358136681123360191
70458051768589021581067697388787026014573646940594637642991244096971683157948, 14488369467347164510888316400016223676769983680687077996540193149156997699109
63050925481818923694990673141516423347984017893646147379128333738201107336930, 46813608073432864928640088796615151552714351493936838103738391756897069398936
19556369488912402006601057784485567284342743648656387961745077252966285374693, 15050234522419280635575977250773348594075429828760245821697879396398394048227
8622457407267429211550795805934304664298586202353303789061475206140138754741, 3273874035818889280571191081723658182868276416186781454963154047417323934895
63762291142612901786888341387862288338956004716035058789917714563360668891740, 32058186564651052263902597840859206560566192555812106096385567734452083715147
41711491126486973924241649738904612950619204982396360628557811144368385307684, 38670888658316224668501533676202683144473198373198384930238152396827195931965
30044163046469583506237910584143944384319117334392403558270995925654310144445, 44422087087834333934331067222223334104231460461773594804623434603528894270578
49581277611281006896360983107739017122110385158650092447523751464262495425507, 15730700155269860445094548541796108859677332437340960171430357113958657827886
37022761464587347279841770816296136641769310202374294457878462018223347016499, 71879593880741665933975502875452870929650278622345780474253180737631539243358
23819538502832446615971263034148507456492910270432750843760554828236122545505, 2641439072573820393905410984437538744323883411287932105196623447168009838594
33977925570100691736351075296524158798995060088656424011287119774593161422873, 71541035608050016082766955706297133672578395850797533122191926090945669863179
25145668496767646703781309168225696347756403776913350234012956121991380624955, 70778296875795432899950646999422376819539528783410649190984292344389313022328
47079047748420663158788446106682551201427284414704545156487820406860498281822, 28460298482116223567557011950182972494473436934086990200064950463901583636047
4967541512660575367869476400082745264680294480191627629336956564368782971415, 30690606528939791568093001231417932465992560818268352016050643153404634108983
33527076983781584639991928482173144964969710594267188446325404854546216328954, 28117378732826411524095241082060324224349714466085751754122449737786267886763
27861012412471929970117528203486627164744358315540987273410711128507886009655, 163697125498024112850431651213674871169029529215533239242560375540621657657
40635698061777471697035720124902122302860728401244113061963446731062743540183, 34708165984899420274576350846016122046009348642128917339250109640369933573623
11626385638332097735039847813600735101797098620430780236593557650777446234125, 71352037413811210471178058163615831515020290043010325481938402298837290387047
38511338985568519245636744443553005904662697737603426811690405400544452975802, 44831016571814190497529799973765077789570534332660482327981735974902605069970
50433109660535305426638718623831792219157975354874621136445711708519025877489, 35867783562709393123955318219505111331465835930025529999964513551900197492725
36342298365735731757876257160271161382384022018294570112116464120474733666274, 27214692606742422336134088323351561101518434219824676288474240178680658699400
25965451846728819101854353589955004979391124355999096278333509984086514957491, 72815373444772593688648147059565433240972706398932808446276424220456991523417
29079625472538259519037064933752954073420132706693603934066782281475789234629, 15214605500375113357998385067526076455386402782513278601797100102698426362869
57664263516764253161049325726142672405831653785031387927989010381843921128964, 470926936999797409103621156018263149985085279749877750490091613838061921555
27535223107943237714873807833623208132687172343269481029422550944540718307417, 44457813397992097057901361802968770102371239316302054912532435478398302268727
1275678876479768622090400890318028295651709927028265455553050476176234988855, 29349173679103380898833771512307557893908314589090641276336519758678724230572
1184733083660814508538123904357857859649843812900881880540077035640724149303, 43324791367470994600941638959354787382919274199813688519884727479203367710547
50568955229018238914010109586470105783987087002787090031936104387011748715367, 56083541967415574453916973272914616941360030660431530486865529876779381453796
229045592683738316567203745202627021472925205574919001393211876334197734031, 57934118501853952939298625012418150943708421270228966693528185959821734420195
30308171077117556534409848985149023072347006411718861183116015418839023645514, 52562908914851151781906834229632896727271168587656005217725921175285735598377
60554063417521916227065110238960229337086086158095978568047049010716975519531, 65645089383909834525001462840289191434917241316164912001016648998252728401092
48144768709832068864790407096297646628731480066055497698423874471739601661498, 11030971225357702837042043764781275365334059236158502310095367892654804947835
50555720593036450302818343848111625194268588479788054824428966650836821509317, 71026961585156449420593512999834141428998990057805569907943017812589948289938
75851262507101874688764593288054885936049868725676358583571550287411282346746, 50730912085138483020900893444006653441526036927641053134604374653066832212360
29895753897485668852545950590530197612707369326767599519133362921584824336824, 38341816478903424266333444543097104380262593864909317692292272859470273707925
64036139068579654278772929197177511796663667335563198953192501973026205406011, 32617767550902132434784439059096734292747973774201912432986841335713725547737
63191963274982284194743405629550353383453441699595092130361759967342825880479, 54244573388597914604851123499844904927384626462297280797863993555235785985897
709008156780725389424149688613137138755577332296991283956691278145147150276, 31999427474163642572410149113781626647334552218513719226614479083682756233076
10956770078567352602500960203967809209120443825056656368061048939168073104505, 11115081812027202883176829453278280376511372267457732355278071177644392782750
46364535046556583442491058498150554856078018666842971615240360492638528072842, 3722254578876795178893020585857882858834278974820742902062723485467676427606
63646142080111903277396836038189880868931563741186980978038133605609058808503, 48370087693398288103052729083635082384179558527809252050101427021400995199907
64475188581828227049747906107118478793465390547953419574519095507008355954039, 5609759210180384312740449643692886740381490781026943935627317417236527543790
2342176544130767189261013510119488287551028724651991959208097672468397184082, 58173859783065375023453838188818495372583569511330440562761473877383174364900
40190563647448910953863009171950758789239154361023452754388222162446983058624, 39387632853294891702299874199459997092949207269489211223045268437018254900573
53908024733078216721123156165367232392566523458193854483066451568044153107740, 39445775474744845114167290738432064572696970681371615938120357193456580501009
47260566628730750309018321993112548863951809701728080655204173067566148979169, 63615986468819262760964318658291615102565066141504793351961781625229062117799
76049252580082779213766137180182978064591977509162756193224127465669968389135, 7509488876059723012639609382111555134606841518078768706525376091356230788676
45226282915404455960167223816147338748352380224385080619139949730335469057605, 60767923664155849051321990613400231206153549478496259213469294130860271676538
7364801188886150647159534596645232730539429022951385416835429646310294928760, 70700394782068668315878463576142678367468653539374082117703768561681728539843
27927119370023918226525051381636572990954181360210412535504336362013214551458, 1892248011391601077639567507564609034057329125593794371455076276899290474599
27328324520358731639180516017408478066815690186502099765025653834754855506407, 34553355257555882523901114659587514686911335365367185856768188761113072265968
56613897528296453057785660657405698911960982289926215760307691996497472006198, 10199807147791560215358168091963543337275595072022648441690372053704653696924
25187248965451899320358574322730058010632227091610844302420821285048058878847, 1076851982152865932430231809780459106024537110961803163562991808588307486575
22336523028492016821975794319301953965524837150531037452842206395495052940381, 50814962060964970535649333493559090655738827822917195210686977929691116457564
59450939493413862042900557006751011183193250640250814991062611073726845664784, 768846701668302648270467687355899049202185391944666087094823705088245120540
66168988368187894709963134249025826533385679637337293982792706523163358314136, 65944999365824953243445675829508216732234820302494880546188992945078649097713
3607324506189966372670762407423996483555216929533309547462450108899696738714, 3602064589737216014005251489970456429091325578947803412907232634082673405132
68044772410359261915264036734250828964838992651544266082364452345622985837896, 32589435005220491429306519663147918566508194607343858350527653051746446983163
64452422680853522245241533415696099969482971531733696004374704385810759794488, 39063953643147076758568785661529928214112888175533222436289812386445101605770
5247809222875775413392309875466979609718979613547495156114147332994053028106, 10878663464961300156899509235867398235692898796102479070716676303280668095148
54838111963383006428866284088575122280583943526933026567285448995930786105576, 25152750550712945011434919990433563374527316034275888126895838962238037871835
18684368432706244543332348229310805714391547352696809637491434714185347127906, 53848855147135293906087775316485172198948841463713528896690978734472600573330
1028793329523707588338555575418237001658582526029171610692445556395318208493, 7121171149271285078669317504000260226488210885869243451268112807932387639885
13836684840641017505789176258516373018662768285935861221184818720730364400488, 58869380074171063848888018589588670976746078190597414889621506207461544186271
16694203816481115612137583035640744595484461296355336379479355488871775167978, 24365242072151020128983165673316090613386988818756936326453695435497832065645
36022675681133466489673152006829329920948877104271972721980234885434997502814, 52334260430348355733186763935956698351403752940567482098924675605348024318529
47703492288654178272567199194262673119276316155702825141004539310240092892436, 41203985765431497933608353158890912911988284232220421661465811568445865311910
41429182090530113623707285302671986414117183702009859818783741893009843541102, 64767128147673836387520988799298982051125290536967428139161553312454625190778
25992981005727179021151359384187907068608045052951927968593058311360203085249, 14453142336427874377339149437284618215104635674042750623748626444765237180870
34039338848899818313282469004550693343109331281967987202843997855805063415704, 60186295001113105345585665845825265047407263235087913052393538185422562372740
43287704519382242828005929291196481786119017166470101783113606343674834628387, 42386368927542883595863633431656349141971122942618369314883960277453672957773
55773346038547490001194782183733159246176183134423535819214615218125422975600, 58619607961708479462318275160963553826716660900236577166518163169915504100275
19470933416872984574049290066189953577527129265832707477079022150541574267283, 75831515102469893450814890782017588444779277358641408834915205583200991083220
39547681023486238784220430962950121889059682454653225557654403333042282439383, 33381753684109613177083799857161440266026406348924562361269085297954504372116
73456033968356812138802897891230878104974568727490612766504427846578413525567, 33338630082093928159804392909722788271248134784069801914171916678196245592083
27431150810837997584518980437351925012830103722362764318194660935061620448428, 64443573654171733412602274570813834519700475541615452678084218800561063686189
27802406193436308340241019084468014168028838155146945399434550681905442982342, 76495313802627546865939946103891171341313064598249007747190415582749679425568
23532404377866224798682987820814003375715559215915102990635120459995984970391, 25530000618738508163498409152556267157650326998404261767558548132060781323914
8009095869191062999676185865875488949496714831552666986520143878408219531291, 24608924560161450792927455434550016642908798099910004012184217497549013361338
71594176103942926729848804586959309759950649357029263555721809249949724258043, 14631278285432998137567674911033731784276600515740972344455693801437740916929
24057593087271121094440921922330057211080990289325426979604388146656319110422, 40404038669488417033803786520801751979820157965265095291154772392108618158815
40557025488115362671270500560426407893931387754158755322438143038232292460613, 75961312902591254228202200167247682005039425231788969152955422582526507420430
8678500041147728372573778700501511998559327023323150086207254149249111111534, 25243533711151817461333874401714430092348462919003343260809290766531591531436
26151359635947991722223104767228754582559661135938094806448474081361523260539, 68112744794522969293943869826773305463273748696178025628452515772919953390836
46804361868915854034363929659472741387482872457262171792063641951863154256925, 25472772702908659133135304537360870324476627665837713002448226617575959041568
21289540987670421971298840947963141843863022214856944200030619145509442490558, 10053463597722772890652529106507237805605685074161311886600439980365058073205
67856167631821152989231173491283934283725565824139608097166917186796031788846, 28837817841994263699921882468104322616424262351936840065859621236657469560156
26277247165386134506559912480337514613581365000059653612400330704133727366829, 62410216471195216927802841867243949741072758025733804854152446051535912694264
54345467925950175895804187532098952850832309755324493348901161080346230293088, 45799994883256784271951008322058762416059728782465218210924242148989768713908
23041795659448558616689011513490200216502422253461299468372214416323724947033, 18371565260479343841040585269429124856997820216184031387803367973071730104217
46869346994330028632935696023531603506595536323495913360128722280459922892922, 68491632840454046680800233167781684627803847461103323045652701587741164046367
36935693739475036281594855256239640132296422198412521574808209976476173605861, 7215947002094827069297025227896563319480423065776849940632259033226138179937
11912452863319946969189823641475021104496918420174908709797260436371742893856, 72577877568957836878586415204092827363087076532741451576304974066903326887267
71656100154212454342284915672194230585294685804631945810848810633260028604456, 45973313210647019154791102854495175581639246304700459661229323270693688055087
71696422765450222315318000481883188676122611286615780709690596866755447896049, 25579637032054666597089224470678957713358467535801770577007919864349871213400
60997910879073646010803243610167392052953009668796505597001259557736212842454, 13339739844126415619166101342252400931505323993364862725164869835362510402059
72253546666732904753387966825611779675438504989265832997973119533063962246098, 32679120855311456999840035380966550632315271050542861637252701349881473245408
6175192982892610039224330501415909916573797377407410253934748432204700398410, 17090860950288082969671115221367913792434147031158329227608455673883664366591
17850108856706879223477389865333205587046377480435816407855005786006157453453, 65841555469763166617370384074227428815062900850315264705982362714961727511031
48110951896128601586621821683843010054413546797009923886284453011354970446031, 48128058817746450307849669636187751716754995469500461813118406553323416613772
52747662718116049890212120312265724895349777798565411447869502784185914962095, 25109162214524076953199976804254581176607497548131687634350843573261947326634
6297754030360759291814049758424081020508316433873021382142709962167131636565, 11146654516352921381262096610418290100071720286938644412871577508005369769109
73714057350979308814970868332613929101951810294125628091899094547312662193228, 46716640438836612174609838400989411901451796206019264820316647613603601815591
36980494867051858404757575413553053181936955761749576338259748583844339279574, 29705147259070410620470976316307361064039711230076868616869908433561860065141
32396982197086571556853713443634734431456664391241727061385367724549010746551, 21090217574905121979744919380753535233597541948324139922922150522365081378085
58672617103933878819912854777822044807528763863284293341512519688933580904679, 11340458177585705466606891089457632517150801911063103037424140906284345563068
66290808528150707353355653273458581840238600631249925290563135049926191213905, 60531363316173164567469332701268876722709101371481440483261187392489627480167
62749886751845665262063231947097753593892987791922455691809922050161464431784, 59330533755264666383967352948406731087872541281691280404914302610080562106438
63301521410399235463521759425201596515892792000557703904012510653094336080425, 29918723677897717252428476843084116680099163442917936551613585968398988221417
3349540195593229424757312456219801167483309486395955704724004918530584022410, 4071122693797085971007488942228922549619876113308853521297344284600897680539
1285588497852217963914468618065837780167919520197023285047163937681349181293, 29637670305691584402273852675944206630258998583095851648848485343756868165271
43410732491083847953394064725356435271004516793626414539780031442054394127416, 4491496969718073693929833257504782276891656270428843166746416043275888619012
63615688681947459972865066158418217579393495948646628736396377184936627186380, 26186793876792269456946184898102633321963178801259441711827849903963169853522
23254647812566461017179032386999649079124872193032766012340464305655901148367, 74397927718385079812608622849036341895228346855438380871284129477282358345766
11376968161917440420578461483845950165548208999711005828311642876833375599812, 40929207229405516293269456270459435311963007455140880054135378833669201772739
56088398315869582425015581982691657423793185587912637788336345588489202779805, 20682747997675407368598063094917674807204772666234588361018394486555616786248
36967911207662150581565461830119434651308677639886519580879701187558409410457, 30046093179294685476505192019737239109642884289610989161635861671736291516587
4928352746639866357265773249247281337147295390939676540327991321437485326724, 39416458216391429482343158356319122878873629319958416150876950001221054306349
2511568159558286316697097126956801071640657246216971920922614029573559085365, 31797664834742314428403760157272473600198691566025877576324121011879539700776
24694503095812224851376176696562976442648114199854779823530393116154676692239, 62578344563744983457122846459948633779019592999870648528524630776180075259805
14576013215104701404014133797025575281491222248987449162669950404878912571264, 41193057011121769462247490260490324996895597402401136191131598995675742239375
24690662769366930677252415211662116846876272190644134720969497995064518091052, 71729791193747199627394029528884957138578530068682656386695516382589544136070
19485948319016292852199445342576815744628384846966324205849198318631479773826, 35948551916158745854993874654897834986990005339013463115201477672407844137172
6888111044879327325110333135428640875384552483451769849714109460735045138390, 63208784419763324185374220669936519812052188253219227829240924808829461506104
49085246110579319304419813987627016769254162585669848449685789149672441256583, 30272243552137184188969827573406607113990872591606396939297084067454803224409
35060601633298257219837394564418002950243117945101283481819434382762842954095, 56469720985119890116810244718657076971916431871916546257715109727124129656187
14458813483763395631805291238496114073957662626145582365469516992355004153387, 60831910013038233168460650821926539168313382477527746875604951370201080921311
11691919595552279210431044067345935246071513463507206752697615984036065812090, 75746126045197932438770112333634582657681328818565635325433772505658960369769
34543178903450397449294823264351772433090359426388945356041924309273156616024, 56415467440406585458924081623517391290708292503627418582988288948364692888044
27797568098977373815181550203090764065841252418533957042488701980400039335185, 53380232419459707749663643746009232015446333194811288495213471646825251159824
62257772700249686333660056080889459679568376654207579726169199904472170808732, 75424197738301824338239015232619829259514594389673386559082145210657653487254
8846146632531690035622590350017431861009827136191783413646127588223753506037, 3702504656923729712744751363568506336135097871856579249581625442658296959354
5491211633001473645681708350766339397500812045281475151235631754640503880946, 25584557500000761023789435215687649555806559923408523813952754669145461119158
58573539726842929580975261714551830570526731137267897381542251676998892685798, 36175445928122971660024494285250073350992614265266686875387023163565138544713
7316538627245484039835302017606728700672317948868717214679104646988554166369, 51493950725627309471156413061826894239922342487324292860044597211158982644563
21077305665127578641547171401025277495381212274612281433270099407067026982412, 36327618546720165249608621728507717034614077013710508339820280986380167512872
32674455899051687074899285538697558825889746427197101018551361444784853828703, 71141129201764271802326064684843996126942170769067849639657083825049674853433
30997232580276025361360699090615048006056726591064376719051625085841181892990, 41413334825639879218125170775959379944561416984603298615716072114823800973451
24035455017583714940085697822052912495368346509612701025608665981739682361823, 65765434079935065232618629595348808847359053424921132356769487666223844502032
48364804806297927053731898049740632402951547361937129331218318907866367146868, 1229194154961291528919528138653790513241852925313743747923353305429249110136
73138746551617563861646246073999100484288178425549981056600648400405637918969, 1450682670396838777333572903969434955140926590558399292001643112679048701120
32418353836993783957900568595314938242188616888845303486910951083804272972310, 5696019282465409540319635938094996990848609627590863803535618221968977611794
69838645858352365341842053838183692003345905762249603152574299011359735863281, 68253776854285065751657881716229771616388765299473795627577549258014879783644
63570423527149274824906525140738717538950399240172747406736951229183182609728, 18851227344107703791916981216401168429442495831386886765925476693840536126195
47391840300777791091110323348208681521687668336863290365889660407694720425376, 30359045599772974544739267217093540320004758874164989237738446991670542016148
40763725024052561364675951905450971359235892220034551794083686170059749822867, 64861810670792815074920372391070283841143170649716187548143161507629169598870
53154452982266349539076099765118631069666992037250733011827457238588424212924, 5296536997089386909595997959361368060924021632960667451420329896327878888913
56250581811940401839998614219977414017240352225424277887786968886174361104190, 39051804341496677396969784407478031924453462715641358012455364777687909351755
54357002413710438553951663949912532981142413235525815420322334721192513364780, 50299073015847752565566633758734786602193829188310612408167655724410373385299
50564359060299468692875660403517318179946488142456235694090355715906986704544, 26716900740125667565984809164621897026457507320961564091103973768244259566604
8471578818795987608203350018091137365040689302519312229366764279200153863489, 54204437557729265695525610615271460457041103417744442404674437478559454108941
29999153747226979011376179409251036027387792317366660575072816088328801772815, 39563842312336498600362579021798803149187919983780331139116027839002076625289
75231597994068218000149135486839131076794891586936820159427628558209198821692, 12880882129121586474648820265044930532562722419210915005712596559247170389406
65768295169333544237316972947724928156744004546498737063979646521310474083482, 58265707498833894578373019140056174905310417249316736431997629240312751264612
23208478219496407555741132046297744716233143273566495585291276063010476615813, 24461619106144191325835359577199614968906538532668555440325165352217382884740
73489417439948448713194363098495799281713553932294623423005939752698417460647, 19990567011271166088634255116038604532721056343749598056148586430111446790241
69180364927354281221441489256394454746040070038267063543197007716688661206927, 56672470196150848332584395053467239341618101350514645998730584587808953006804
31636191442716942322224919307553896831255692311425794264429127138852022411666, 67659813914669562321834942556164129879094257963928371159605224785447977754384
38957428249948727456997716926360524215489556514906505505998644581026072745950, 56891596652942446255944490546662114229351909114951317601102958049264870024647
51504410474409838626300593329461111422208683588408724014849459750704393542536, 62608972751177483655269488550595385166626342375042941580674718073934095878987
51895165735856511380109083280789739417063496070756298508871875986052390019166, 53066368565142797344654770510724367624519380999397910569333082841985026739197
1834953811511967765917865017765009206712095570083886581844027675402897845470, 37564871743008211978972120972049565991295671442775486193325297733833157808581
35532169710798642725264212968451288281365179503243729239157854863714864804022, 43848969561633489669725740101033742566491114793097057751375725887795470912058
21453938878279795753761833853925371658531784325245991310248361117465987797603, 58434045351963096488044555670650911522960358763492591569976269817559246735174
48464922058557637399798721586337282238772653751022276612115859128685349599142, 76176563350563416735688485150170842887838688461583345886289493197976389928117
9627798402537151986024034483491072497724319206190857632057452186945536296427, 64874470847889315132797727346696549882884971789287928089754222396702952810761
65281835742870584351625738840108442622628216429692032424680547323543924298202, 72733883086217636039229770349227316979023710294960293039572172896587500120928
57353435629125721227720463794268062339085475001762978532023530524658106723166, 33465216966391060791638200085531832503668675073414578613557465915336673470368
19113568948687206487797390656845394282156110754793846879902072607792442828186, 2555041411676397884189576837749418317677959133944971684368616258252711791689
20237781426588625015379044129086318148523557788026192812811943297516454591618, 65352933570349078320197259162756807979603628337956118146811052524714697831265
39182755701936799033749031879361036805128443146270008548931214183087838924543, 51216313835786706865396331111977465781673119719780046646057819704435935205314
34394289210290803663378812723788537319518215049151673889800066428244558885796, 61079907456488262080000804393798902011518250472938472147352144218066963467636
75064155470737640376530090511860610954539348051131595658644055989913076730200, 49761539074188279521435007418632563154480337285977099421634788920089485555151
54151645735371101190047079223687946017969010123590396552322090517684856724290, 45257156344928403666117796787272504728014771817517573313767340457103231735382
50382574109846302566220433536740540502527448598369224350348634199512089670048, 9890201846814012233053230341930240187105064279595835681192673275573690571216
2520830173463851611871899951739666610257952691303932254055925559517806376637, 55661833081585744562375615401614507638095047470809072204183295157091184703757
21520579584025931864592414454980777810328644955414281860867479686579089245629, 33412782344491102550474977638881820056127291083093496009639791652830828470909
33901152760379312284046494039608196682780350411916629208442721965454092812557, 1887669755012648142530336988119946774610584523135705976785824676990230582027
18727831357499666083914778170755060656347978805053567014666803916057406136848, 41954384860736413495850945845046495223334841684011124734535968696092189898329
8364248826768473610004224167779772339529142908396736024917428020291700515116, 50058135357862012398736399367880806333997367817111158587611944241905764664507
22934036016485256247632645178849196927584757478186498317079585302974089471654, 23214965332913901124069841931231305514645790957807223834881214311344326619624
41862549537939948165660182753030576175789445106196142072904874382783927988268, 10127075162078580441156293957389733247372645663841563738851169751870447855796
42064803251936638037718581315160541435916249349648965465170685608099942748964, 18754099969180947042992308787499973926973057450044083283897535244342366871102
37445204602816619105670754267755084899105732939533418266831292280797086115697, 32122787600847628829943186378258458257684841288438579537192023313924494607848
65068646656234786082619634358751515528393615667575221729707588790753977801690, 25849487213851500267085060291118118279308986323494214514970869060867068200788
44110453424556438713470250587531580850150361851416930794085742694888143636744, 61095619653701707324850567858001868173793349246983995048810347747411666837903
60153902014227718916415849920720921799028692036715036687546936032116871969801, 64391476915709874920169571252195215147180481856963235206092510475070289728650
732782989185461879493906738594206902865430003949029545044868290719927916619, 47554830300658982987584741427882109451997627346846374417914910781962838934041
4207688481078057284534892177890434256705540798191168018857656111798319264845, 71230096064795292988206896269955160318783722230060180955918321467919705500183
32586368718162804386303955182675046956014898266557319297133625523738888030811, 47177238735447872760144326846276199600033009783867291019287674365992394896034
54525251776255397113972676034146037956389377742484271164379912393514988076913, 46717143690070837322309000291713876784764612480517368432897785519530858469860
23829746744732995190707316175116796995190935765851204982045706290952042732526, 62284535906073605690065743806923846882057941783806575751014512133659744477563
43306269748264719026493211068928912263101858536340170508791090007657867554546, 42007781436224119240547510838125666881353767856381311465132342815552270027114
9348486019855627346822815082542656807869460597232355997372575717736003941104, 74144338634537068329854739083558308921894822342754245403875693096565661884827
56033031557253124884553965605259354883063013752850710234213077801589511485058, 68653338689384626619108498534353919449817808108276969668940435784133919526087
73970255642938869060585063696349858637254803653368039092725346693934032475731, 8839447901971909297846505402290650694172441141085067327090008013575531743583
36309920237402046385825240710326136730314023660758843599761045936122734024097, 1547770138725706238059614461313861932637842116814900538759989242159069373580
53560052564991172718214526986471491184605150619452103300088214931869871789205, 5270887886540896544593142789344767679969398078599608951294069697749764061747
24363116603907203561885890499936499870387512815198064869771899127559655595502, 21501706789045090767889485716372949623445664941853202360942627070774535125728
68330902302203244523310584658712158617905080824212095033036750819853550617355, 32488602909261748814163929850015278922271176674670064073559271538744260309107
62200416686786363447945087285420989228887678710464981680311123575311062072239, 14670466732099807608042339372590451193499916599746287668888009240025742098346
51582345753296959659286986118620094761666537906808582068304673947109593452055, 63920203978440279305329167234953750093895325299235022077189354023127995808314
54662025967486250222023680224228193146846435326293570506413115697740670718223, 50913647351469128229801303133217617182200360050945770168244115650902641012170
76063815782516753548038012888875853315961995284450778393287014868410869390978, 44786113609429924121051190035798179142427138149526990611223974408271959108573
44824589115417741850707225686755077443424117279653751132958358447459331140103, 75828447862559746878155570201668621513534998476366165973294848099428431216708
17864869047770243033366224113313259835798428618304570122519990511360990089888, 39831976923714445530679833706332307944602377042993124961511215627391050832480
22763738918099957937174834931895309989746450608271037435392605234416139438356, 38001220585730642196249018591101352578155062131091488575844608704048919196095
26661492322903707732029944082135530958518201245567789683007797392674310376670, 18579950771433080412020713450220987907518679415180300455366646466287195369899
24184799348362999639107474403779799527586390611618026524491853626601349680624, 28185025235240374267740708355701783015403732307557607097111821793748951406445
15827241053226924011060906511522336078082217054696723704722554586792714313300, 62046585157496445797434171584066357956097692574478881195737031641542551806280
65608124115358673928986394763810071039141199250071932351684263577475908598038, 27191178989800538026096527569522433906556257097024542865788204243773760365934
38906615438798498777762063886409598617310390387403162908074216763019335938529, 71997235196506637181072411462100001045102315800360832648582521833557832300779
68735503738249403892826453531211413918718938163540220564501341291105415690610, 52539974522213495166819066879978099911419506725909349694010834709881225817550
39863862591251045126209094712911639742107041404840403631484435457254715104908, 10275654167284576657586055194790704110093496870678412582190517462921570599916
39667612312758968388495921206588987153541272447226886565119181903817554710445, 65154251139237062565632127801546581879390018270800509829241096831147363219089
31871189239217585482758801628320196367485282307521729823876997509141253124467, 16520397082969182183401739212749082565230880640033670327843317517992831306332
7937753047652341323440965065017643216676926520697204074762335207003016145379, 66279083300221467016721347086471498190731260436147212826024649768103590000296
2221524264397175100739393832350662866070285648251700243793541618926772868648, 41516611704807784863770521222077702203374412269171008798577345277972505923254
71995115681170449689168218689010177808357098526267523671090774875748244968586, 62532839562264412955628859031695696438288946546322480621231910858450590690154
48012373406290647504768630828062694441541645511528571454120444840357680809818, 21139783228840881768082281595415943896400839652912203686405396999802905083437
16137775888994913136405479489204456104680519697570354051715788799313342236187, 10293864349610797438405720761392336158512446449769845816424658975490194467010
11085453373438458240700903441915240750058397494501435129475241523037966780363, 20578218563337207085812156420949977902454609943793454217570529962561908070246
54368836396195766202290253319907521811755589512884273941408582977084378387376, 64346727490488026080084180563986585425528739632635912744960273531702830236519
38757557590184125690633906734304601074099186373420160098614882002523706902105, 75639897638813481452300402624346214633474526767329440732187214474297503682085
12268606692789834414453431305689913377204933727859694610702224418779846606426, 44296836540224462736953026553310287116539544387626379452094801476919879713869
26390357222108692600608801931539878819481046497446431414453014319742103227743, 66637433586871980247138862003621574948735829457747522399310927998315603879204
28121249106729167682981627520985179313551637841630051437456457538455162097838, 17129289521318542515953906936484951410686662942280788378636313654167751280572
65026289504231784763146109345725418079079343811408483911370349596612650149664, 52370401829454524692218546184366509356982730232111842800149795857600501019108
30051089981895455606469738253792870732225740517815375777836583736840293631145, 5889402540436494348456133365054238297777210727133970305931814003119524352151
12471404161764101148433713328893222665157707135110000108914888422184513797614, 50182184434750723442344797446024485501131710332145278603879818352112888798817
10388910640044284399494472406256456590110051918608365392369673169549407725200, 54042282964389065198900209091056103494672207969123383481795277534280179129449
66307526037212915545521384663070811723023214884352001508688817840442555421822, 18619856292692816668616471485473549253433203581847836788154856708395874047432
8119704471838087375121899796190111156330609830249414422211098334196159789364, 11626997363697347306232258051570579722507927530038372124700073480673107139305
35320913137095710738551137073247518871652141735829964932611058000406452208022, 51714075984601538013135393981872892360683659804089040512978431046269704870105
69375330776225826432058806614766232626267755642140584388237711561454606156781, 75100558236821826173799497049909406530362407004225276643122276310905349440575
24858197650698931379004788079510330910167576958898833254256758980874338481583, 12991179468542318487535275148993369461481592598062665153426544135249334050888
54189675154304686666824411023342698509667383938512533301382885545496107299358, 55140241761794984943560819212308157113933894527851798398387762719355481199552
17224026668667015833747814710927467794510702983555622213101955168912991298953, 24256757347008268495147937336063985594080882666341896144301928823234214240892
32519966993333888136675557761588661892199418109462259436044435956458467111326, 59531055254429349357590500543336649662142635406162060091366040366826317480103
29155595062016290101842935340106552209800994934082407524242772884966710364118, 18007827855195535762502594876961552851482870142882846582872336104519463870565
25141878661223311207916819745994368033223391112749555542448235637776321396809, 1561457737868221445968730642039943187924268462378219659202578220605465450354
72941911820385184024163698911655512475763214188993374079832599381963306745934, 22250733655224989967198722379970465684874778232389150257804149563793306115100
4466873282672846284922845469253853631582004253405193570914430166372328042468, 69405268044168998246111131143700579563481294335755419321016995941753509219446
24720832943204732851447847396351678953077575419912944719771312873778832282225, 1190187719378217748059535663328736363441673151904080139489179663033412086257
39645202746261276853237254936336702841746946347869587794017385764778242575952, 49844131370699809050782840420888849176948237796749882464725118923513658531959
73923344388658992925195079470320079563537035771590751299766150992896576201202, 70783559653996289735699895865263625781166090421728907365363563355981892259557
30440517715901272554002087900960964047515375888584906001037618009073382081339, 57147639385983807240614916924967669823137888533128184429646851566426082778487
73969396514337477033115549733180442033062281122126982881943211418483459050986, 30241372782651824418209659601774973945803674805087636666003213384003717062108
64107853370503005595107654577766821708067143418764392123568895199841895480699, 40802005815416208288370078758559171894525624685186919198812289990290834737758
72248325218264097737805002430349562805586759161505356678279495131496207831118, 71189835099946309906774088171103862234339394373933032137934850511563483237242
35579400165265744692591305954003647267803043116656305326775940357436511576195, 16107029705934363911455934411386696474668182525519485648154114042784869277875
20190241618474045295389139043930237428821921688286074298480009998603046626313, 10813077855169196204077646582087319375882122040495385835224215016959853630992
22918482090196288327312426123336806789888088858968702762365292274074670956326, 29135904074596883915557415430956407350560513111969392984951413796127434120616
45584712213097964607865374512018738347367372833917754556500728864327600462496, 24189680575051721657837002176097600073089273434324719783891427275246401590783
63875569075429049683524275607305189787892817483329218069615090193296392722170, 54534756340240667178740479734769878234686877837214349502165984139739004747353
22753714346144591902549436336079265165306085035161322575227197729083271010725, 20651720568828710357259089397439482869887921734228773395752666394169739951962
12007497113606745999894873907484882294166508615689577513355255882074931371830, 32767154363847100970729732631228806262106421278970858009588868031598047517980
37375171150459994979223592958391711178184340891068480898968584509477196009146, 41003120872548596851227320071581218443827055922376000576211112181467224276061
67561537467295530181214193990429424212225329126021695096981606273412896032505, 68518715878152602679240813734663620879572281553869566126447166863072883339239
8386725156282337767058302016830540415033952081212857054633245022563623745296, 66097325659389148327804608898147567627367332666836959528405517527867141078430
45951068482234597215178169778086474498679773841313622526273708850049120583613, 43209530494635989245450225162375365539799663388338052105421784305979529668721
37218847112656121941940563579266831705759920383975430308989197495800263730220, 1289837146301738419632179185043501263674286298361543944133623438475681450289
34070999340152547030579910071959873270138100078529311063445037770245666317326, 57787769193449555308473908880732135072065050063763866752207477851687322349121
70690758224831573693495407398803273893591058381295047834976450626996594254453, 62174222321615868832091746536638688947232484818279467189861286660490603614940
21617545956930152778031017926838774621532552011124224567150027948515021982043, 23775812833297454592884293183433168177642989862300210327506914718452594625565
7538909146403910631617166658175743998810615982851915531556089668516789674090, 43837694272806572945797926865872791112135656674526956860555093337199774662432
16799421486473441256932477025241924695116757888866482487531836509416021175155, 59960754979610428506640712161432518607437779596296908826303676161260305583029
19902622455951865776471775166825922091876730731168485279524816753378768136349, 50682217133727934522728456631365928360229708108140719415411692259319595846470
39080862135261433110418771452721620539295274731220034654698113741620753821334, 44901017149031639078096292594597114837218705232108210069536648653396856507825
66656579797773050896893128808121215542798520059811550452143226627686072110935, 52365699643144598614509587720083544017553156672767929214381838346373752619278
73963949394135131457140569870073076903370659899313789411503560712818533123569, 20432947201502498995952435999631884581706461379834910600141501391433945223385
3627586432032854164027501231925632347399291029253999750162128119444270267003, 6067804985372933954757612001314938175845655810266588857988686947187705256986
39323608473420412801508298545283745365905434225102392001375976824737369801376, 12925867752159979700372892259177830080521806528013511741240749530227126039875
18183539796056424951774405149547402898899801033064885987047415732158875250004, 73895410058766106542518707895856380446560939833832302465620636754464587997184
50764566258675842100698670125484274985336190718780287320305944030218600347719, 5815963954186987696873683981193512225197397746933413412289260473014997696590
62769224042248994971226668340524298988169964997052258703801559166529236557475, 3879620288470125001056317594156818871909954411567702596389416553365799063704
48569995910067714803103672428455695559387764616128697837029997525408019485661, 1383760836717673597513244865004953033481118783926664298353412409533358209525
70245139462736211277277531956574035961003341972624359631374591240695442097175, 67176319747484394033165667476294697806309237160947818413893313271842695448359
46598968080795633861886932193317722376059286671149696902217928534805944599522, 21394148781448077683502395210734819494257446600126229874209833956370084997543
8840317888390602885866844154023137887876934010907555366755076988580189642364, 35455433355114964760343686051898645992216157491593235743186855445453766586379
46805779204074066019815873251382897601385545686758803000459862197194631288044, 49213651516856263140910228478179850193038717299066668310123662289992279171622
4366436527418246092888165904442716859905853259415657758676041392530637449541, 1799462845391203358247535863853811037189579235355133947900295998911895395070
58873538791828364035014232031730443988896862024221402106608040126471111108039, 18644448910045835012648467513414731016448206569186427959552560885054031449550
23166476653471469965488100011533346698232417501904072434604419408719649211437, 3647265025734948348842662974589782855332921434076604101386217296715938566407
2992047200242400227792883693920875067023540187649941049879854426012955016025, 59996120056009467204468862161878037817962181020514774647484952808286778137088
1865978735492273244892827008829702069807291480979319862658782751848415274681, 52985857105542031445051495708318378790962247807784065474399660833241540134707
72688658145403445605862731685675194662545237292764962281465130319500345267651, 47585380887959700905933206310558980617670221328670089494467901347103114364502
64736501109976347010316569768379704915925887390079293137624683406855180704823, 67355045809970673237477793922140304900290195626304545558098016038670973787477
68306306188544556738035175015821044845372278810807468241722627188650431714297, 20218018380888820098641877188528249916933881685133219852348530114036642577970
41698383381174971947057159838348268935898944369915371639791926714219257550595, 12938859796834610165981733968035786268193626356761783754045452508684297756406
29152885972188126080922108260884423266161139325600637749426417443790435476801, 68622898842128819935524006240614328744421873355572894212417209132592867215229
41212122671573006976913408283376755255947294726022719457015200206743828268069, 62633596063894989018723683673733963352857825008224619775653545000873387106494
51965706170220908640513705732645225426806452284514874430684760411261904209516, 5383092230828103258149583853950795154803141798224882383571659059292668354724
4217000039689544224158700077292962159398663623618909744624623906136899479776, 44132320983362926285973152626561030667328119611596512146504201338566743039817
66834179942871359238597844872527090262000299860286331644880354393665292941894, 70193318868130472662157271951912910237704918401660418428909091310040192595546
52736361839631131278731103950002677139524347720856821673651998174812359422317, 69846776776845661272284388099667990261052323933541142433969274064297452902716
75912063110428626353949043009500674520551271510143902193524613436462892948624, 62165647346930861915507357377562206997793059838878329690511489033825031860934
17710801939667439988628855167623749216876290039222560942524403956303782416965, 44967374684924461213942276466365464682229857305086745350918137676820169756908
27995802110726819200808729311993240415170476529074064941139202739632316137306, 2623576604086521900073141323794275389493932092724132078747412628040114469500
38356987117789013191662276331622801202060239637485193691252737417273334553814, 50016496971165521555148620621416248588939955194119538906097712021854337193013
50376411656325579623349944448752206862463300494577305922057919876197069665628, 76257168492858644037589467374731403635870987209159843466023619466290303254921
47221535797940774274261058277445402369719458940331520528610392410252375581377, 51650237349351329616403766846454392816240124454839474647056672764381788949709
1111358651782367661477068322022755874116786061668638402421014543705938261390, 28021006900028808830807429162016801070892664543987084114162005879985843508128
20400291411175539514312838756986760643495141446974146797781037888082084477196, 29487386229610415768051956564006401223816172732546754919739013712917389969910
58668920962676143035497421724497213003634107559096465738603696707543665938185, 21552249596337396545769863933654423234970211674461669735267783641450764279949
12362245150409995334069912812303060708505480964019531852483288239628104914274, 2387941372973688692281582096463398616228967551410034680814314549989532089389
71806582482676831759347429860983631969652474917313282355010381228891078016262, 75006530861675205547842120746512792832287957276322471092268482566748691865025
41582422299161260847802881211535034115164091911991139944152655031741483135719, 46675318944821897784475033998025353380774242730725645424737669605132285349233
11328153516000305688166125495693670473573040049423515056658692830701884519851, 4392720821675043485752788085817675120798707909025155444673540492677552813549
54388754388111467553433319298519566871779204300947052126318897807509405549656, 11412973066026073378707620169393389724845260694457672992443593484723859405497
71853187412978871942615611097166389613041341664959407363514936149849344045919, 26330039836281324587021706100127707516383056224000650117546343016814444712019
51742545133183117117263089259003011812586734082784336193116614304190751183639, 36449863444229701766445434345879053209982861277731575817719413274956594980339
71226509314353271389203261750745705948270812358743020022174489803291009340629, 33727701735141305248354182004380588713457946123210503511803882393169744768955
32692917417802352593110563405366841811274956089539534358771634137099706658285, 22965160853795781614404853247848535425996871682480916303322603448321696837320
70754889305957948452225907350049648402039749987407953090133712520487451826820, 15070213075899281599402192790883416851042469136970020971647401755637336485749
39336423422612394554757129286470030379594532124813431204115413899604949189327, 8580109969647297454071613765952746363202671904158279076838606125834631972939
7192435508283773631811949055541379929264159423890915763664911325462024539902, 54318206896290182239330136697168348535986568641182907323758978827282017080806
32609050128252536192557995882001558475747169788808108201635105987580346773019, 45002127981274560245048512116111542654941298565565240410931876900589295765692
75911770858493279401740150987876800398568676369471241124045245724599826262627, 3761559190845789567178619948918584020504102671799843044363124844606027299278
70840728017392939623008090189711474641072094392288083512385922224103347027908, 33385177068067601444566650681587520706850691932748637678196215965204368929211
46528042859246002317955633853501734131234884009672193916174773847941029062083, 16645468316126783645100501739441502856308611065767256202825761413963000687039
64287404837247146047309346709897477879584909644423379371061061168587717553905, 12929179024344455270780503417936792026284564092818897531468180133590417148455
21424915227382338683792020256768385913633190531250890119088233620532012209328, 8934197700211685136339732590984393585514780535471407189933950319140553907888
74098294639607776134172774176680074151159859180302092226812872983846217962771, 72396270089090863030537456808747868359622515896416866631656202003881077652692
46828037482664232081905317648550167646111502952783534248566654108807180768280, 40105196989229033124796043771524654756092727589119513365879962509023700804005
46452158750179061184245770811401494551367483179648636214051305894255488116008, 30189389295014649128393882074242111016891519685444616535581933589490483803135
20002551605443184841830587073476567490233786464828046468303488661008923409718, 23663570803489037932358117722560437845270760061940142401206475838782628836470
16596748781275943229404875152232064856319086980901816397656512195782329095449, 1439118664924769307632462272499419376165260809856924140830484118768450328676
36158069475437279354302944917130653594651621239930706350869380539714534234288, 55627370265255352141162259428482684730913250879596305837188833874833123470448
47006504357622722019236823425149109822464127482573832648221448496420563677201, 37235616182472224988512490250853039045041283057567145887271054226217217291390
33426832127328021660455672759774531570774803539745944780720365074118544243186, 27821912340514955732648582870278073369538115354396071191673181133077141978049
17407092870429837339666125344888849099192267959621245845249308148052868210533, 14455816225163364111738629724153639299243090737347927767366562794287574492227
19478641938114616144467061112514425810506485935920586447156150665571066229258, 20618015251982334878272260667527104732918794060001801372000248838043870178109
53318181024704915188532997860050608179356718855699242146317983316324804328446, 69790101255721104957105205115352078508298096100935344207225802760347384481085
55427485525638848178771495254161999435346062946283745550322009521412522070727, 15487076313376218682767843003361888686442918974922055949230158682624583514312
11846982607637664138349601875150122560271323573032225440437765051249481188861, 49004008362408434408489075406802713479527759880422091842539491797711624721294
4646219721333347502112225923887763524883877430260550385870110290114309292472, 75453009774766894606333983781758403147233075238030419179227308770038006549043
67479679053534720591738352073361922928780555080466345606697056686153273633815, 61947396049731698025856902552697328807780460895264584114766743023982262228855
29046848197671065078339170825898035290710665059962931202001807521745568361221, 20926166403580921353027153473426448158117486325262707107418096506982243136636
37949224609879072352260176709277833488928339835947889226123303597322289744239, 56977079757928810101293994020885368920793952651411285710940245958882360772359
49967869844586811681757969830664799480423802917620086172092398561502507239993, 62927048011845324883794169340350102703267597005139882731146774670562701978680
10894442082386314230470051856150413478182687181716344573317861216940269014327, 35723564085439300133484868398299628859519316402190459810048231637799074304427
10853387423236572808481734483069258203798478384874140883574839143924767898835, 6321974833578400566799263710284409694916031765599877695706540628569863707622
18377113927073116135164123301408957640595219115738375829256477220606316336679, 7228852496610029508051855807492577083790391467195733432164931822324551396204
71256214039776046637758346998645040209584049423684253534458059527278851019440, 46103887165235623500013770742543930776117014066952055223655964810241494445646
22534531382138506605517625103522567376752318012107482699689944409218708519315, 25656786944100695918309305396061294389754554828582357430267644548425491076985
7062396553342750763191811378470690307984983871564309041000462360581980219970, 44529275671217305427525571818747324888531510020456005805535874235214314883552
36059030151205798350803983591376373645043858677562042238518671976421179140167, 10906446683714943836153045208205613367045872580034064869462740745324319047301
35833972206674219863822866547502757484847516172855250557914032970700798873545, 51502397920885174062231839268056979732616370175771002177614994548258468480807
407251466896638543476763540533003851279569787348820012371063395554902365671, 29913984716657123292081650678887088185354150873338972390070259351748267446928
1951057825211241967564330952057021359399914689792197282151492804704308305678, 55655433289116237512008881458378348120742141936285577992174913472972585638464
8160942195417016578156261586155867336771487105836792087266003821882022084786, 54544648762035444401359022968452600106987020684663304965629019881851467492000
24240721287388613472413183458980099275683784222413370825638269031066803542845, 20071942779078805661886583902015390915139929467764322915147824828860170491825
17966708973911373732498581540930419480178252833494806399940930560902831858091, 47753828885107006205422162556099845351856376764952956492241001342511172618873
39784509069371718488722257465367244417790298120489159968712674772419814559028, 72639470356473000475309256099673338480839748043148399687976174221146475051592
9410979986237336513535920985743691880006635785437067925702781723121821104024, 6002558354045250307044753326191044147762184897299659681567814574674748865137
39740735738919898007303119871551159710053783120423449306717926628649324154114, 43583859235438415100593462200532066827395983850015581992886403594166264957538
53405133820491341591700059124550347999276363670229096488333234915173004014309, 51556348227536318419850712898360861540068711911682219637510037619794974386887
58052665940441397084743278122027960138794468109977030281400781693737557785073, 51241631788354324500870234369014674743829446755702491814346257614278305526046
37952037941895329333172775351166950935020288608100125655915659790455504769485, 9483218369424348886590678526387188574416515773473512487332125721441081301141
25435583238107656020132650146578881173367891479785586259490869948639631549955, 42328089407553441569806495800772671395791484078813082790517874314133547446032
35535728251058218286134881051834369849280785929198909307803401286277147257918, 244035036223658053789208545281748965446058227663239221301920444055202483336
10756325896303412096193202353143736206631603532676492357828814180594999002443, 8003555361031757095293780514652629822794915488160889127687978090915068124965
75389286343062768125119290528327109975621276843457206647404942292710906440370, 25835840282853642403818688794787707190490101747200323235973409648349291648985
23579789994572391851584513729787553703590462805530932800991744978116717564273, 4385675983007180542095622930001517547410230715470745184586279348099061122087
46497888928800550131154083637576347118383608638896373638490288150274124627645, 38005192645873908322349808363064486106151214237566749848692491151894593054730
18524521572381774967325367779139884725940515222008045643115742698605247860653, 17637784455864822237883529824352155803473399938901622383457035133049380731842
42375800922183634512248592235465172680677354539327781462072751078785226566032, 45956213251511700546223760411969898618805384128111291601421205865465356505031
71604436332557314658099086381124535812744868911217087536301086812683315156700, 18436399275850231360242176518420488838495379406936518403156596918129452203439
65879464851739466209975922103076617455803294775883462297720529320640429549405, 74698577262903791441718551067969471493545045902119455768067295820489321075353
14805567242708427361376812845997036632686651867954255973316269963842508916788, 71620101534885882706127016896044873236449002169980612806045682538596405309612
4212223183020211109237408169670510502967828043036495792852840781949459509334, 17465892486758317530457794443146183938745875358093863607505769294865133110227
67547285066044411702546927591844158449129818660669434967259108886991752654485, 12195545351873817273782421118576894524235564823527522079224112432390725502033
39111291904859739203631894920945516550771782636955218427010926837145490879276, 17299785258460755897849734231449881063462689720230878272070721848808742218638
32195234030016014693567268234641090535446059437622220076742457415100372058588, 49165392748593667895759078337748177523038200795575757218945655711562254676641
13439603053721639566553712166377371566806653014846654368885719575914452387108, 58309446430313172856424063145686270790138062317366099555100831348651765222718
51097905314446319878277563301527826220680101184852656206933487198093111616496, 64659111298357796317857556128167809809588228724647126267071969141308213475
169519808108351637736799681572029498527484125128737037565566886088077347908, 13860786397275458032859421538916870857032400485554571159753447521770884158017
20719057844987506638588713383121760331626569936958310028279644780780086341616, 65143766890889229541653740214945536855512133109551126622651440958007086727761
64214575006454574388770986619672004589705814620396031199213501311209587477552, 74629382935497965940752489377646580476127112560956539134340219811770811215936
1019971507088121123603654261104626355753079908620842720375103052547871059868, 72385155752764898938739363736396952794453456121119461777816622709638728531145
51819694066895811063059403421723337747624422954854391550402653922592081892472, 28501792781067364256224387013289453450018367544708441299946202754233858609558
52773151973595807338370047552726915762754614179901389802284522704296413917372, 11874386615816552058109983858506619434328107371671430535109654709563979054134
7602032789594160997629719453821016673844465808304153804821945219643070829922, 57786197224619914644380364896950553421030906950218702366812597002944124294870
14470282484555851569817903600403951265802330868723495892807924508038759534172, 32065245571555611440377418510602434237465380407699916399884089515124671481367
4989991091601358284437157448708301844602334494904877387870199152709118717798, 30040469202215241395602303057391195605221537675175572382623616105775246275692
32667415519063512074040813019067052367152539364443557855333307075448239786152, 22132728080538028146470018442516519108911724573233317146085588785099201870371
30650409592644008287774513703194056642797473659756406796591655766609993661666, 67765220943265151214651671974266116329135888071377420600557920452112202692986
46493008852807153250793418057060282549252082901667487920206574602713009606901, 35821269895207601767083659375980207119222285156663410462125758995004964283623
42971981881442187825191318625163447341893285942470598320977016869981529165398, 32501552643790310645522164645239607780593743271333096331470547427314785807561
73969959831021216971380885947574998435912477333135298581230575978479506581392, 58516593854958759844086891875874221308702270357831454130916593277790321449022
1829995388098278483440467980484460082213728487571786378089960056452645693394, 58249013173068943023270166524053662108568021288206563789373547483867326165632
74941599055765644765719092527356743332917103194237926870075846674042211759679, 60932452273973562505461482928428245072566709618692361423084436479578291955569
51091562420273570085312479458179739495550769039809666730094535017178489802293, 61670855260309539517365481372241177231938187071942202247032820104999843244855
6846531522328130645039676555399781157604183087762213279373006060102599918344, 11654392861407433536507557440293011824770670514524820609031262162352462103898
41052454207113083918910480305174039873900581524999329923141749722870717319129, 6175303550353858771440148024250632789479927638336366516794637394455566390184
55841293164950561185645456877364418045540286653142279161079708770529286440045, 8152899236446876567919590860959917087444096667870378341442879203236435265312
42153904390007283479493583772519058627158473592972732562701451276166675834105, 73223579048243752746069675854865723992433918671361597744345137873767143275924
72514430845385327222324268079150816911177651891601138854314677347987091822757, 38584114396157357253850616550493620389850255724415995052611302745894900316003
23902281784193518467485870261731837520002332773681343030870362961489841501010, 46483505595756043390268128027487137846478664359091468980738950617217322040249
63497734253391221927575971220987076447211467032905918234616434102576729896390, 35982678572692151228674084158625560117328595069747124657891422158734609354119
43888404427975550184549022829817981878886246439990969465840845900963419986473, 65222726765236419915845406629586735585782841728971227507641639381842535579530
10486586000534624720487471324570862673681699632861168165603110011731471546220, 72623307414701444701991166864362889869163753159789591292174507259399830564933
71705627794047990813575772318977339982331404703879297905768585146020357230219, 25602133033009701121248247315939415707686086150121924978131325458285859290393
19030677608621714181105305463553069645684948354118991685568504683283808184420, 38174498830039996853140538981516823033568143078793938509282647953812969401524
9282445552449428100443118954657539732714377068310880703165255420255043495067, 17264591983708120807318818500550350363577965995369297711313881029751030543824
43230575837474898673658074543957232025257592162906181353385360563789749107081, 50645477156329265932769454121947169807700725967848552426881646292998902793725
17585660327225177097680308792597908275144126297775673778023827625280271584621, 13888399067771711386290167083609019554133431701200113111365280246907454348720
60305937888582626858133973534431678693499339234745371599886595394257132214709, 8099257162043190832917058567900411020653758257504505706767097202375098559002
23058103638969562781164704350125139981172905496278111476890903943060945740510, 53240832006248632559778244378935259366324219440920567018496628419925604506967
20926491067576202039401752812307872796446425563085727383724589648625029347220, 55652472105119253434174476018832768579016325004093205123631940540223504473486
51159150057225107724443959614728606926144913226074207503288478175659830094185, 74603327409619347505375292578568070036161775956978984143638931671544146489744
3576451724418521732322990638398274036683210918502923814763494067909339283419, 44380535993194429453903445709961703545784471516378903565140585192510416635433
75103354660702887813603536752290037223286684045280320341910530191818745196134, 59989754896525929710708943103736121502648212519070714829423490355296224104166
28971536806099795763692897270715364039550737198685506809869530344619115417843, 53809089202858585934867834721651337981960502265278949416975173284273839356059
65803768480780326135664095349973666588123326307737412936753108266903064991946, 75195851356660560075765723674177355602249471629246655268829131808447809495056
43874985021620461955857424064189636926726399452609833776626909449149463237824, 24501798551604969141319848265309913480892142360422167926945660406324178321200
7932909530875061863013155750013355758045972963436491557635027246480003971555, 575590208076024533037188245883021646172461813692921071220645873011682692762
46857569252274113499474237901087907453606762586181487168541860591687351060422, 28464812033088376177747076048748530260802965959665112476016741563699767111701
43761068642440460052133296834030654361479421494338880470005055492581466724902, 38475691367607655713454293411059162927440717314995317363356848987569988034576
63405739217197449255287144361964444263483001524543116730174976136184011675845, 48721642822055846915080897071894439164554762145986314729132631982775430246208
1131919512028353018391250765612531902005228137677354873284600960755767929351, 40197370990750685623105479015778599705874533482644898814770020424122006846059
25344246540388262490429303900982885938713887599663046263043521831128591166468, 23609160490608846492666918637967971396023360366271137823990922301850033805369
35595076842837605959886134655808156014806302080692296995148787449628613424614, 62616114761558012838470614109437388329363331337559873940687955165538411024875
12233127681816715335607241147219509919823433443290321716272755624039720495040, 69638724590756472219066437602693780800152193260253510773938859656007973842284
1186420093731631611698114197899872919779394817686188695645896797412763626875, 74613445399053018288819764882540896068740272052882415773340819388551529610914
57888079881546516933687710221872896738845101356029495847248642181795293006085, 45631461934656116085385713101496081941155097980783283529478937786279776819716
35404904109176241639033978168863663279048167795199575006407441069275000688619, 28156363122043339723084332725396586894110083081250328379811904572502241922459
12748926253578197677152634618815481491519869227333532538799361193101581948429, 29038323737290333157217273660311936408281257145948506595886228260449376769145
14616812870830561326313169917011164844519904366986951779724289385654616275595, 65159010176174411636658323916722570580950480057574422641027676132889880210649
24774381111599031493664746650906370385064187126188004990761531016450312580371, 61191395843809660900743103161010673343371403444891392632701797879668395809859
8398189102538513331140451182955692236603863732834810668747605049686521882481, 26771315398008632490538126363569091591390514335523292308962562050734015120061
56809555298493234972610567803687016886122025361164538019864247891058301460541, 52590266218558999354716108565061641954245952226704880425817760729928566923340
62895272342333656696027122980414574834596347238487872021728914054081638042552, 12176876874342730124801050781685588703683279617539522563346015083691844080095
32425423979488605512043114794718499848911524939610734006707866330589374093921, 71472047357162956147037838528097381458831671295282244489012061977985238236536
66853151706250775743948648104553969991244223657224520819212875747337557627449, 38707573206081224151183689577743772420164749735830309169434357892813567986662
56762818973470554223724910838877943866109497897125564426975873873795145976494, 59566764700199580631864138106127457316319749681525177652042665246058611217100
19412534872173983572889500885033420653047407261932825088029703373958367607420, 9691003917717759734490910847444254233790660397144715483667769366637822988718
17417497331633052244094760702220407881406666879249005145485250289980304137663, 46263117960661630010458701915201645232549760892210814942489685324447769759893
76596181672319442058791036024972119598190802315734327806168960432015513555692, 29246068464778197384010866221230031822165097332323132527842762204623220937034
38689973821022532349969638587246273366690383635135766877092511125212049956044, 25444128401674219945007745427341712975795583803072225551104257480972136424261
14727404374296346571796633505603672479707417504193097724421214386433918949498, 23352822428205170207859459469797405743615080321503796753611778396332217208182
35102194670480509732155134899716655046552283640055285004733142252637901358690, 37995441074100994318496718807080570348328222961511533085204988987031713606989
52160040993567457285665461118406068668069637762626484233343573092838164160971, 76367636896430001487668150955686543427577029560777741380831205547674333870209
65443924539812319677678816971742538875490570075797310564206580396355683111923, 52367552116418519767445528780008703035797221162534062681470291814919566738614
24598359489188709084765106679897835773373626093614174710548663240810587759307, 43449450404249067129049456884032141587363094640797805108266026963348181234258
28536025832730912251017030696095844519301028115091384554139476923616674987396, 4460363735801177267785170916707366184502823069288421552436773046675054655369
46650466561229983909481580192659080912298491125206377520096231448690821237922, 46759748688964551666728177406764305988362304887374061444244248381409542316102
37204828795709483168835828011124388046394302161299193678626649827225911260060, 35204665609708584007013285656409480140570649089874621397557576877899441020542
61785681029803998715733378753674235548427368634883410254352558954758402154252, 9712590280215657671817570598621294583260089245618213120512656659548972306549
67287375104255109844117922128980074452668548428087226138839491865519994686068, 23792579364900583867171597368528448964941580293832543884422242095253497439847
69914579842138567277513283089743405798558482017010132194532021434432426976844, 63183420652145972201678206617572446347820434933963556044092773186200720998312
47573296378963403088084081214535867657177318917867277333991361585722490345928, 1483559014353798264338378598418296522374958883305005954109692912105565099332
31775421446822540797807438455485812229502478858418956808762912647726309181779, 25742606927520521310337914411113440132572494953583017111984670526464877259565
62008074636134043897303466147772485840472716389571838020550749665036438176816, 48147394330054513056597938503318996949564408830829459242385624637737967386659
61099046668949943996137441001957400118653764902686742757853643914059495588092, 23397461069454767473575252640371292295151171283306566315881742552985418047832
39847315288453884364385500367098978023811717106151594232145515352421075919805, 55903907142252268189599804555653992792497026454267864622454452377967382267897
33161302680390151172266186238075170990063830704185622936549949109470064089946, 18107627319644246468193245203257287975624285580750276469788262738907366881708
50612285636062810478916857114347344437905750892924316144198585941508795940238, 75964533042381392915158982356997423714753289966800368723188869775568855973940
25017122049823908509759568605289288458235218980211881022613026026056081820802, 51393829859568121037042867109705876645302926703863788213438162953848523022290
75312424185570744298066687044459209468328136143131190437243869283082471727583, 54175334249948811442542533438392404384086243806886031525515396278735572869915
10633924878358523441991577529060436886209171291014960830063714341423802492718, 71402431791472305458024863487585438927658912108364683579540512617289236331554
23501568202889331537448602701743889913045380229830218662194388230787064785820, 31306928967213050428372398017104019927600166622596761673678051058984745475816
76785281901705505206906697416415458415467147206734029738432805349353233185225, 34767804947603562917423173642382810400129965643904469153381202354310834484847
20367237267349283863387626759779573129271568440819467184336643028725378856089, 59212315142652613327993142665634484256738069900979458237496914704392004000334
15493424414890337750206973412011470349340440916748165521741988630776061373456, 6008223277149435549470717268961895498201322170188960820168795289655541929504
56653553297936113591051630540556846533058240878722315695730940771274277675503, 25411191683177672635983178993641016517497420856375613363878724648723180316580
9488654522564853807251919489826485561044901189868606831697165229011851233437, 26261040144235524435493350291581602707046846724109993016978504547727280458282
41868918963313887174265466833413183028305044322465179203122272115029259044223, 13532896818808837048021544600121173465358298271851453300242627433329016716361
56125004586450426559661774903102824259667327178396835067339682059372564922717, 44328994781778143275221042413707411397568514815777121975845919055760534334410
76258304096218096837983430561737996453354494868059507642988909657750704448139, 25906737143221098861262400553192580149394065307976907826664235824489299936904
32221119508118223629362732384272200564478797863160131575079732125760652488540, 24760515186607272694942248473911281251533090773992119904911000363405852976021
62291698154459284748934727909732722518610058663781784833219136062525478873954, 40790553195988265824784744166063445458150739467548881497100496365386021468947
48371451514711440281073627948624296926399326672896169049295460458149622051242, 56695569431240695909267599520813490366589846145405015573558370142630231705302
24334551546328788158352619247780687589626195838474168558961393870661162459586, 19236270156707333672692103863868210395630859761170240411329999449587977717348
73460751725420231294723600481599206782548655946704125473530336971084370972107, 8517172815235472523124539816171232407370099222014366727705093088918960403884
69574765403738328743117689860097485519247125228414690117675229811738603052948, 67535618880527225421881459451961351155559957387889597347124941225392317938531
74370433998090183724619312930970098191774939594402084011192258549672716094648, 7499253081541405942691803686772092531273057647115269159088109692340346748518
22050797107595639806286546559800424870497700321502566214940749785401367535003, 45044838936003929281768437818278346348599504590425134388693748345476446216566
