Elliptic Curve: brainpoolP256r1
Field Prime: 76884956397045344220809746629001649093037950200943055203735601445031516197751
Base Point: (63243729749562333355292243550312970334778175571054726587095381623627144114786, 38218615093753523893122277964030810387585405539772602581557831887485717997975)
Polynomial Degree: 11
Polynomial Coefficients: [40, 51, 46, 45, 53, 50, 48, 33, 63, 50, 21, 57]
Public Key: (19729150491698210191856912377250766266249196040847992709799344918894845258197, 54655615085094232530709862617802149931082337245663467200811608238687119696426)
68422920358105410353416003328993739259730371568301113592621051163409460004722, 63614080293589602124071088067134392239496339981370332065899682552108673317833
52065030725475081700127592741990721720396394014467277131637957871679874941653, 47896144110990912561150907550578985712172664152509900450790503764577423151564
50818032966552598108192227259235017073761493759567428615815233521850363867709, 32028755074355488773901584328915242653500609890886909981000097949288809925707
65718290129480941100442394269607131080696374517404679114356283928964307968590, 56462771168569257634215551475730021588229451965509195282897884551257267848346
40705258941289684969358611420214254969804280284849092365745788514906712975820, 705705496435639568383314337758861340861763746068823084382538244981059276747
34534173352183152912848419807081342938516518520393254031519442748956952397944, 76644079652153601624420531844763876082455796327682267959254239942759732240882
32979149192045016750614045953851856208291923164743670317814266084369477838636, 70377441269999302511505950004961870931562176557919887206464884270914903013519
29306956417090013437036813185136978826948363068877008788028970321546184146203, 47897330500012311393703171400119780664754176221394379792842910038718406711588
32403153203158427946684493241793471187206356219739392905122153543380253963979, 75288324808895694613285031738570446701124918706381441882384243982281909727640
71973543047591890045640675668270984257670851667399443955854570467053427940127, 63182375796598481410024091484911065455488736759953201315230793143800403541069
24205650286372905694143849180683573469673649695510843101669249567146807885912, 44509080149929783075832372497783194144549456743674137922713165124009638355769
28806679583211817550089691977215412145853365113492014185159998649384217703772, 63063346303712326187110762519109503000534255913319785349845724875811905031061
60765927475283873934257595989438704158280193129029708947944605523603637821471, 13231140710134764672923832136530974644973575309961499973872103321360712058635
33562985075241494116474617057187145911138539994068035713826158995704875064162, 44395727455533072109990076413010008634344360317107524347204792425316600942935
14287310228401124498548927213256019875230392898095070940534223814176723495481, 8309488466729739702076916085023552606204669337540308361484949818311314817594
62876261087681237496700378000968823130874867366929942572981716623121757288896, 7787027183388577621875210656302781985539022349100138147162466479916772781376
46261491618463213741963275322784453293785790101109658181918338471962843956839, 74717664919111045191578907263822938640868661079464947338513118079748214568642
28116918331961077857403621380732051543169663682419604965889186310503168373118, 57693811893855502253390035917219234375414600017798704559160323356865301486867
69154529928632636676458453926380114619231133738430879390040461871161769062696, 19646234897086728297607244294993114018697298614370746716288270826698546126794
61608181393221481260552061636033195644260126913227662716312554579848394995869, 33243895522305814696863106445272595261177029571800434244222179745072612166529
13719066986399392408679630629378621733289717737727679873051813116484147064404, 48857181546392796294394337314069144501368280980087260435276147488289624321766
55423165492348681234179268007780886789437238573960521478071873493584697203290, 39690345250155940957706621041461290978241699148437275658576264216851619676236
12525190704686477709263337023721656362269260550951348493869119454289145155345, 20959910269616033397895340232160449025061342920585071719543067748133380895069
53240003536528989749860248163495171711407412258823023146143285524800703131548, 59579114667006046757051272413060955308750941195566156807729170173020298203218
20647888962813723386523078313937901945378387031217547759140173945353762342361, 37734533797569766670947811015865436630150401833940958770801902720231035611076
40224234396820305726793896938351198893384558741057603004183295121796082940717, 49098213761107163850194362256193293093353408938822246377524470516426452885542
27678722586285310263713519687376351933349114501824193026603333544019858841058, 20952420851284713815123949239964698796835372634308256931574683897465048988991
14318835160693772766433545938205402352537290524882712816185886575027697839278, 66443878081317347664195628890872926301560242798362498427339240693347895052163
49691262859007429982425018642824676573017273535392704745153307143064111096098, 72376173986155675668931213425365075740214754479485634328863559312594898113679
31569488431759829805188506428938195424048770085362358817626386077128588366235, 49807268038679309180392769809976334954810877031034125009371094933021689310653
24484565353610878925626119092565782123029049390330526995151529614408042902840, 68944135247344371659840081775058478884656211942786240407774003781724439101648
38370228899967530528949853770391830106880534531777194282989803061998325956585, 26504183391359301561997842098942209699506307318217459223973448264665694590389
16860600817268880917965300021463970758300247618750726512998990391734541282455, 52987439562760947748961266807074068163557224800885589988500388704458286694163
5087546072367079738782221721267130494428946847562304692397707251170148651814, 32387963961382982943237945455842992202423312684829859140202687743885044176674
67105167126411463954704587750503152938053172208779183291115737535923457836694, 53365809469810308316440899542949923685021493916662923930705190695392627935272
60355504449434062686874978519162570987849829141796841780578755196121825448954, 12155555973028730669717036488623828850972992268089384423930402816836529887481
68045883528524320675858139966078999858662000101145662486165656551517511455142, 11508170929347198813618199100943324642656893581996270366796727253678192617842
60997453039482871016783693021894959782805594473319139531139101109996254922237, 48011932386986318806660408528930092306648342263576000020565657197278565720290
73067386869099788612069937346491844755212644922220791525634775885100580833310, 20580259214508780076081935242919301029334632299072998050141589887149453790664
62983453555488466185674601111238581584607783587201539429907390471490163843181, 49844826085905528484889732090344794116845870232847721085447401952158227428037
24991256864204339013939098711712392890469514511463413726270698929082588174734, 74321838096291537461740706964660533031765463226241588246000344441602976259347
16410071991009083780754868487923668376041915204861567816658105274925095954901, 51367055757849197382031120415816141447084192325262753211731544492082394266818
45351386756398596275186815636631866604208950483925301887652658882057646971094, 73770471290919522834904197687868042514319026646401217059267357917629616308177
70831594708832737334636007470015938856758640777310878834872319103091319117405, 52975470335995553583281404608388448267800763041142243657727333120557120809169
31528967470317929591495621854239829488095373166894885270178395941524485990344, 43009165512039561711317426551686255113550672936110646194098323270091896611871
11428312649330526342260841351660008216297114731979142702074067078257860137077, 74833327296714616182225638685369102961480235378138671997415242746735780670774
65937008667216316271659628540603911510375378993183621461953094503285655037543, 60093057163926961382637141532027380226364384615262680238137923884162887978603
1265888930334952912015186151324920920380898121669396173032087113619450859861, 38603394090862110177123945597911162636277110372112609628099569238660277291260
31676431666321523636708892576965505937670959026023455201005455382212292349381, 7766558192270906933749168227498139175089575850222571663834424144500361765076
33830638703445420095423279835412684950742728706562087383972398584469785548901, 9822836415599911301601440871034190447857819790305824114278169940140831556612
42389975923752334491707006947718144762761853229702644201843186911067729505451, 66334782025448169066734023961608033954785937919036863684253770793363148534636
18658975143315443529183406821308380864449868561114616872924274789499598541720, 19235393381052763592345635669032018465092929186488767622022113717700828125900
7361104538976146980469779889018204089443633326758779544636901880378801526315, 39078873400552387872945388681580267097429275892760152630727655467669279508390
16065844127330905755711165545643627246613847786754215651267848261914623168528, 52476474272353779499101173042067891628072008192343933367909541561557791505559
69219138940111677584354119978922610754064469059581212076519935288845718090076, 44107778719049852485864632268331604743682482541874733678581733244615054806262
28174088744648813339798826283740146333417755086758506944045059883718600244567, 47704127433021451679277921649557539523843012224590629381824093450652424928625
8325235207696386113825596246576830701655829911899031279022428562470050389557, 32304126294591206424216560013343605172150490075862223652581632709648284896341
46262406675153122450453921616985742007686570430870625394767857758179054113884, 60895709408237518021960523344672621916773074763731430004863336340868755669609
34624643355327816499284662833756056446636658614205261752993662186680924653187, 76503470594917223572342603003458830422004304588918030358504602817078016643813
1498267183058243413329501824344033861773512020216922819695455979712676937457, 34612617168270590295957851022130766888697729528776185536842540006803515256742
33040326639487934215897727041913441641840164012220705094732881556904368495434, 48625829451229231691623097153100959214183655682937053553284250260469306688191
37015078666862643093428689626626499821845613716578945108538767096109125445016, 23380612538550478666476909410829513250394428823815693141658355422716213907603
18755139849309571473801807924926312379586899798532244808277893927644992186063, 57680075627642046593784954693902825980731175477170998528967900737807389957017
2724671909504466966122793460269981211539611069146880465285576810584367074101, 61477323461865164242210038415557443496162292570994107592080658602661490442817
2676864562748162295758382781023946773069168681737871844298244293501465012319, 50202774452551904127779607357126239578769878441160574688301915817955321219989
60314468623146921756128295753468394729601247056964146236970951988438465592427, 69251787640953221326117992445078694151244591522586017508706452745361807630649
33971679536272943687749855814915021576039270710898237484886466677900206544869, 13081646789283131242955500104826457245020395292216653053646973623105740986769
26998116803082235787369405043713849420152360747578863716811830118438670525876, 22373072837983611293090404933346506367690385351031785898252331483888400744371
30438692219903700384039831219028306911433866315776832910603012345523115526569, 68454078390967436637334999501450005134503769161465362328690355060555533739978
43264074686033319000107679637609513337047951400508054854566724556831972152148, 75391286053682295409187284306420503748445633674053292604962774653556850209199
44625760434799670797500072610195396231225692031827010450361425774495546683672, 74010783984688215927440478726857562398136013492746961920616457027267288496849
22847743964576913275468696393426127918028190425738436902272561030278699570474, 18915487182259291484454933334100652987689791068424235337649158350506513536930
13039069391219499824301047086554223576812140108377242966600350639399468121547, 64398341708309563705390651233654912001078664383885677917140693683356384578531
15270319535243814096009140302311912058052375005977123054609480574485520961802, 45818353087441678717632835042244831330429726572832248489411412491287000615850
6339069951142705321656505494281703586364603766870522488914563601027693220464, 69002964380430763239336609158831351213917987264418766683869662902418723316382
32569635229889906001173766811063400698044743127940278846688962837245308606775, 57996333265632026789841303664456173872310214591744203163951804420018743472252
37702426549280486771118870369293002752634892066109044675904965295319038426405, 31840547319092475017372200181082188254673079244228144539428618330597856006693
15947902364813067221603301368435482863545342834867164869122461887881223013556, 6282663910355175717807212586293329542768238128911173871939208393403183054292
63294165195725670706625654238436541637606333269821339555666932837594841255995, 47163333427713687928516005589768296132578301963603036005050974703440613298869
32765453387621049078342095478378860081419458866079829842103147252770345519374, 71490800379480775970978842698000918518510928557465423442349998737225283645630
16284514461493638451088186880370929679099490717184758778217107039141553280146, 45908922721830439095489331500072318700375741354718513487473515660470102667382
49785232345966079146821531222929543859777293049402506751908736383739899665347, 27741819137000288296018128902064520429761927084340095148654765045296818377324
56109366685814611568615250888954485513724726750594166157339429924852506753465, 74059756032934816087738139523865601713772292592991306797577831736065246365925
39415575586962191170383198693404074230387197374304267205064016696634738574852, 62296720790491588220050321162662176466003269895278400515534775358491737201602
20467814028938547064793489606646298581050767887726439712816543350232480634602, 3315759863261517194870964830249933541416764181953885397992857270406493778359
36400930114747364419597948888291031625012310309620333284571992856186688841007, 22286784928533341666878612136116234686356286348463693310250481500917431160416
27073126559392883181585684649554187966167313018458635654693900986259688755643, 56956804221673268044524644602204762881881125876810149000917302605622059266773
33544140079673681554335126669794724450881822169756305977954388671428462860544, 59651141210067332207849562763849072180961697808737195559639053618834605541870
73672689607435421956473215173170915528065254023401479576149827788621570081442, 51269834261746730167140839230087203545540582797506707049434058885520104598682
11198181959053521621261149095877730175165523805045848398023323034041958542015, 63796579026180453374062186786348265117816595940651988430855948259627993891712
12851512228429606919485609311629834893090858696875706804895788500324768814392, 68725780757492449290517978800929195467208130188888739171687774345969941878257
60016379977621167113393146745600977416382480792103137134209623976994598621437, 48822904222294065052848777168532757472891339184504505146980927726763896773245
32072360316232480513216674496351703882949599270797211233860844132703606364802, 46806795737856201709672692764334613350392334343351729393184878031333820092174
611476184671026493307147266300448597974675328062984669759369187146837943066, 46825676674236581201971887219020297412827781948360419974918210730264000442889
52419177389326527913160339801276586359033274070695956219849134066745200318893, 54817736875748200712615443750304322942541338710294033338849161123349506184932
13393023312507546291122958504804082757734124392934711580169581114446689715828, 8663712303744072858211893419189090908808976876372187197513305832915641617668
76685094398886909051324733173377743034768089624999929538161423033520722750182, 36526235622115899823757049060810628612591522609710804510355577262252571090648
40786249496480500446949309698045501667686409979307647473254983162434264223458, 42767541798968922139654309061979682460672262963457971372495262603735299290716
11372162368632833311449353935672208706455116551855262271552002573937576401919, 27144405825172476521037102207918205731662737234130913876609924123901716747779
62710943396361588489959494219016758598121606619296748665661578047447411343153, 43986388291503681059218295256877183854537839629114337962672357047130529604560
57299044964119844362218783792110262833584885199742986940199396928287386356139, 26874012451594891049417341118863857202755766671961826049601493389769162109406
66756622388673958542578731543033174998730805948214276801274742263123829900430, 23531108899192215874162391620280122457332269528141617718845372323413755207238
9957617639826334158635873419538373115798868472949292894163893195334085758052, 20585636502651006858326846918113583146385232852536101952714707063505610389242
17562525749155088132570341750399623606223453184122407493099131867653487060005, 11172982181299294440277347743446045238606264490172941545917812070535092928989
47893455581601540325005021453329162997654952226905255084853208470775511951527, 70821572708277287390617891611460175644694361164675770847541666681860591039692
36617730062599139219411675334987079746179145455761600237366847664596224598530, 16060761399218209126961706179055189389338968067904201452903336406872413959254
76365703633405612512942101896875353646413574740369160280476933332751247046966, 65295990057358208230679775293347707568311926793419279927411526504105518854895
69342600538953745878336576936838325685145068499557328087025362928036299864847, 2209775133261918133961709704720869613747147286099140483073369010081643928810
21934459075939538366395235446746075949894020179339704338283724478449224797789, 47656597978782689481544825774890221101658708809479758554188593896735177982535
6050114160964377896219170897405377294895422379404644693624359891769217893431, 22412275037419610928489775790087234923419436957838493152475142835489148528828
69974483770449402017448714242720530023010996958969229294210347267346511613620, 42282696928383455366780382340922745272433793436985334658515753454423468999234
20451402483531810162190347736074127120553582774056315066741449911891140074322, 63512205907255046189469276370368047995386599281377956372862637478739218703436
54194641408165583457090614699740732229779847074300146893641943350916849129120, 45816477665445804158437079804801699058812927276247723693864898649459635098700
59037965349614086277113977473395045672930927877023985810393506396625111211255, 56674243855112246912435410804343111577335585606523818896604861560740061150787
56381498289627785681681820642901682818709235334005180470736416217194381826639, 21971322145445693151513024442951207999213488609424147831697914125883402862175
2177104272040800882025155226729578375677633444559431603201256954306982823335, 29703365896622452315985267315802062841503905271513814358934125279293583496280
9841521709641572692660047521434770347120320485299051283891653211049056214679, 42326970479857420804551804436342799690130310966831004057760113223032492578175
59920185673429579493053284722833607468351250471637883526105950615973032893389, 72724533072880351246175461368387066088646551266443686164999776591556199840232
35886024587243085061365557061030928410411181060391264316670749757336775441216, 50532218033751995771099335611909115003007730619228927130932677243372232687264
49874807433772482138408909305627087641141236853755496961505429654920283340486, 39164359070967352666966463804966640989455283598847498647741470443848035290874
6970427371895035296675849858532102616283864838534371781969380109416591013648, 39192072870455830107268948519824239051152319227693213299378215604469588024227
5845094639352450398503399532034107973251280001852627768483373093912547017797, 43653251466462550695830433720590377629376424510471918080119824969844264096575
31264703413762251655271047431189499523863307030392898110101121697974501068807, 30961419126330866104337200382513602389349285213439819935655796091066370320303
11665829170804295650081719699385475147814431434611535906340144079265908769675, 47666116393955494115326360105050267928466434602862758496108142915464651194082
60841772134399385686904084561863524836318278882449359721507154616486778342457, 39529879105321267771342440558433908640654845510796877309966160621887512318413
31203128480991350713408241775468101991977369997418421324070874498070331675546, 72077769892271486631763774565029026078471947016701502407914331579440339620585
43014708015375484973709727002730746250282594621127947659603499305709396796757, 44749774741419850863851980404766436092367722273269379498771029659126201855931
13337045870344660679509394499248642344781757789577745061103464546120718261685, 53721761544243821145761004777001782590627252925173300734409753888534362670053
67777213968489795382782608433540963956877302304662013818532986823816779170551, 5510181533099174954048137757909446289014529040029329219379753687639072706232
14559928775468774349210476586101213751448408672676797016477022946381199242684, 24724035573681249888626435382674990222556735161201479273073662932907881820263
31883955099790396890113811836903652371758795653010858757932199015696940754853, 2137037222258436875214205084944249255533548677709579213720000682728268065020
65085098746228736296243214738339554325144118869951756751440714755297574767810, 23327974634050400928323385156057852512893583496914003253054442240299522518132
40441678223218576046498535157694794624346457706816576153868810256222228051116, 52301025274049622827984220244335925074012572167530186307786182570222424932380
36948915764170045976172579765609696548705648358684443859521500895518536219602, 38523881729065732069750459063522950689200173383011867152788246429597375371897
37770250794045313524392933927170939301784458482415778122560858523525112577045, 51452125539652138522678826740200476722854597274399161120103711910091133560941
67106806216647209049422303128673871709885442724425487207997215432496368122296, 69880426590729200726605197941417664030253466150685544213947329057158955112576
57584442525950613282269326644897083846020237922665251019880994166325880583129, 23579320215751717632470805734403306234052276159380060929473952921043146368292
59127907845527392914358782491774997962831747019778623298473496043341228982434, 14399133801972003831620781022687687440929670854949069118909630462571227646802
8684935596789112371666379352227253892002651506506806302381529097329089208274, 73250075771737918027137751510840344810348605504589476427565238449901346804627
9861361805088216768269792509348351611463703443639376396374323831228797119094, 19255637282859676517986430145372871803942774380341850516489971051665752797567
66803221142999587950845516938731038132272060530365985410211325672791235205102, 14938084841225507642971933291349679714894197709075159804902318761635494264587
28531906354721093168648880142092893563617316822644499759316005593411355670744, 62927037365158573556643730748538048407105277649810733604344529476450290842296
52065871411930338298828866397626644092501019767051096901401313592149147502267, 8860452372818306150946892570334746193950501410469119988972349410849947469866
24420631833098931091745978921368777965715469387769972892516398675319141501931, 56967507901253028292755094490553561773162824474985555197839395003927768982854
15586802476799260266282722079066324557199459055050450807591161831920275091749, 15718627336414723084780815852803251125218097095002919711045056222016002640079
72967016303898837994620010264612372920702714652814028484571991815572094122819, 70011534571899659543380412980914910794736269812338437472215540164293707498258
68401254650127122282795310183433816502383902704568959284896749034906931524230, 48556994556722227594772708015743312174258795841576870911890393682334327921338
56165022257001345525973896276433049310004908930642146594828651819401773138070, 76233633560234442891726365153287172827328535747207570361133343490545865332967
37640329053012634426948542429067342943982584687654662709305098082373744311588, 6602538699837168941676264419971693800310565481188257529198449371155734896638
61407273528978664657871462020900431004700271581122812323770201812312481094710, 67100169666507939815001139885970514093333602871107481105186479847399744164568
17685384586595164641088515864034117475024299779502410425057991408878855025058, 65984535174976049013063167941915131756439606748084191213196348238385569860345
54008213612971810043649428923073910718334986016548553855566948927895139261696, 54311869947560851824363288127803810738810782286318575672984374606034241147768
48911132017253474140018029931261427176734881606467712328946507561180978074935, 12995843240227185417075385547131527379191223908772216113961591829976075858637
36473588717473422916341154974052352099817293021928791749946660769909692867966, 72138477919304691985759689596322716690818134406119245634321243925301111729580
68261309316344877060335549717748497393759575162029360558811692453829144287168, 71339739196067043515919007848139419268022033175575843180064545958610779377044
60418831204064224063245321283123159010522362032067789934735575419480451633399, 75995474279898933324162319272303074344241315744063213761950243766780050658218
