Elliptic Curve: brainpoolP256r1
Field Prime: 76884956397045344220809746629001649093037950200943055203735601445031516197751
Base Point: (63243729749562333355292243550312970334778175571054726587095381623627144114786, 38218615093753523893122277964030810387585405539772602581557831887485717997975)
Polynomial Degree: 5
Polynomial Coefficients: [57, 31, 39, 14, 19, 26]
Public Key: (63151069860310217626918594679431494457184234460766430064819528634753284523937, 49306785607587579719746805956476905366830734803636700358466893658410815541557)
12673629278375650904749197098680914043351945456639442916521579676226105563810, 31670721637195241758947168495384367283289533743365739278448597366632249869059
37396436624804278382317978565772765795951530280493688536805477306687628523313, 40100296999460756932990164745697792625211267617938916408478991368934752577908
52063494919032955739265993013020540108075506885570432790414355025629810105709, 35586438339403964605175167221431375350221554715741578619380985697897369122896
68318981488293849892656500430132874552183754615738565814937421206051640490328, 53971182573265516484812262310666097765583754115548973047889966173741000880747
67169512162356602128972734545492903110615766811437248543037305634123960529088, 31265612050524977481137589742807147617076660411900376202564306240896595804162
76090658165470920250606713412999269373867511186934214574906340886454843441769, 51895057055466291044865425330798233519490865993323611460473623337729252450735
39156182548576789037895465384768175879097044818477707972620607334928502364713, 10587089438622808332392846045977030349200226245541012947974258982594252812808
21170830289462585853439112492449901676421293787592466231702582667351565522537, 2653517121289440428695056110730378058374671997275654854616192170952634878228
56632002545043499714709600777152624658606016958040253029520014507357686587031, 24223379005053435343372944457246241305700288905874870755621025396342034252396
18772585825395838931086689364507929004868344256130308166690655424346489584393, 51785371786993634689331041573497417377706917775054431158290332062806074471231
28590686962145409350128231967303029341922959059953936710878134639038201912614, 14248422692585390165249080055484343846186419375569952116115414388376470468767
46868700441656332002698873273576533839511503091425802183819979024283879629983, 36079837451847188177335262101045191329809522600306077485748656187020711127855
67512303866329569213561759918086624551458418878012032151382438051043810029238, 31269719528709925450972462778927871610630541847148000174431545339970524780202
68159638281983876603553800867114417788695099592307110915212528032730115209757, 2910453308786542408271187336211373636590295223086744250249302195271058207934
9327822417425794984725281357426957247201391919809684794102047850538515893515, 48512624670302735495807386201883564050392138232634638282770043923186468139729
10893498018477131479455487725810936198667904053709076313819276188177433803552, 62954311901702923128897540879262258784334555341049373522729127988284985579119
17099303731101368527166567312772958887279854490371578040341568637832203758113, 67209573129613809677572517715079045957119276992275508688292473975250832740782
7073846828780686986498317139901112679193992294453319184326502590054104569875, 53145586699409022045302582021196843806167241109633305956385156493521355388611
26676375561613783585909608930026904858712787766346902278671807096761292917577, 47026816097416070154611856090578360456464535527537620665594175185719668959910
48622396822805151635321073849875014724993374509542732217268563648923581715221, 57468373145802507997643907309388253112154238868816050830370166363693318208491
76625668910889882187353474823423693583175161167999645232673155805143570816895, 15595752568162435405169603021585038804861230820124102966100392783158781803159
69894100963563686244484891705210214722934950119130485982889995504549158309147, 53203507500333490848550790604474013477696911010296604380436148553339677228694
12930037666895956803035829407742993414236354950018000126077582596746287815802, 37081505705801790064887868434899330935773414780126946764994366767630118549965
36271980853552885413424562057187827587481665601344430512590307101630713942305, 53499605508337862818566950256960659456593696953606116642184648982711591218169
47511138001827323926078160250065596858190955947138537666031476256546038612508, 69793981115159420618410079111195668455680551722510131940311567335929599659847
60501491580218415420470423598205273495591440028825192085333129460930423176165, 74602206130132882341906761850621946297588304054480371872754033784185021443160
52146583254244417945600892121279218556811769540323111573298118041246032309113, 50560816199923506409749888018487022304657780126287264357404008108899840131025
40408692268442025561977870680029060313282437411860403967033013410540358355608, 2447862020460569147809775884347951663538317174999059589050598147655052804055
67149211061769513903741489660977199703342007632091036841109092568762482888599, 43534381113230085567807121078401362057186080918235441618701356534174649079127
2480634543196229478262961455139499005558059809247631831153201760864894042881, 56483575482888998768520005882558357556714153428812628036221285835614150252533
6318344363462455431879548400719806456963655748937216137337406216987981913485, 74686660236785415712466936989201528805425818755582201237504818380782903696463
41418205086597825143409302819659897183462897249976871661328405807633107211592, 62618529377138565731875171552314768912641229665060588763197274471001322405878
54087811247323089373794878871342718440356235336047703381098880078041131745966, 31708400685405398853470272093624339738427157827371697280476556294420036544631
6602730993528183793599506738012606268512452387777219176576377319115074202174, 45598634786035557067065206278668186080932359936582803152659935821863537255806
34690220938800028375328509121743483068054656924856681685068717148906533745669, 49103430437528113849464822603056338178663952497952909806080252625707073757074
71396772666341027429178968364432048343378915282400955539148078405452459647897, 47567984266364266392911682098905490057971020175807408914633204853948462664823
52407605858813248251131715306938366467169827059855613707153594860365337199918, 36964723392433690665604093158005336365657288638045745677058335147788418100365
60847870318386457827600652757565509145806035034148552302803835971185959922194, 24727587217342090578506790908643110629329836018736825008319569683020244570664
73090031874380417088204174151930277061062591158840437738295565937750126872055, 14542696054631196249207525692615082104845148402583791000180798935808763159887
22148465548253326513285175884317797967791984336788060566577309242430008119237, 67755495819126217122531519197955003897995524283336972374010282259013450435460
32922472868515514721920520301539487125333201854064669286490431822808836669835, 40865388722650577960773097196600322419395421101775279243865706201329470779328
70121076814533376710199922042179849030378097671542907017955100410615751405308, 67795929679347621600656780027506593176541920889588983812611762441601500877678
3737126470594547730164397025762094477919654954616345355871760197670193106061, 24748772347262245514939948311219148982124346857709212475183865842556836651089
20977780345170221646486987794806830819941895805581944685847965743575680407533, 68071846499805915519563866032167003710327637107458192119043136029743341348902
15926670130751702903848721983652199825492736700199574340891101825208320478507, 7481361671360285790652596450185983037137088593691708797107300793384550344905
29545027321922434199779545275433359305866424131873316275036613447506262358675, 28531261212648288432181780992484907936190476305405476449139157645039939927023
6617172761639989725872677996205821113137090145740735567572667580889820318095, 48788488529938403371888751934619686164999380470419607517561641776532893331792
9845064778177104067868659005050239695735697484236189010907474731358740561754, 20534093751701900487604325811465057231229477541848961438632554520353988391038
1692225319668380388492906068523313992003830133121119918254276213692675826486, 72262581873449965999896271670135238761402543668536845124365324896826202963756
36431623246294002181585793958226335168709135208464993882293141421602394842892, 6557266474004351570669713747709161499779735789795536377762872292428820136063
30153435702483265100918819861752326005098342874853446389981054143146488909090, 517986547312981210309318399436848797459819914012033777441512244401794774809
49538384664814776371186833507004434524460900198818578356056844036516168357277, 795467051523701820590022118002928431009143270358650712491636146890006097750
60873097362797182420705245454992658083699658073878727219358483342937789611421, 2358500132202791086437584226935475497420976328611390795944952623938637210353
42323880124880527546620628549392576266517193342499817810124676503080068570544, 46392457521393455205802959951854573663007716774315770566062820693660386589618
61967078516982588729424690439670587496966222115268883630107983200526839866549, 7713650801045547736174287938766882812980527649537919429289767207320260622604
16543105022986514346505066460879550369363785905835634509071117757962823862416, 23848956462868401036232711435680575687561203363868613770585771005635314473309
15179877503095356724374766806025346834261517307950590319293502637399808909870, 26550276786580792439095281991034761685751815866614200912878042985504178459991
46719460368597679040616055472926262677561738592507336683235510273550418465291, 30546364164125407649940392489387480653167460602696938934721627287236913145351
20423214624191453384721038464297845652097650566481888298003849606744874422409, 40319270576069244190427973471734043399120753643228734757980457631774688037964
31763255608355883026297565207854772743219369630568891736813062408882380522470, 50506556358333722307698460043703240173123861709040824962467907072186306586655
56910931222210804064789840068044954031723937255522505703784238922591965678618, 54303896082541282043232477465063677736663543995935645653677657348615303768570
29046726959076611728234072020937929675266773560926593365370123960237931996460, 26333414393653180466411651410077158993263279091306696542778193144929359510570
13248052848769204819328623086058747830351307271967499330274927704434592688779, 49913976384065134507830098680676444519182658605084232648066175807074772376381
61997611265686978707767537334139855183039704737702644001190277376123130027271, 52303716312175707426397364404129798874655606066993034778773432772206405867558
31723068439245693952252624800052467357028190490894396416832043169624650946697, 71867394763960762816266263440410865184303357816247173440895473878181012511040
62237313081315123963259038167596198111976584387532274428958442477791518804405, 48418597943722042596359765673895894189857901812553688821516719850082296715457
33190473190257284205746346915098018826992166078772564271542918753604679226743, 7557997277577721048085101161091905424357702069253584194631706202654009181278
16008984385190309344289376947194916325848945915280273279621249652573867967705, 36726283444349284186227084886770380736721149862655141649250524243229560157826
73090269964819102196448993388204359436069193071690492767000414161311824197727, 16319865779857138825819307280454642673462440522035084449097454870731286499326
12618244914994748951582286866839397198151721290260210039574714457708719374356, 10689505332083314184560570750805168352951893221255296183634592537820935771023
23413260189808379895651310431204041635851918698349926418420448475962489668291, 48508097159229536710882829736542860777141869672027523168143512093851058413219
31448348520073208745850867810593759072994786498614511666426280427959865673166, 1737934969953586139346565400860374652047507742347259186031851161789153108332
33091544911512516442983477989949800149319451064921683960247065306032015779198, 10264831172492656767919746218165866143059724717933173391500321368410595950266
31343667304542101504893291617502337823611915857949916736538743837481008304773, 70380588062970826370937662521949807573049594058142770938177427008060379269335
56100082668410739784900070476468865970833006037078662350117342918371854228251, 13368576434406563606372573090501644306520057309590613775356903156649305452712
62056403120830231828219413122047091152540182727799219680172539706647493625091, 22634543064933489435487842756768233412348887874520312046753976026270918994883
3000227170809588018869973063291344129214706415001369890007918946407878452435, 66248177248377096828691383541132246397825628064638761267513443671685604197341
26709214228313061853124498589737282462741003224157875215871474431273060963163, 73419910313520358602053289366529999668147327983274347369830428896501159339635
65996037504633194774525242685202605847745565971178245322416367537698130250593, 23485597822211385185055421919998463198871076564473691942920808699516589951225
16141381898610055241352033913342865336177448142805983813553727728361345468862, 63951380872529812516311603024673014007971966566783719190191335632545959828501
48086365375734964730322395762173927710011486364697846617528436514179527862564, 63805250756337640578530463492125548680923213542606487537382567984374670160393
16830793318222574217866487093579661121366754068581905637249383517521736121470, 54929882136920250702154387417414592444524820723505948507690554355636568383588
52033648181123058315483196668348149978058860262491854639256294481659703496260, 74620628169387845395466854927112488880354262513622948200970856070264544037358
28147807506937402087714065203913394055306293404755937463085489619887746739325, 44052662916477566493562104794295650461462695409572258857500339388269747035414
31680429339279106023612463931240364245444612378785563803069004010574621256998, 68462819904879050234656355914305148133186713507028393054032221674310593396670
67499024767215088154002141795346134633389841081265814908312595763750117621882, 7767705771163330479193515592857491477580517775115841687634306540748235884849
43338380347707045549478017878773985981204821841850141468911243948247670917694, 25738720696446459274532951845235620982078680150908590627707858674202971863236
70358928359106889069827411571891680293376493167536008384947784871614613056744, 71416675997040728028720418382236081200967415962893403038773606060172927265805
56187081557018711082335387536782128471491023823844795200988283285588404310201, 26055585360824646139179150941062337199853274508533673936318601130053995759469
27266141880545649321417965056407698373832914304576638663003955308116135264547, 6054782975340022229469645914638984522962944474216314437160102897811469079387
46439270132418663666577974474272709198369233850551791185573681874572544222241, 72945963243165094884836452498789094737948353051790536364169420109050287222217
71249686543688586028122587369934131201305514380546317597661959704808678355248, 38239231675903645045032561539952258867721700071225527021356802075287137388414
44059142083917793861530017443515027598274007554322291718470042603887496002425, 59401991730008440068834717344254683639940228675799192759107266770794846256869
15275156259981450056618930435666603165921818368122433886702148925340553833538, 15451855302973877090784456271924701624031635373662279277054393220928619365467
43136819894690919201421403450900192181973686994611945401301425425542222671160, 39056773193998212342886789326816073761751232572857432755096876262440344749930
62220667478575447444707848174439917020666241723344601751467585754175356194871, 38150410468689341889134827442878593624014258764644875181848104721560370202864
61135977061487934281250232376510381029268356129928959181289444779212034336235, 10144104557304728479347184896664507774603846801849839669569782908289588616797
20248300826702754799543577931431228327636023937595245835908803656875218049143, 16707610705833790571529545864775371647903823369393805819508934527204796609663
1467568445133713350029143044590324608337570781395038700071533794344857549983, 59276007202371332535252152401884587482761342068860343311519028588296153820057
72163691781813849102053294134502606924216011364850536945925568880863099941286, 64331194496498697351128512476138439516748373761753761769265075581303344904263
7795794829006840699394738441972324946619168822109883727816201675679541003322, 69429392655785623544293649898874288265251746538386261540193395318114440539609
16297107701967912247908966454851060743166814588383777706737577038147618697016, 50509985735610000863045053917152926934934837751691694052994066746191015901620
71123622415897185276948387254842768902444244371231315646907853366056876401769, 37610585483564282215695002080833905537878795666069416364950839056497991669928
54747033626929759753986383640720949569771413599692641783851273852320623337799, 7571975817459039529851361016903023072244123520656567165777957506051426646769
15289696412061137317619129360687129552522779701167945985761932756619977120914, 48303401641735974971999121783592934205934840155629551018481857989308910264093
23409310893747995420594554260464088640292021989281320675932410709452190259781, 71660666558130305778383627178475924529061044029816229845138870919871649631830
48645148876570788628277281096354731569633194128802458950329979060849370915860, 38902707483845767775159302507113142501016240820183683051494727427380706733661
35456222188237629633351204456897674729760485079136193164323174571153329889292, 23997823526988272956715128297733431486399987625150889273052103840920918531733
34971059759275266090622129597706377574142982960556604048650077386088640771326, 2014425310294865204199933595897617177868639564810135993708127455115664010624
40134351444031440998151336335130099333329481786709264565176425151389296789768, 17058228684540794104961323439224394483180733102673060303211698691467664433825
59626369971143748926764939434977403264070216633812895253169508204710277940747, 4423623701171708400685595980277271850673469989733613891915941083017711119041
1475685280229250349171629254531794257836843783609511277770681259164344005447, 34319960939372773678654025193863320097949018801738984778836659478550835395208
6530309027778741020542905939086476538162172217482534372212599455171909616474, 58189324813387551179503809639733384125373739733336256909767037795052315595922
12763495932236725971185841565925258512337014663136133067571813801037551849309, 64718932359303259048722668737721490643657457929175024014393987000584361557348
33750315722017803697521924129112495466809849627115401012426092462004628265981, 42457328461267242822581596655665538236220625021272820983881658514170589212232
11587697200796371320565163133773638853830187048891635781703371343434079732600, 49971284294044092636632075423092469333777168376514261257466752557703216690006
23220649940230094758426732154555130900458708081334561804456525476409776789892, 75214402588614974080991236027752862580737650796087834047305703513684828535147
32862186222214271070693721743867391925708006371411198243781251137621401155503, 33412012859178559352752244485208701640942207382803701581730385608459131139799
12661394751833039638280108293094583605141779202573843829001776476281567197138, 8357555793417409098642865705303311178983790815082035564022354426416144234287
58162675766178153012792155887867073914705650342375256482594711600717875599097, 36241142391221997087047129853454416336506697367315403673562952301668984262815
69002052698481468839478349779856854502669812023903874516046552751626513399867, 62544489519784139432123797553247077729541739997698979561507892888155150000968
65628704581267128090150500990824342049276719641736972873453938057751679763091, 43026631777673680352659156331707288437894642190578413620769877086161828330374
22523875548837375785134391483478999851219520566173795540979211420954786538819, 17943301726681720003334639837808043330857131931909331640287831912577192103812
61223964463513163651452276734313261222793279997723787993443466344729402661006, 36470515785206327062424101917071379838484744435848898828106094676868116936526
8846913883476947375380024008500112240938604815120783987679323678211963543676, 18330105506990927069595346028294322040328116428418560304437792807085634383235
17415612555398804981737449578404716429848395307158671958828024211725505911257, 43822492283895849219722873539552409085138846784926537379191215343107520777866
24894763115196712303232317003665594330372488156389977667715168811021032804923, 26017415880329116407605838086231468355161922390596352612777857023142471146308
71272733794815970766176795358181310234899634995839336127213663774880839491995, 32423328600351597431727923121202550329258245290897242137174199730234865915750
31794563550979099742282499282756392764118680138872501847222888289834182027269, 28844347430598614037007367377006363123516130016181754701100833690533584291885
24128629522348439145249617766390271089671615996182789492863864598042970344430, 2859108500526016674444094255376915614123625972477006819773617974318183837696
24598689852961481062720829772143483808871864143960014148896491280554510316669, 21733124339070703385572620927141256963553773164076980930962329876128607908142
63449438718790394642559314278677300383742821502648089089377042097979950070584, 38791324865746534942139097489038078940465253058981186094264237652249185723570
36595119607670230403834324043032169222500153685798902291824725816465108018051, 23061481692402324713911020290445055770831737015969486939359531870196688016394
41498320681277451982557562196962459504032873786340528821938475536552905358368, 76452269107931516660579798845662658744406433010884784921676762266085768046708
32847318914537479325131595590235247988379000440576413597397641179853607450454, 9667974324034563312536311831133309082886554550644317163724715187785463019931
48969035424685849550377002352869735412680141707597785255143403872115093894600, 40489807889435552700647210993072774417328893344539538289533350157813339134234
32138664572671522453698737717334344885496966201686772721092456967403317927659, 61486816339290496841933197497480739141495310956548719478042702105181138175423
26765150669701734942834491374936756377236301435020764638916755921662735139131, 60012083816392281461065393080811681652488658997150918055232661243941997928497
52843567382279348535685297637406370303964401646402102518717549033899390374259, 60834623129237770154644685726589467399647127452543844182631752562896471200661
43813746528817773603218462638342344695589156988631341683060041501439271363433, 5504271311370432982114203912967960409289443835471645223789636442551262344283
49228302746535003110265633242924644708028396810361022934012873415656131339620, 74303692795346109742446293260300299577517870213190263601509135982605840883115
8486308273571005099244022019643091551900816838540060924095647899893880953220, 38471936955016810806442612630914773164297165499007761975257524088379480322784
5683808522893901013058241863844452563532932508907658566559651905083311136620, 24945518406427054122998679264146979285853982633105499727082197697398954975894
71477375435530470050247339253396163057835824170507889184328564604402131900855, 33483988670046481534059870944580361729766930522092090092642485591205944529470
57273253331138037793657782262543135452876401222904998451450527276344656486239, 14563832255598126862577864387727522657761230750003796101378993255869362900442
1517715857631812984250065441980466447395750991005245252552492671596903218796, 50833048637486275534803777759610495697038587815579501978248886060950468109513
58241122537816675053675921196160963855179576800735214679525096344885873538912, 59926384869193588968341686967232693470415560647225562597983154771167133986906
70970415822583943430060738561917520664030823338065958462132713695663590954342, 40777002945169346895006238028698410553126345545080412074368838009258622788582
54787944795520258843968499556840851270799673723675090679928807812668149740812, 76360899887802001496395282234237171093493211511414188476949824584071393637505
33402915138500409143036051087081053335134275056770803424679758989471081017195, 34909937683608452450812955421846667259241618417610164423519332271307381560341
76187424947742424899604514828119618014180565108597219282830184445555978091640, 19070982342944160797731030796109482837882849370137047364866013792012312654655
7439152807230911958966599784809261841063106752898408504391631778708626345506, 10842208369162128078721284186356543722853316507001563013367209713591945749304
41767330046024888613750412326011588183541417673289910936501340986374411004665, 59395011482530720938644929682294747739407669037295085922842168317229928343712
13283992402927898974663142582576465638077310072180955496504605081738030159001, 28352858254936357422056146302617692294796670695661282864093920657772217136360
56791076675327349155509111102625089245507344731693688386712972899139123210788, 35737433764239122397750254946222391832976285305524544998073003380817420003683
64885935972590335499036028865422251270544849769693042261391690062272355782549, 64901825659581286714505430973529050572149565712206683094673512771406044455216
19579634710153335894884015089161671068634590033193036197285256855643701988259, 70947263662263421634230203571539011766983635999636840249088439515617469418035
63209815050274043364414132632071070008278758850015138543933479583698238817699, 36562814806892863230642199543049328517797383893624668577070352641431395053560
61387720350549282506870536816048373225359209765029308780788380139097515841100, 40425724074869563183415569023347912009366320170769963657893483459549220530651
64351262713229125789886604029509837787075818775551779759426552564729619793409, 66181321018604521948888753642025865690040844222460402116098850369369111728906
2750939319518880384093383284226326638223480223397281619827582370980168982752, 67707225326747404939094443380852677719634569343920759532654930153496477459938
51737863812225732863448572089791524052565898119448919162984414081080480166590, 60106626060741270801183850589812359926236151821306368538188852397369093952743
43584905874190557908877004185782791111020407228245423901793642932226504427790, 227981655649740449082890084585794193183799092929968221555253199153512214864
32918157354279914310871415452894178795278339327247954974236432498890930805319, 66787207752967874566365365927906140729332289132924149197333307062196244765001
8176179324678939129813333442856834913139804902267335483360688051280100241981, 34269766292905458679976090466052676796610905437587276208106608431504090701745
51011239000060043120649475844435309643680358852823788980859240585782221295861, 9220450135307637553260413560494250972628796753959424312062451907224082888743
38830827072479103273457746911319151050152977452233007376690882652884097142851, 14646718966260964846463215875294868896880437746028876226417835668025519834910
69507270509034489678496830462085333983013618094162429322805632226457198012984, 69266703443077420450223221281970726447590794750211547457394536354492604139426
36557069952055115402426158152255819592656691472129540596151720059010462285394, 74599501147952408679143775887191711370910717594716571648984793700801083473603
20079977601611150132507548717347290384925299441187405671506075072274568716599, 44239691557578001652817499813631317729416387712233363298572162643389029785858
10842348667256268826599950778354750027903913909276253862055377862455594688704, 46895534814003170527578811229360530227252264778375631954087093603349943280536
39917150292113162813143947402352984243504211030411631201872528418393537563869, 21736865842793863036645743813783021108640861969597994700727908035706937466343
59087939962636080678539754066255507436846412903327972285628087296563911874157, 28506764500228951912025308767520241560531672527576360880792138896529648680432
67020418249410445974645719979604630898367291760662420857222488926689567999908, 31184825170569417465418144631109527000717112787026921783597995553972324333469
13259659363200254704053096930113586451059305176891676195387047284714167093264, 33468311856319602513828152410436416778465380376494074383470746553426714362955
34639471705645126549972482753191613613274328806701770046623303231420652384527, 63859675437228304285487783305033523915294596349554332433880176669427171803468
72718511623762263581439254064922922455669403064398111683319850584709209732077, 18020334184520075047620956191747919579783881729316852354452367084826658677666
5243545660326542640370909035332498312155872179397126457649943567378447983190, 21309395347958109288033772663501729615336969848509392387484870404537790681820
70248004756128308501121259160841079075699827177940108635272257341126541311611, 58506805874264535767805964709135946055414740359369547358381008311782821818511
27819865784218650653190274999382035677467260730330776622049358106094686073644, 66738813565728403528558697858602532341744849054551266098597357218440246470631
55625621020827703127683967877987432479307159697215868891927837242272122818957, 54949845655255809501024115401235291269843277721878750977624085732222268456084
50727952336701681432528253836441519518704963913820065690411060127156477868586, 72030046848615699772191715723213505026964899338237365902692127401598768069368
53133357967408103192637311156883436530271758888462555474936019294032752075949, 32290450796917285752072663413084338275536466266487884699406451348710667349833
43928688104884791537227151626251925294408605103233082586158402281592496251885, 11759065953029949828094332028621385606560679146898826071341706785572433442289
37966261186809507749100213453546091957202929239050950736012842715525111636355, 60319954437768567689167823344845168677880564344491042526703481820044500922287
8922296311347149410012822658901330549661506218856031605500555271375315556244, 36570738322848945693737741527717676211580140325828882956527375288026308594693
14480479307693756579730879096009524809157220094819534805321335385242555438351, 43934887129083862254129917726196568097676875298113879712301500915048989627020
68818108372015246506122426316649013060269954648445375546884264469702679119457, 47804370327796904236837446599468760435982229473552261639448111807199391899600
68001078682301568147170289857680902739590613789913323900913783942957526538229, 30708904799734300488247689048244824956103989705217582058350355022172216886654
29029962326316659594219803486014485380875153441234279579016631222717728708526, 56319559105677421667339263533683593545316835399357035462836937215574462476938
32820397038512082781943470147141156653903244290351145055815391102839170181804, 10946144285624919800092189552776810202130893103722236078162694584107386022520
9579168568616149215987662998943498882148414632974663497005994757395223444843, 37028896058805743471190289387726036209315129103058042740861018433073714153807
8623520923546219998011634217673718961733618826535283833761285385421740735523, 51583025199553945037801464779342064981052025569197123630599963110190380844992
66836125851454192351111876912827282529429227601224283805865741691486965302202, 20470122390268313755701047851109860784477844662529038747391909885616766725407
42021981532890431310415203327138378534288917298857961805476325120127524354938, 4308460141547087661968185925857847046308984541998381908841137406338210828818
23040221066721611273869080303610179994650029201002364868639526040117304781464, 44444119917794766883235067923004400456425586978812815090842369460317277278945
19570636914380570647805474481636264218177780759741881832065752787498846563059, 11400851687267589852909267432385079125168174506276880017137503875373379625098
16781660177311243736321172979032859562786394012088870155000559814399471168647, 15736850248926370147510166226180764031034032222963840403036922961153550871847
66480053838217079696363941755455264146558180217078754836995871241383282753811, 62624403438177530399099725433714534933183800431444157807682748049716663565876
48416613936963644311991050794635657110963921164952146095552362741796959005626, 29214192628436843747027202157907999733230949530294884221431316660587606285172
805793339987813519348434661265880645374606165066353684819947935693467478036, 30608641691647008583574657407316207886995386759168912565750470607727534925240
22445238035611079847231233424310293916189661753181286378871815774328710743515, 9518328107579518442304190705060806112765169470578746431272868215795606729854
42693876597742555513939419027236913464533649793087288424846402740158861870260, 36292408754931047883504016724599536708623223556783056459788709988821864447890
16953161028374647448632693228323449158714325587922322383660703064632748946117, 38373365670569059854110648133149527603722367082665036187028308553331774014041
37300457930112430122326670876851617284196398001019809023540705946285718538512, 34606777248509463368959387101699719958233647167248706806200859617112323561215
26267188522090121421043969834350064616324677175336470248041693367572835157040, 72566947629453595483359045988914482758072429352240799675951572132607494998860
54023403730946201601745496473316764729499080802784101676042673244042423800767, 59119994403094016731175220941160502374567776580898638665848126622855778273761
33163223349114846594752816081082009095096359683522763475584966187825567063690, 26967732228384518745996069692257929757407388668297139299243683921965029906012
1589791644873249058297852477130136340022838208633160158993676951310711679993, 52114719302858828165289944033333929085291141546610181925217612342302995444200
26014954469140779014802703092974212073470300369652363463678663774645647484520, 56706081651964418518981029970729398402229697511161772228660493847680025825007
60995112936730522162485508340478666818099543140774072621908245284714799866562, 37301815407128817032051244561048221519821567539298843368832318396986352829416
17158916584785522915478239903569241333611752524526939231189557045420371935556, 69384670478580731227614975874882629222070363994398968889409234533688885128046
71040851594947334044878192845035000483558800804551326202050201285870136277194, 10237705259305328589621395095476788421442887688324107271290481148493386732210
37952287558801485476033576286332590300797581100189656393310972946769519196134, 48473299885087485443016420805530148602528731422300737252609512433320617147671
16836083257359668988474558239366315891911633143479733059954641595156607492027, 2835283540941708451992406243435102951615169912047662048230509459292857861553
62772847270659382895589240577978426941981450715642451369972199472365253791303, 39799897224754730607208214681860252603085317053963643461503814463735040628837
34994574641121564440168865437506717638231611542313009375711447241595720444971, 41433955062208474664713401403924427046924892341222220190082716420836001467469
16615154513857808628309009765045914648105834593734171303687976873476122145756, 212581077542203854904403341620809954118983480628629840042135942411413561389
27202301508152836809458358321937156211929475628923986852238776320193252002800, 55164924136711951986986724017186715245146919882578877585094722382884449483339
37136140979805722622958875270341098661866768591506079779290646723557779081137, 31527913489939518412272010130561098033706629169969016140809954967688739832569
58850587566501652380974525028990722193810831410003996430552460985642215719591, 28497432976495730289245023637782908994898614985195829420985515570841165388954
11156438156254416910235494152160733812560227400564284194214509670874234441479, 37695004311222359394011965723394906133874020117040969148620725537579969782343
35123801932113216222148341069782883840603935949684314874322243071854165566136, 61959310933956688092847059932374554606800161030771977523386743768226208369250
40123876116059994006443910331425742629026857054697572810494895222728055816644, 20492082939101783806668646432466130387294595944669425212810649268308151828904
7451737777046919568631353496082362662168358184720181610399136398297254675907, 75929882073290377656131877370640747813147603202799257263489559747586305860703
38058204962283469919946967085790592843637809735710038071946333301404523938370, 23185980478802658762410265469077324485377641456678308273407899158597739816032
67761138091016541155232061630986677059398368455041089827675533965666762264569, 7872973529424153613724186807423410342651810765428706798771403436616503481775
55872068941672773409770182359196634288258712249708379744764856896280289811960, 48428228966167161837480574474008622588607878138968618051320023321188656037009
27869401316874647808857492761015570156062388704210077501007891452744816486887, 53215224382234009250442777473526574881145358315811354742264410462142901885390
70184251778656833857317530108278846786016058264601374905561289539401165907560, 25720185697613536863217515818610716220810201506046281192114956440340765631832
70767687111415931410402289210276547057433846516386982961751865387107722089783, 49429001645183599774127562948613821320072377897056077920274006940413292059200
61801948381645465097115611188750722052598459826989699506376887696162738717507, 58917268583967703746480877898797533895577920793991730461982843724192582493675
53246178503659628727246487327292654902449074840327550090358349152425921522178, 39212901156847789106881724121162325522247773878810129876220591301112149749674
7721932022470820275526169727284022136758247204082567465298773816547020832055, 59120530612027708178227335894648600343370394707477742792456505194908712207522
54503271073165582791339444679846136126098604393000358199627056997372874856490, 44722716337313116330344752084354673480250881975395911574680498023230302534143
61264101514333848543112271250745313755641714887540878357117351620634751614363, 56908283210959578628915991522189150741920457063527503137699154397532254320582
1629429887313501157315107898008903941536031765320399800281768503051981875032, 49245875463139196816344085176371105596881166252939765894017717045154228743479
73475436371145673639593132175703570455436118723445577444769995743309019849633, 62559918316540405282993580604243830138255992415961926626933699676788491765838
38308224167716515133105058380981439937509568072336021634503896431471512151556, 10608152333413106343856606921421222440071082139122071891316848773315831120782
69185304760565200600755486361221691554897097388433857084138362203138410176375, 70948856847099590388769718220518459866279270634949531746222876918513839900288
48213591815504257903335553193994567097877232055567533489011734806432315915225, 32738832837634371447301421889434473962144849250478698202496766393007037343926
62630189088210966324893299624019229531391261831597285321640243413570793702189, 72990679123258244568254779281194298505943605293699238055317913260347679855113
60475435824886848006802842397606845757458765708071505214841256421809035189911, 58638572405113465829588593283769615202069799109253689097831778451754887357601
8926507479645989611668990737173209902264473288074438421829254911661400272945, 51458989053219293152027295818117341017774120751968065928467907000444774963818
64701128029277215390407437261550411993948654646766861294860021355796282358790, 10176318816325282907111344683672973811742006669461727088159499975768497530709
58306332839837257774173086488245362359986894919180260307722647725710468238560, 9060034459396330952830863843174676097636651813736543253133146488520474601674
2554808455896267188568846691982310498345413093434811286700113324849823982947, 4019535883421950221242616786463153340720399144140063472497661683796034759097
33043504710538350074422560071943711265663436889014422279433342316638171752577, 73053235217379398983597520469701224431714854284880647292682623947616743175478
10486398418861337070267211989670130212117579430313768855908701575940168327997, 20844300811703661100522691511184008628617487866266571658794525596948056972825
36843148506191039033376560204245551619899835104997280185475488322697205567475, 62038031685116629100549891800159007990627298131107594958471600300974794990248
19565728405481708395711131292842029751307036979773978481035004662968117128799, 51219560218529498288492821750043048540949453035914606833661823068917758175464
11697480545390274807287986318493264100299601180320699578186922900693530432801, 65211026705855448987969255739681384965018931793201952995015771474094049761154
24068722170592231450782123511776447740909524357729187637798186899354335973073, 60075432877654553408348741351749483673166134472246447710608838378756298903817
37999235819680630082200980440757453156911266094207222537303942849823981885318, 21779826500413547310490471480206096184101431667575729945422740471767840449857
26975937031169612798668470630963494246179563043209844036285982087544138098958, 74941059481359296971272881365476653936399059187296841438232416026428008027479
67462808380986274100712803073252116304643427590685321072376936879073474654512, 30496107001056208627000342409189555465030755614041635826308937134176873105049
35781357439649348140169784320929036093781915790132027906097332205381441092453, 75885457515686728326052110398120245488323096331645888089922970068434177994482
63387673508827043278424036808537983430232754868077008143983850018075151263346, 37630249886721971526232003425815596352563027056275463394098795958707813604864
29305751621787863905548253158406299267517688706776864444823583132061266371487, 8492095256859138870462955958037282210441451001799240647688689177714649056211
36910702080616684063237970121758617442107185660175134712407955311536874809339, 7360707676878187504380568425056912567162916415629002008551369882966361043984
12795829059940158203260164854944433790579380515020911911259950691680577155205, 30783822178078590142823474288635083483004217951754157867968340784060498186442
66205315854794451495682778838768537769047778891482119037979213331471671369159, 25622074348171648574658995791501282418304592598008766655670611750847564543813
74589104672471418847312499109619433838134549607188008492083752737736697168587, 17977216393557113676398074396258146772750056650287382018678520489791217333922
38778258053872097593344898485346464752318463521280723290935197892588082678366, 17771920366498059548284891226630531726881551596360870763429488220726276086673
71819487901439194221152798067174610414896393337426240992320685952976768880211, 34187993249723198544024505896384112123667107753662334949088565435704649014930
56777383606760649277384975227762078131719728276904780030844447152328394444583, 51481041310524588545315247639886351652845880092553528976779589432826174916467
60506877856577259475964095018857701278254125786697869472279442979621503590682, 64457111527131837308813154067687853625089968142878615485399229608535554803421
60184431351597407517914467010628564929445626621281009382626339506597625434812, 18098046169641484065251465996362355443758479223963368656795614395609982505249
40918364983615320561093201950545455060510210302893292437846104956542668636089, 46742855318948465400976813508230356356421069519287649574627181351607972580258
51358840717201221236670632322465810660872294257997996994524169312665051219501, 3634016377827836836276708449723355975926183272945520331323524934858836744087
73899266386941202448320219523836157918215998940345100565938960775614026583621, 55614034401985312322941322601832816269290121303701390559336762134629152450276
55854538239266700711810398710333783881404019330031653926839705457147504287726, 69607381338324605075490110697824975379646378973669003619844699453096659511190
9826958385784869893910330256321865935972341694612151169805646146214342808261, 35537608355544435479702206179461961074837704304101049534015996821394102374407
5189378662923873194797664800254664881715320911559131227204209388974286986633, 15654308461092121599753792405643423472838961250589414423749591844292088467049
36097973837691650981134355807754632097627819477876162448916611447529963295148, 5533250098025757227555358744274655095743751935890960306702911874736615515672
10672445641333483437580093829824038720927458631874280958772229342074606883454, 43234675809380706841324647756983993665350174055644362625611072785151897278517
852120014944927130817822469489177820717185482569623006609128562362905173535, 44311627782147987535542620235922492435067878829517947146253377431249106982227
71390443118115289470521027923000030929321511320123445645125068861896432166705, 65250356760658164442333870501891196088154860120676990555689148901848760464177
71338662084729408653192456395903520020849791672965877300399224484106539691389, 8465269251850434495688743318077707694789558081934992456146698626663313883894
66971005007527835125201636966323268748926433125457561403524247568432666019779, 66812499456232510623873455190473880253030759088932773510943136419838004464364
33809457473228954077864978938193609456641066243434845396559806138484963544859, 61631672526019746700462707690065696435125346630661701739322459397633007775216
538620635587951099480787792488756539167854280179064316311165484711556018598, 40999091072006209204192341563738492140548183116718471367983722577426263014454
11843692765438141011793351848392699049261437038439616671999059367590012517503, 57382984659256392514932161129224736173956436284982082779515702694357546190905
65925062065232325415378740520126012383549800202215241766144201141403282818441, 15060707336371538669264652870158868326432940796174144292047402225408718306421
9548841241879225315269081065855600795939488626679850737739573458385403739681, 74705366447736710793486870307271358484350930259359054192478653339451934680359
28491293015265774255662040349911993963770975439732930817791039659444715438161, 19801382487415794368113101502358844438146099103692605116229455667243842854799
68386413084375063446453788470220783792919294691979329110959280744698493858086, 51594720568683502992640166720088888727705711430641718630664791426582489689841
31312656301003505068518266097533658690086673541705010354749823155544117153980, 35505462691277262834979410808951517709762039354824042575808010856000450309048
29870945148930326880814474968502546677067602822010562816793731799106481032006, 44403000711466585331933685672863866231679783217042421444055063708666585894318
30965018612719024673323597778579775515241768833952306394260060516170960200232, 65939446170179721829632604321361132659915683311146231919445683123442146374977
53624253691499642544609811975402721228146543290303356223034110502398543030379, 40791427022531247758450980613234008930887793731420381353675747652292178795262
3980266066705907244518189407961260930415577540646238901162656444830683260040, 30212904394556371579400973644638334219760413019261935980146519127899433329052
64758721238298191301559145391190222935890633295537368532982087517331370710200, 55844521784185761523779363559009086397379552610299634220568199510845107484894
69910228238978447461543952216088672094265451290165197118950192734922714024247, 68171354241619889330145476274449309251243789680482629009556396993195017539800
66422127584573737349483339737301613157271473287517552841985638075166734839146, 11338469456291690159691785712245137296241868810274698892477813393459345266533
45961573222825943926628940080132242530029434330665767450081708706606663685299, 52048444730805381067056187939769140423928422035189547843762955525382075667143
30258847759099115123214027811553992285520640192847865359091603689787322857368, 71881084110472365342939294464378316733083072303698504768359018624966253685595
70889778304695881050299925495786338532810283479442779419427181705042787648466, 29775768937371587003925463702434548541179421505611883083073947094883588250859
50491187456737184235746189046750430450098313317902553579088238006637209003064, 74853514714374819576835897838994002705980293075719681543411412311933376234232
57147987914039576877638581662164562632926207011359264642297399134612954120249, 29183227378000476427387293467933497176097674485535710478425217414155917867142
