Elliptic Curve: brainpoolP256r1
Field Prime: 76884956397045344220809746629001649093037950200943055203735601445031516197751
Base Point: (63243729749562333355292243550312970334778175571054726587095381623627144114786, 38218615093753523893122277964030810387585405539772602581557831887485717997975)
Polynomial Degree: 6
Polynomial Coefficients: [62, 19, 52, 22, 33, 33, 57]
Public Key: (55532155426244652401689795346428332108727997614689108647372016693398997259591, 42348445919283120356037759398737154570402576875821101489852694167592454779826)
25393216345680044324952013613275045879563783152970054861123028653492495145446, 45805582373269644380103944340178980880869617068571477188554873001104752556972
50680278408027114897746154899451823922066758319350915853756307997812366653571, 53069627719380555922979450186414370845793936001686001750368575613642645588860
74367293628222818082921199966677542201327984413636366712957188032832375154160, 63704103287734518723836603656362631592480762523567112532249896943356909570322
5125817290555546853458618985120241127856235536307483897186495993724218402046, 55282938888474021066867889179817755254960554995427169346711223690915183507736
64778246836972108856817450236190507441887564992162664050802464908010200739411, 2992000454201945390122171364518902350076208508386156172219196138960871630993
23359736955307085060473139324998781720415069482282454242283413450682759174832, 1393746886357839813054459384816641229140052883680934184880536941034400194839
57364937516995137897137195957373521299363094887907629532994794454386087133862, 34530072117428898826455775977739342890504505463006591682769746777247202270837
21158541894749365322910366976152009125039652489846525332672263288348406344981, 26146027903903786285587019440346998317302247947561847856167204789292399233508
55702288876762099437402343084502199902800032434921401244633770695989951862225, 60890049873608401789344870659823624360433615747247685282198384962495658471475
42248150349024107361220190307742887066984352393070712995535749703637360166428, 20706145504899483846352342777401070793754113606886740287652196309822999198680
70998629702214820959082512846542923786292920889909145675093536972725579518196, 62599836282689081219146913191869815296777077689029053808571607962273986676502
67788740681878134850373543096927181440321385554405170189692788476516200099994, 46653342144407632885331645670274322008169083320757101743976323058921654850433
64475188581828227049747906107118478793465390547953419574519095507008355954039, 21866719447735518701324088468659168276674070647293877076412247237716573972549
62281991058770069100475997147119246747473745807302694767263543064749856816663, 7139846095652202082257010510345635965763242174873818900326319485359978619238
76049252580082779213766137180182978064591977509162756193224127465669968389135, 48732561976848932229035868087354546520857429661273639543521657766420648859201
47969554890867629272320479891743549822265546310802979056955401422298931148701, 44198458777815071258792452319027398357804666000176714652475118722924923500257
70157136582750160409629542410694022702944083575904179818930430745887547130990, 44769230036058000149085346237652822294193277392299177663732531250410910462476
50570241862267505031569349092498180533328552111811879672677530542097684710357, 67957853645539446491827066404462814042712521658147257452397451055096270840154
56496646490416536766102224556153836899254873721140220925024113034513958188683, 51831379581659733978267817828041980869150152022615394368803151602798986192771
62973311272081591610891470242324005873803774595219465016511594158846148093434, 31976952116785679983113189250993983420639384325207644438680108848081624341740
52065030725475081700127592741990721720396394014467277131637957871679874941653, 54000269891520895368083676450373921814497781688049186465052194123606563801275
36022675681133466489673152006829329920948877104271972721980234885434997502814, 27683086888482367862875981487963605111158996289301251580925906512752961857044
45779412298334460616421408955294538132920446079855211419305784482342577492791, 8281822276307964865103761431592320446969004369622045056425679253518123901323
37022450331719912759721085422943623921987246071957357934116364476826899483805, 75586386223277008811092248428379577741665905530654398176127917163403768793167
26769956206380465856743744011593185278567185612694967396942653071590520883673, 22150922536534783597004153480618350678501206674156529486174564871722103726162
67083815546876478915426812174410785826461187273945080831771716548516404955083, 15673538068031398225946195810078509722338119558088315629766179468248657185378
41421836779904306415586305131764923530331581096271897254514359334560691536314, 50803838899872314434765603525099359668467893478092679923812212051949490998868
22791309404184071944233134990445555764391395756529554863244171991144751811254, 62578743612958295013280235849434974604011084759577376513132755002533175193131
61337091107370588120923871635357300968194275028099272765799765493636795068272, 31615502439000801294486097632647741919234682161204390031690907096262127318644
5205836813742845023573174528501378700440128658429362696212816939492114336785, 70065352097791366497644612354763545904992827373394583327984293299187132837202
7204285628267225532051207736638745550390579763643438441115451393607887767294, 12899906689261802460410201714609811796303840898982921477573374323996144076187
18746075637968151672423565027597391160535640985867232115775739759654429230511, 57318465524347494377419035749762262062641992155288106414907963062585475206292
25145668496767646703781309168225696347756403776913350234012956121991380624955, 64380441347120176893361871773726615407424761480968716919558143024006694691555
28806679583211817550089691977215412145853365113492014185159998649384217703772, 35599192966022472869042346807593422843901773078641917665564119926381367025045
23850922676634711920147613331258892257577316997514996545386553405960070004692, 33091329561106309896666956429005688858089909790201012479703674786764253637842
64804610970313226241058329160401395276673911119550743450361938050186246037825, 13970564036611510147479481800832164030540135673510921324626558598871304131761
52269965076225752032982448228116548317799704759341417964766581499137242489556, 47484407526743164331075330808881059481231678640017170896061740517286950742590
75851262507101874688764593288054885936049868725676358583571550287411282346746, 17592400815426552852384962495322274709083239212859649111977066183778850665522
57250117423803896254235950546959104665215702274474421546044667473221283488760, 18306076680742433308053679911122879931386028264105883444152055863551327744807
8878523854774236380024587957747223611045053493083969902342489881237874568607, 47095317392399431118126249643375667661566521994283937746757408934126029882479
51735811449501433965083919861162650589503113352282412192039375213469464681964, 12882505193434731838370962494900083581331782860621929320683263083519034538509
27328324520358731639180516017408478066815690186502099765025653834754855506407, 23507272673605677538535299047200884940701981943950974077659548027824556424687
56613897528296453057785660657405698911960982289926215760307691996497472006198, 38982734735213459158336851036850989263489543229325146031259611458314640459142
58065513417664354718534607030780410055372415950403955453352942077095152982992, 18913372698712125659176479813789437229546966579640428229536253048543761479601
68658420949020361105223700215972418203355491293975944923003530540601890877933, 1845605025903841964918458008926654490102185160469103985501825971044472432503
1322085869542708445751330159282364208406706237972653335794201588796083031627, 21100449278702983582736697145472658738237874883391109620065882908835039210473
51499727439339393029905129272200290744406905970058319871621577471762929836004, 3385957197039885508906455006843827518753183138677701967783399347762214973201
4804906282353937072331094639162563653915951341674324914481181162846801868382, 6305054546339330404938132454058915753249597161063689029650406291954039448118
67281856722853655718461445757062717572698262483598557855929645612852430874126, 64759958956509629223280296736756572227763134736539947781022767414777499959123
19117578223345207067605695486883516209918595205888867485220377974345909697127, 70254374351890510574555499158754890665185152616066281525019026652460579908314
8421941588673906131889714587927976793670995642602023946460433609170435997860, 40572740596288059786898629429625785757377107537840580382786153834722186822953
57710674587158121138259451526146504038430266563126375352246491441686806797563, 220578063656223380020540905671991324243996357701764816527328231584683851985
40182882386648612174300374411909326429812223070735177978905919664708952055397, 20827605298145895630449646116918281339156606434347927616493638900477099822498
59940786588538196927651986402750997968403178876819132071240388429355744459315, 42370136705081187520255997377926283476750395543916762154901976756531512961270
11866370423558856128551112597663759128332888787305723006843147713241652388947, 38741505986867135454573649876052900642634761035686861683475136040962402049382
66483551741385909522673587882767049590596453334384101467368046589711674543449, 72373351818656667979865147542844654236050694950025295012916984159119893411072
60009521774437761339781735001009629492654013001639936964323690569844994684840, 13802114081240515202070527676136678626030154261492332115779582740124705678843
47861907486403181583872930116847937877043397474944266336936438662941474005406, 35546800092270248005765226447356388453423612072254912357832342050518456733265
43027340508126086657569622827315196240074976983035603359309104011148146258751, 14539425883815902713214877561548041738856850046623388628417726042065547626913
7757846117774266586105471434169475912992488617725688963234117484891027450909, 2701221531861245575712167320668770378294637580302732633107270608074551911897
71400274627609567624612754743705181010600580870711991875094545901723822363229, 32889083482174618153408618371767894541129658085218778585800332741880148251583
18882241459319070049362558058670149825888426139510874778326503648101949926824, 72250057266619581846908954923172447174406305099785729261881523113721545708854
35093590776279004408892694535998572709263689402252138575753400181203059488163, 44897604643584334597438571608496427372401721961010155631465437561666990299899
73043217981714087977643577142847584037885134684548514152416195773464805163442, 10566544664013216112562308993683806491821091156534782577493356055015681410469
64766983049723185901805094611996124531254118052388612287485931775292842394261, 48731225160116157352408318953551938629549274311418814914152339838643286245831
68657391176133878729357876077231971214640929438034153970437619131071578988185, 65287592783515206559667195678864324413023548032770409910211484306164811489337
46473151631489300956110896587776703312471172353877435266985417357172153920418, 27385087400604533273016827761106514881333249753887923757951569239255844804011
1213428588177992759653370713235176361724865607758793228298720718652162948150, 31518763449122244864858734592495919386162522349307557908008770226585058586981
39759353599493627750164466604875708131741720704910549344634530696131519570156, 74307157384730767069636740870406542718921134129494633295091767842539191422857
20565079139768967904114963203075731410425206967307471930021757144831004286200, 68166717956398460626250184470361068350085355082661998621987371467487120745093
39756865863092428763014031569793574582743473015710846182140455358885682284192, 10134725531241947991327116185559417179431299661538066109589967857300435081217
44611862852734518184610910201450622406048049745707103547940408780155135455553, 39941936231610503330466329037087789130043463063584518455209987559577070547429
62043678703941404293945043991302655733124598378367822286296891411689984922976, 27393129677160300272662192142006960607064428150429954927717501792762990052431
32902473400582785592746944967439559537629832505446179361669816494986825362177, 8437878054118181935091849512784626221770884517694711998682546367778691543869
47673758735135528501803131366500886084060761312922652136440681041040109032409, 69671026580055183282249198418766473499523538324225553313889450251923383709477
34360557964127941835409752316858179372476584836292226332652306204554231833177, 35807718656657128577732958514960952409439411309603456840035004684214878285819
11296177972765594250626554783126027234198384765383981241857412960569456851599, 43823212122555606943944363059092938789206172979161952134781157210766980399138
2377792004747755016038235155266972691367399931315640411254629687176564700412, 42784191430203301792417818777077002519927344616715964191361908647108336881759
69809147445142925155445440977071151690082236662361112554326119740141122715271, 11698906828667604281839869838860793909191547872032987457829785619278938688761
67875048421644384629716274864878155028610988378601543802799538169919701610126, 19118225168314442638705838532245878138807308728330448856515291716474482238757
44065049914083024457084347932222269198098246580028207274670447252665888944700, 58872694382683877431872081210377788210198797075674272580812248670372701685533
18590471738965215609211040941068063459787438358811819527585229782675823097773, 35100834227534946316911726566355510712641379114967741896667579785955827316699
74123873655512920267897288602054100346833898306657040679079173740544795084026, 12994456462262069045652338245358897929753941256467765772762664454524494400105
10237887678805443719635665678936665786212464717690061964125571686421199447586, 8553975255185017399239334974670443111711216140791915431573428746332713403622
75717720974065152636943275186440580203404173826756489290408162594773715162, 64271455830022257439627786341862200700470996316690099321860719228927553605155
7414754930796729513538547929738904030507310120790366176834647006105454935079, 39466058266020854016161769806935119497234559988015751445516698563897134349900
26449631557351865042915715470083182422665945230900294884765173789977483441655, 35231981396916523285206783972905866604831941930628502527475602528285243009997
51145609725079546432165217995974128753488151756114943644277985450396457997952, 15208465183103352407711580870058379443391277845257800031772127915691821974311
9136968444875185211179358230164807474513570828411595419616909748042619034037, 10947535427997425891427593084212334162714946426120251638972617581875954255578
62439461221659406228235608470106515313165535060155246820448809248091424622179, 12321281240360344406640709216651259890924167551036174335333870841860809882451
17860441211346461627559944986982330523015753960269245954746540501290550000170, 39864703123645704926568447314495400427800694858469381375971797570059876424270
72200266563444854913280161018363540794658921852727352579771350801897535357823, 41839277381851532966608454610405704658652933677242676803588331095269269778475
21504100924948324845302693733670773827325379836535578849016246654271055612538, 37389938541835686536887731305403165447412043866918390390162229565761718361195
38922539407336349568287248758752498955071597509250029115892140097475293303485, 58081112232024211829879431568393227190952736538846870629474191879195544096024
24752147618778629621006852170044829952407476615098936553075683399417255442238, 5717381860984536224188614980757630385384445182248958358700713107649096632144
68254250501815590608747305320660435859095473334937095974018670214935009270950, 17920593355270018595848404881965429726462716308106189519805092583650250622098
50157362297155090765814326277270102376818125868979987069319120322861673730505, 21627679907180826618851426207903823295771421393465315973882749161904404243718
31136143276213456255451650860729050971042357845502551020877227427368490632478, 75174689762109013095589374573040320905718928563202845490052788987428427254182
44868005279132824863515893369619827990572428666623225716028733690017788098608, 21938256154398462665229237468513417759276303201011197691920905802673737079298
39411387039729548182576145031969070707117287602179054881698311154657051847397, 49124069375724069044557004594772580603253371932111596830922099659146936478517
67210966264647396023918898515511718606356395522733532001101676746416319252067, 1434205453735952156405507118439140902162625918833450488106588314969943715205
8208801080015332503036541931273401339377798710143663068028826809942902512588, 52096914318220825403936175481234186214689775878016049919788096914971872565847
62339968687882629587219980822000529434732102436921212221578702907967062828192, 69781425892953849411119541225814846576356868655790303551257533526943614682091
67786313092144463478751646797832208377285907936671806034239713470943207094182, 15365918033617122917326424782532725986423935709881325731574636317890424269061
56554528282085207234655038520507375978840758183349838207731995558642568493466, 9760369073044533517193782376714512026162606076203716224280519060144208529613
9634795398393168269374325219427690200507311627497808218894539984920415410811, 53500949713525206834640620528435474479085529221831289522728271616603794837442
62382488793484934165168035271081598292081122595654050541524919509497045932454, 8051628776669218383021708729609052055838239228285846263419224695694720010266
64479707785569953113827602183159940000385380158228603446556889202278854899597, 59990549672825479200899326136533322746819704215505734990436100452897760827108
15742006520693389889312520395949297037146273355812310926815196261914961617042, 70812766277883737835314974761043022890077449382245323210104208199239561923134
34634959481316194538440873575945433813047411483037932649748548509878120441559, 28930292202480293873213565193259774587566276682704769767094702902163147104460
32007109741434594327928967626374586675590575632054096273275033567095674949560, 46731709259104953739697021189094918450365223995441104397483961686568841550113
66763250639694796522762175451052562323504438418629354369782873950198267257669, 52149094353765501565255376494844469083728666647305858814791806802144989790825
29530779931540559058261935290819626382355788467479101520498306726587767740745, 8153487133463094410854966349991469404926473440018387679016156510594816598225
14766079997479795283358095125013074200839946507073577678758391290875075453112, 53386661463406625761167895841995108207975432955501751825612150628667311816994
42047872582889940359889027678684695463404777532890807624548791111551484817798, 35638087527940034275818863368693931827742395116287296432688656205091202579778
25748064866583339725831920649792924118969509872569472596326898968917933294950, 42401843079320370013547101716817216843011556864497315038795281046328027956040
26367801433954025345711212760555193726201403969387809105629157732756907029122, 33426052745752339571274558584819624140099807104393407658061147015564492741786
19346291113727806958876968912454028334587475624307604518171979809437293396182, 14783530396185824890383954318297499426506459892457355189207997310879787349359
71418400812089458803929657804258918843230418614410138886535283849296146876848, 9294465623709648886802770885701852270466315624252751502986874115390922770473
16568551311583529330289014054849662274605753230569802302598121887337316797430, 37798324357936722310847241876188400213579852501767196447436626823529096758605
7118539615171376394663557729426945406693362712606767203745583750656613181036, 72565794619725782172742406949507369767832498351302671813664853811408226311772
12011053557468781759658818772684479704700297754490609172683597124639577231413, 34039383326556403689813116140125121832419802622820142036601390145936031441595
23620495454046046548991900695625211605559329181861339448120022820244309623145, 55143736992334191682835195855673101924212417757684477295204552555676939675719
14221513424744344367192362520946757020503356995812101412675893550283368354354, 36013419366804023785794424362314791873133126587013917420287332281390589472496
38138422920813931935010001215677741177821299493538852882486936304560615846761, 42526167373120236041831855130013006105244030848689043820888747469709917146755
11106123547263579516053581273357004285676383704872261927736284312161836725886, 1903916260623850140867067647484086563944373167238177518335393802780551074237
30301124254936773262441601895118634932004790780021723923175993248372940090379, 47866734734629066795162060700687339479900526677123622729603857036134065285646
50567206877591156998793934881680523440308304883978456828374268082531154815166, 71151302662757261576765390156540540694130137358479351616267923545753371687
21504736377009558058208304632966878186336545274972832663875597826711022713757, 56552799223902425781977315311358221253851679032597513569168894083046224721710
49290347675323027514833129881425428396826782179431735261799511685496627659831, 56632029174696549725372962993140347763343811227131165798288638285822284482295
27640427058938136320575722149129878811566932481433300918660510804620073959794, 27785217563178465658453974510638884662506575394496566633006556209913360884038
10415685640978106840369402715802744503530669223675305253627409236240334170197, 6620130181058184763497302841099244681861099303086778046014286594556393296311
59682764175427464200363364461494701494884596766843781242011081194146996957634, 60212891271700166287904853685985820215386627959724772118995317931468616418351
51499123397278365078872285593459943357322178580810838193414225550466207335824, 696420480893695210801103432234920364875129314613945355466197508863381030548
14574116665381700658244744211361639319064612806567971295924814006018648323723, 49441280295799350067263722677365079547898507202558410094609504252431982150599
60766655428855474289017916150069258946150217225483673412804652201288685359541, 68237354513066432876181277991344642998378375370080372593532139515527994824689
50224781557836934497748411257697042437902793608224245452766535798450773644670, 23919779270361675044064869606803799499562163309779044220280759937551407775461
63078823151146037550596002676657915967812872348837975937199941058035643335993, 68681547548027723750543467453497357222845527090168616023836315330690718065859
21662292902987095803550514335460116633212953982535655075252614927192328869381, 67188337420598144605411587877506117114184455502844066427534005049018720906499
5507001509856221355148934673616001876472742383238508331052819144803129204782, 60090625212022061012035460389038437691770085645321369968908567459099414604012
10945132191619526112791569512276172999775388506850381766351110407568938552892, 68234485351981058953163749100750686552061302783245945124913910607800511488424
7167100592733414937346797979571531090818113705824838472159001204408959425670, 15795560094350417956461942627508109826697296640721635057269017958601935406910
49279448734642139576020258230998303881209963423431063860809399229114646984426, 1415076468812949963633257525062986407411074784764887203882399802670941839627
14685833476631568671536578860088604054633514754766818856260082535557210980493, 72373000654992070537269435793379222943489095117063167890838380159062286848097
58366966292299118775543492004170389085342052448312477938496246888874520385055, 52233859556747869136106067357992993895039587558074013615967534274067356766896
43991650107925520148469761231729200312519455231445052359069896438461379914135, 72780633910679486521373258527734984911652728400473248655084426812882634534578
42910918594885895260849371207632339200980651119624543914325275171999405498602, 55926129858771494990022497771561886390357115051207594534330304975082270315216
21288946966789998856317036581560458773183107041309171090465362305602362357626, 44941667967908237819996370787821334748786414297811954688513940514815437967451
6433513254666023062025726750494093305990937450062544660279780166860645319880, 73121690288994444333024058073938462440693875743605035043523525694434546979433
41002746044326319593421712017889068225519965569657730277089888671020045677297, 67857306426904070647437904766319057826705748541438477403945587897667698284861
53916859949061565447768848904845418770176741335269702797591748119910135265809, 40803951735648027619412112378619809446223792244559449280065057660311992779185
54185352352291732051249633494897724955078062244381350213519351240149957108240, 37944832465862617848185335273672581463076889286966230754695523875882546545218
19977961959731276662784187430494240451448922719524874790058031962044636529415, 1766693077906357732613530114167915160996479064936055886373535728350013452676
2449224357820964352391525542153825611759090413402564581734561965618193144757, 27432638448837580165277230857077246039807823593706226614883538097892273665586
19213319786537858200449528610075287417070634986281331010674068305522970961577, 52051852133714842284326349512371108360295758617731707236844344468538263456259
49449126911750679681402903016979575140792442033980929362615784771394923644525, 56036657420050974946291762953004598025370400092841354566735876791910629490702
59038853748196357832291037939753592586081943850883276679821277792435890362674, 15884248255351255579116969726400285941789863776211625578904539063764982663646
21243083500490680174449788969863168132106855645404331275779568592112965150462, 67655097926936966137589167961781390457210135757587619810901836063983130642748
45699404092598779359852747090497942962495469820523062540856139716370559481392, 36519110057501666203357309929592111756707111825103137581054266943594956922769
72671109527824706053417633605059983352979460420639098229125608025256560299481, 27690364138613991564003503758171613542576289756885101655730952507744440517928
65524047795595707605149652994706583195258643373674591199853941106806967522010, 51474742914174015561765384237376942695741547252896864996352092329945336894550
51517795155050394685404498764626089494938595186727610096667010508100648601881, 10560419818286328722760835831005898295191707676313335094686279363477744124685
66815632312013403996282866595169751941391480375057753978390659061142272798271, 61399577057671630540560162930551990169804039137230146473213456820854194874611
72060722739520711495773454853461443253782399240131400480794446036300130938325, 63201695549227271834378988615841349233876408194876098569865710031875017539301
41130519951279743671350596049061095377535564735529665416140158317323237896989, 3770964727305080720664648141270425149382270444238599435524865250639734205243
10541539540843990815520959935196045201747457107846631818159117090541327327548, 9452515720817704816804760231690493018903290006244701550925401809927435777341
35179091968262634374633104816800367793704927126959963210206433396868348162892, 40281752044383724701815690729743519792045368682761397346042725674541095467869
55403253323488274865222865738733237995241965885709410739699936463090406998826, 53326286302850080792889176860830836490643279745111052666671031440052401979471
68849885810428101999198991207273542583335281261646149005882646687550085888163, 6294577266570818642323418335782728891873263635282827808829685447668293383590
61263985688521777702008145384011603252651288633131186454575278683585343666858, 58733254860788647767860848703040105936569257383984421521681575502214319807787
869437793091736153537826171727165005398019475998488163533221370939134196771, 17077387398107635006871855639194414537917895489283092920704112078807135019016
9144188807270440438387877243938089800780289730264408395534099000466063725252, 5825952066553707141502455441797160027647374301022640393904252757550750046505
75124557378374719172724617560177859140276009629585043865917214002925053476304, 57539304653679419576788650731848881827097378217220652020850396689068317905240
51290640970198252614826670210597852714800304712190175132585166870475206217482, 21402467981441611776701714538971936104070317745069813154138984865740699828434
59112094157874898023236920870198866744609664381464343237069027498034383055430, 64838332670668584366433083944590535289410747878076775397997191459687435263530
59592819873205260581247493340812812374351224986891206363873103105786937314348, 8956762967997179607080436106272383929440955911988750134683091999635853811510
53455355663562404842428845388546535884629427400319736255760733035701431486272, 51038768424598456869011371609253127847725785831205757397206183659701511239627
14289829646057343941858761073126739904559328553304473218713792937877630386192, 61984531534766455500878590350583704677156614744510969890773771712613771214426
51960637776224066784610791669687552554463565018412246214162445978488490173590, 914409769568118269391394546929892035990568273294139159928590779800093182393
38776906314165829463337658757352421395692869316852520514538461085974020108860, 42844726060220188483932675020654544618053165976449966245070304992258302882538
15117828490397710588988308231787342871804675995562567634001958190150914163678, 50495996994814105717507752163378641120100474988261969241168698974091604435423
56773113173079126354680178291382427371786714811542625781670337647801756441204, 33775100259733109810618211800312010111727895753269427399501216228639638005543
74984126486878984647278962184415468408478115078974685460181190455729443853554, 9723400976986922691974579920244741636246350537829836823884219467374708075342
45047140867233748161316780943161510672361198067840409768029655402404284338198, 12976219628165823458492693051743250848336418783798355978167982363777110549314
1106188020643224589669188216965940227039015414401329840924621558482368922958, 72036193025727935547672167894956497817897641905853952508352528794232779019914
24900152965235391555883085654807295755364458819886245344757099206503049365605, 57221346023441047494558341291266692213488754287728150844049843831623139197766
37156132810978271889812573152761660804908581685383189109323728401505551473255, 54090695463751878556604309897600611210938274449378051957236077791291477503850
10254513236533399845530708852785697626449800702427170839689645533796801613237, 10749025829805221504696078515783077707420764746789992120879178252967131010199
48008064853480821906857268039402390330346946594273730732631831984279962130228, 55126050486779400605690458099968157485590511840403505239119089720989277903101
11400451103587907248643785335426873808342585179059039188929616547157357902681, 16136853591299901325172663191094357993994788108237327520979507954017562439288
3336876537380281593987054254964803394921953058616681583162654529427362950655, 65471793244169813492937650414715316622446306615503058260473772123828999920035
51195296317960483729202359286399736135917564681135506351694944904566580159670, 48694857330328715446923246269683308273009081734540388089785303561369611218639
68457100791738987935156991742626956849952636637939631931873269750786957855999, 44280960531856426953375243211619175406190201361625754162707874467037681456924
40370327869079308733098840015742678827101372591338584992372729234641243416672, 12385786743374700111282741062052068362079268323576698025703814627784693419537
48365799905653617112727215094462961815483412731142047982297431266916423448421, 52616854556381964601536426295062157693510620300235656495882919237469829936196
59693705747653666744831989702536569699861397299936351261158615112576852154108, 20661068618151463971608659579484428950225459711580704070462537452632536853508
76458506167808070852577458356988872720148611037776713526898942396185049849075, 16658477237113844125815412980537750761742024513014964514354951145968886098556
49468332243981546168856564090503690077740842117986474926657664741364497573771, 61265783513697865455449303284132774406064912179122645442948174411757273068074
63671254390119472170927494246243762200471730748128225883166953469018844659009, 32481967649187804048178050350473166418789088601888925136795073974293738477140
44769898041232376998939505387198759224405130230030343226560048671668925178702, 65641100663063196904493300428037347383740259631344782915604492761581329973957
43831753703916036620287418571830508152503801470905884729447619375815019263264, 23296463483801027710403519110903793143604082014511040950884977896592147982296
63347775203228716401340053225921639932936473154593341009028474751019854441911, 75919044535154816184495284541553453128542211735514240898512232111585771948416
39531381456819093891556855643357122522403257397828288641791816928405119267979, 4302475150375513448510044405233091770217633126894191143452271166276019737998
57430558906043445746151545186196976300880623269815172419163897257329338573591, 10027224776056426931523919283015593671084083918617464298697135694276135694323
23906763917068915224070115455166741238753184138687733280878388037754156262593, 16716471620752146900523342882306266819600685647248614440034133061190249249080
57470289944277983260747860432323866391877837791476333033881481156099776953600, 40070829514668269953011794468270694032002915942462983979683844103509801906878
64113873937823260549090818979371532520908566426544197039846982070936942929021, 49874739927985066171262371497407052910564928582210779054040246951385153221167
71628296425153269230773985596751068683991992322366668573526724085463056659155, 17645001792461910957517847637331497112543945859974601943300041448363188586834
64618964927429020633972053454524921364916802219201776065692792268053222868719, 12868695954953984161537729066019947209292953663625011863221201144389858741991
1492491332905716035890470530005731914906470519077829528249268239521842210686, 17273507031598081775062937797540974025364497352049947479417130199300115833924
48296982724950967029067100146688197538939920900012696213908705130394420030771, 5181290668521679256617452278581802728331808776918209464918395030496480420708
71307455983750696697096873936953933841632734585708090443986511722847389861625, 20641118513633666029161822154681230302308982053480408526317151790539143843871
22305906991794080226496187007571237527476312420034773991857763608421377233404, 11425556465523376983410856558876708046643701769540719150793062717177419045067
53313918210674825962595150149007288367405132366123170652021751486522060201524, 55942575708395836401527513893100325083873297761621479321624608741860455824142
42979587065418392102836469063835475576683865379571662611835316098847296676643, 64322797830516677173980787203943479759589910187066560782013472442157673998683
12524897555669944639069238305589017430006110903942522983745662230263377123739, 8159031128215589058548513489633264997934351592177240064380148531281075524578
72517491666342876556718872383360731063652158125958169688637936144204990712912, 14787621969936286813601622357124908951112518270618990599204933517463436184289
64386675796648747849998059946012647173056720818700217170370650283888079387375, 54313944238749869684904531687531987835272829243838160719295203869501390104069
5445601618511553535869444266023629843267869520401210533208707350398224553476, 51293216490433476831425407168307592750652226142630484279850766926916314351125
62064006942737501094452275913611049812696938261483789426897658574944939632915, 65285911020214952002331640918516076121486156041133638208396038853083652222789
5787926242936230344116596774207337156565687678183385305557590006169664406502, 40788993604824652414310188259837846748496436726242060991756266624996926804634
66531222689775099904747233565457819943341407925218618972467201414680139636260, 33463416157370003238189070309867755212788900901071769160842249305176346668066
69078912661334721883201627637291011275951943732651473938547726904384074882359, 3505497813201924830236037452526001173308647879543253708736039898180874503067
61818108287513767236886656375332181336357597135801130756300745388908321502982, 6932260537747195822641497104764953633786611085537177275797134579774898953487
24248567661403533010667479780626509599415179011607627145110953521451801839252, 18275679060739487724694345693167418057044500561409058704528348222360442154546
70756974234737865337882356219192029471052418122353208969327594157300307200082, 45391520179252852968474198215588621902702954105390131302272091604088609339537
12345426836326266777487777278737437583836064651003403517100288188082503892650, 43554360552888151463687599111020111376304812708119833626108234670664669513663
10099989645078903570064453978247595797060594697501156517918594790871043797241, 18389443052160628202892565416100747867418082487445313216941375890793634688673
36690314265247371512366003862802297566896226853642709336643897756756422832259, 38039912125581957407469903909723037444807648515484126399622253326325368877798
20301697293051936253823031352504679525632382954733797118563862951243184759271, 53462631042621961827642466853229509089923298698684091230393211987440963060996
68084342470290230428030488694650009058632431736284474919297574869219796595486, 45294041658027465822015558298798441838108284692804303053587307633637927595640
64616948330715299987703417537571185973587047209070740972846568157218392324622, 2231321579527629527638011502961816358052755309353065979890155460777599528599
51562892479901946308043537935886437186529178640018668732116077938554870418797, 16751047639950438004316940532437310458453368831035311477155900444126323410375
72793487939803731844110781068332138630815879399306874794583228147050096251773, 61064931859141371641243584726429834495379042280286076145413981197856172471164
22457309190281668238937034043703855588146400994110505979755872243992567658515, 33490370853693886211072143990129413469329295654404414823082432617121276573045
16936365341233828369830394324412880447299991426727850530062613580195508693434, 50762262039602561919520457659054885616774785126160283119751289654379321405722
70742368507782451142953571786937229090228797952444812662844989322770584212003, 10752685218744444366731199870919813698263306218814566958915171250762221810712
3339271788054782586276705791658873255542025127246643196026657295485373738049, 68007608393826828371774980616784470276303174443390387445123280234769743056229
4358667569646062467885732041893673147063365560419170436177934123039957879585, 66710691166710485653364377959971845113362572730136739725006207368515734027281
50405694025257773230024938321527053516901888541092511426828027006427266051082, 1513160211327089275436795620763537510629302741634833403119522859984061754869
7899359501285455663953361667353333031394573934055318373281440743544170464287, 3972632656221277935665647391442926479989366820117118417515142435116486968855
73893039903570532315986292855688061608494426938246422788583613986105906670886, 76523768596535441906304243265453857134960872940061592458185388527234353554969
6715282803198038688052361596291578374454869049435610625352919457225500803731, 58525650922876297885486198935555875139930731205931872188459332371559008193057
28202527524712444153956947573630912139424115650326145151353679446927949006508, 17338832037674271879063770436879825286613973055937399853577225113059683497817
40650115830056850121592571243599504441135726613157186741432342774337751880696, 28572459131737571050460480287806335161732719615769405586586590889573147067642
40327823447658447124059416992015723906666316009868257259161412403892224319329, 51674836619817102936840393544098111517766681052583552271544102122016881382310
16759681189040157577703438902099943547952019666190834026834432571158308745191, 58578260989579942174316740441700843072338162258045893634726774477879544046032
46832043343971267865329593032928476377625272369561164307712469346838101476520, 19436249536156001967435402808958002664975839576855230714797316843921008317001
27974608504920219917627404965566973887447362424798351006771813916365863170839, 49275837298932649372507934881954414319753777718196696422792402256445382531945
57403038032626387073583603745448740243723711157888830398699298571829765639414, 8182759322806709407235498793795574831288696684876213743478505886272038966497
75212938281891592068107757069430321177146976264405471057495383564444814260123, 65390209436216763599580822150506846359638419939625548629889113057500111399862
8138668820761721669971646912059586491068148196797103740046315644163689615720, 13844831253118816561694211534017721678114148427015416339868168710671724030217
66665248635922613743768932285464212304907265830520237449949448272570762890326, 50654967305046291566248824265047302517495582372870539650746212102556998980153
44232497214596620980552870832582663953413750276021695222917643860576629272212, 15113647627247853513733927300295608968757730434739678344916268510571986957198
28413389541779206557340218958085349076409817090387481311937088488554003766816, 66531737622184870163919517764688501027711642301624358038341331592403353586675
29564456947258881934996271123963133206182511193116655707714398605151448692271, 72914897475008106031329203069335603624622122797294939206263411393341054600815
14001218029352680805878361061779029707402660355472480145422960451257382193437, 68718444596580470680723245221802595974382600694038119648803318042330056183144
76357473014939259401267204892860184373362826104227232454927913927811559723959, 5133117419612507684464867701168715443251445157199826537898828349113512752981
6464782996642006790257419287385216275756565547744403372340638054115347486983, 65608372133481844377716055340454385842708707906717148685963442020781918182629
4090979491933339191099720508996139882918292930985225013585692751604284073316, 43067277150422678616038243333386071947055006343309470227459600095272570367023
7768472113726182719212799270172900234784325382233406718026446871861457288668, 73447375433275945992869817328053330980759731881919390182768834947464490653038
19258869057852507220543958017786243460344532047099395713367181955674287590492, 30185699149659197416679596649646661939670304499969243125099987057934293837930
71697543796889186946050747368880813193319838627503786323008684219642696103617, 75796467257658159178223284080451885349554541760019524734223668602667747389726
63619763671684167791188430148064691339679031758411644037108950940033006926715, 49986293586937260837078437566419391239307784089931524163645281841502062189603
