Elliptic Curve: brainpoolP256r1
Field Prime: 76884956397045344220809746629001649093037950200943055203735601445031516197751
Base Point: (63243729749562333355292243550312970334778175571054726587095381623627144114786, 38218615093753523893122277964030810387585405539772602581557831887485717997975)
Polynomial Degree: 11
Polynomial Coefficients: [51, 54, 10, 25, 63, 30, 28, 14, 55, 27, 54, 49]
Public Key: (49740745107104437391191291703411109727683398515193303559706644652164505405343, 9208747245673054909668344445324698551906698865500666964001548144667087209464)
981701524977071532200812169504975609089132188239917267400803431940338311607, 52609986868593804182354364502486274546172915700657351547704295565186158662412
62579881168481968325189466075165194689799903619410955595270252791762679871622, 32201690938718096726759455010478107428076405829292039424209532816024288183201
65305845727899342771149896456746739097788638057321564022382685845278398862519, 58128471901483780724971543188557649899251650744406225858253767720398605397506
41575881188750849521228228813378381899220042050955894953927378291995779671808, 3946695613510194508363479925496180026672362792285008860533461556307525195675
69356772195190097211058382426132946265618462248512606556824969079357826334988, 49041269962663692179446908929259924557847423943359436339358087095956607637407
9985121398684182548008122881876134041656850513018875680426906230581333363701, 57380810084155731846913969493694376150855996511189819283378854194975202595185
64452422680853522245241533415696099969482971531733696004374704385810759794488, 12108282172207304195196274471114153713323657145060808740921850249553466511555
8034737882957184250973332232866714490456110950602199839888075650913361244776, 66340146222082283584741085063706263395815256381282594702985393987217208536488
46681968327804173853952368311422145791666683474890815235595541596393892001054, 28235513926106176696725611200699344825667221910858990053021908832404357570655
55417868470660213907480813015283117704260823800420798731841370935710418247212, 5334631447948308981713163905349743618265900952670491461074257283196153359476
44667184617527165374042979462588640453438503069043435149026025251360679693943, 28604383862860966378345693499355640671005727602194285868613297225313753414455
12788678669615415870903569054159058973772326171536069644189563292414461402917, 74617611654424768076176112369569989097062619172851033918786972965308547712218
9008532676761027420428066446230107368829155281551110179002534139505351721867, 1015617751630370892847791569106916441597209283787411838641774259071279217309
13428582272690790390068923567667392018271310223996668428642516899021164570511, 38921173772546816184215273745917142903638537821853466115877821039149100112384
73605181784634300753382289040355113632052631469444475031263686789655502073345, 13777710824737535529862911729517421584527162552710916658121015504475916551558
74919011517624981860540555757856530405534319860495284803564585327492777928065, 8861766290941310218998426653937771591465091604373518509667611483010404582021
70011990925237066196547183981141340708348028377974433169640883387486177460019, 143018941313552656712781980734258289713669483236149643519980528947829265319
40672006471798729069705609712227791240969515677924234295387046175774830456987, 7806410256577475005475413150422566837514046743049359370147603337474413571460
19709187263679446948774029409354363923712110707840248021854948865192334796117, 46589931566974839787370601285625632103558819483314914830273936685519894342970
65413949910955939571743947808604239849066345660902824862569961656260738829537, 6202910941563459809397610417774886526856283411905097030110034989489501937125
13383811674095570483514724841792725132281439762411356780307302020835242151461, 12329913799224603581765701366325619338524150340313447610078445970752575652123
22301456729324820036336485100707858631079578571259512912201001422406568121340, 61469862384653981992202815244884198619350073678867676725361020418697377904838
60647914703350509500306691641568383818425116928534137062168967778566861877474, 11750340115561085461901167760151817916413508694629864310716014584942301179521
10696842623348902720210287722527921339746210751033223536059387222526107485317, 30329586146966943009062278623842273488996850673832719614884336664595198689609
64856355551570987637642848867957835951951925339266762940967176336209436668161, 54076390302417116205151682086426871392461183191753128657312407585806609112187
55041077342574623426353012807809876683718492436459344995432345932901918540572, 25884653634659125386437193633940448024117617687221710969814888778559579331235
71225896004152519699088172735231951091482987001914169398843719264817177162111, 9049621129516707319812471052166511253934464054222555791215815413138044829177
11965149867846790946076874189419345976391325643550723762163921425227511009536, 65858409294966408180529019192876045767283578508904306942671609219742653083024
56239081177715687473482518073138274988448326197019763961042911927313931196145, 52145205420865694412962842917622973852431021236848799719656209103243840935026
35710073382745272161228065191065922514625249882132018525439178171148041009655, 26210813951117809523767126026484738828968321641782792660313609790921577481639
20233645067807299690011278138329562237476040057211630431660943153792864378830, 3291474699480070761214548371469615158762850255316982207891746009437331735012
8437608870969179437355194878925129936136027779648570327726931347453701402285, 49970970652033058442876928241052785815038639823380121393413582146875333533161
45596432373797231183871432305376889213827329743505519163472576110769740449149, 72861298685434225903830941142459513146462852243015561430089330474460483283009
14420973286257192122581825474821295589354819833423460297262746548396617489491, 42439347737645259135975142929115084709591549995205726596965637074698712998740
27630729497365562474775985602011356509267145553713959123102437439503370620746, 45410626925982727418567828513927763402787554360644741419705997015491928325581
57065793120521410958250309305960795797343746484311100813701862401129653573740, 50167402664696906547029301489439660523592288182759976843613634685286937945767
46776847677622889687241704803749658153721834467397845646811134119639173427705, 47241000810510573858977017459200904206002396197280985970558343516013705597958
72252428286335042785386889363117721389449673648531301235498154830335420566679, 50121073343625816690344616729129634673889185498078991904205059427779113720340
16864246399571671180456521649248492569182923971155792192597034422899578689032, 7091270847021244004785137218923120617053568320652823570571366531058435386705
16713402312493172989791527727721328016405487752289858068705033068071218425192, 19490748658521081030902136234088241302762031610867567823120142984620679706286
65918128184075427987773079160244937119858989408674965737001917464662236030202, 19582243268855255269992783623426519680308144059567767244081786430624593706306
63257279186670499936320848993912950444127471713284557295620130694774775634088, 73327495946438792190681348102115694703430059564199557893917422150451787342411
24369651823316097975202363032258158328796516524350939441855925653147343580199, 9443443952503171955186426054879087477006349491694715490406644244194080256506
48020036899608888146309234259588875239225986768810395058894861183909152170415, 16087678874425938717927886300752876317156088901646389435076834542741653593770
57250117423803896254235950546959104665215702274474421546044667473221283488760, 37466168589158858228144890306723538780350650240361392334986187226413620319269
59450939493413862042900557006751011183193250640250814991062611073726845664784, 22621656456791760891043644606298450787197283576011160780632893550087314082579
37104339202164118627342678816717484410286221009600983109565519789962796451567, 53449309660911898490696246271628878360712235274355068627555671027379889124156
55261861389862998913837516774787837398216235212966788095814694327972750160563, 64524204780593650279270380757755090362468953448108684581813465612156245800252
55246049561483688184907584598707345751048552278310015489566091970834581476852, 73981473682036436063783980436618869287876219646265701557197798194526858903836
41094057843551704332064332490157431408185901333010005025006959167061521662168, 3278473971109015985627019347338320586971021430308650341862240284757548869702
5785304684144891301560009189364341419058783661492945166820470158931254707972, 41704853110508391836667205217846643593380657389053295150274740225593761135055
1016902705952018221503821913530141757159011389315519207016457390939668284641, 53275947673449198956432061502551414266816163262557915017718821904249042636811
63557991875402146027213882508721554000329314043784213235825822745711775222046, 15240135840665487354633219559693429824150953195027246149945850690411976511200
70382859063923542050161809062087007233557470260074288259162869089379330533435, 14931328476900502160525945793459187023360777104848882054477903529615429692277
2210983285549504864933284556237517650025095942919539399468341018401658387518, 39740780695359100453762055015656158024405271582592636560378190261265736149131
16060343997440953763150942388377250292989412733199850846352690155619763023058, 41049482776544089834877539878998307505300378960029466535065819111188321686780
73130832026553475885643724855178692520194851355369015695741164981587724331525, 50033950225850651654412350670118769588389492285311627101930298690870874587824
41085730052151058767578169299819340399834743407649004658074012586875015077176, 29915700143723555252983410254685159392314286029518658898829020396701945614009
2080982158618512233168607055812346198770635684237782020215730272623009045060, 62990983877212713946555105855767989055241173880326264853227027256712992448939
12833008001247758642234296532260192393722109882239697554788799369772789517068, 69252641951875616411817542844954353718003611825002544138367511603705330820421
34485318924029947624312970435566989224684503900790275898568581957990134818743, 60401884128603493174888270717113996396941002940738233232252212007320434959155
23010539368696031994169694781843527581992596373926669265445914771295634832751, 17896534244778666946714990500250608050968885546100831031244866709812099585725
38731279877583588818655293170653155624931655324489113707490942630560403174108, 35072172284588532088260300687896349417286576158278651512078413697991338834045
59138795428820131739519558828768644345669302531631806900258075546552750385100, 19946103287214608669827282399355336931302621740736501611430821028943694786641
49860158452834936028238025398677364774796910913460552848918443431068902419880, 67353202460540900730005693138917649760304931099844236898028889686258055058117
63830364980344418714699785681231239676617505667597896640807619165652168475147, 991364787556063034927906122634599297026212999467568240153277781686925637538
47738597743488492515085837511546578129609192081200692846149502015730044802173, 64304373449683155406450359042507208028966229844287922548794336445332253759522
41119396346307565200322141913915684744537123459520265390509975687483914355119, 6836914566833351617585250896591918206634151642017270766734789699167911373998
30222915401611421854937534002321186969839839894546491036643168356772615196521, 73046858633655334339869635113329563222131121205801324713955474371971050038885
48575742540991136772620699974613099828613025456923319607873262772859518637948, 4621563118770907168796436447202255976773847247043245426568146580567126893324
3411084940509734839457779316492655424749954438463309733039333763674189930966, 29035179293257138078364675751381879527136830474407657567542474362683512097918
9220780020577002800656321415935708722876295174487142871851252803899944738737, 19880314781006192880282788591473493249565375700811170364826041030979240322815
30888152307018495741736225116753601871233251222318058921364809286405289650411, 24678830317147150463078819965855599674502064285840601139805926284290372597113
60115440449865057438294682654076996455995241203767822979240936996025559144279, 69133470065220901872206167963301717913924437385138862202333488455679863671957
29031969252479618024610534696265081045667417289525203471098322665156648923784, 11608899401992863354084833711055232669326216094049555658006937934854095587614
50079978279684456994813433554356751550279552114283230439563373559358172217653, 43222981927178891006989691012020981941468908071828699257252497609257508170195
21387118545659265880676986718745334839330031036621708049141823233972927136223, 43044638707188766326431122973225047973095333872774058070855456612891702581834
24532681503058089002221598030007893102567304424558682560238631830618269508649, 29039861119603625162442598282796751978015874098557867934132437333293221191400
53130876351583205656606035320915761347514002109255457932830850851220995570096, 61595345145237255915909943259598905128519974371906522565956403513137126079643
36294277583332960529917144006205999762952453741289279052082514679494608523590, 38785120331839467972924461670456440805093168847763020695243459897985988139565
42054963781359274261458919939348098364655234263320811626667356094706686532380, 35062428190495155492660448930562945668222013669288998770206557544111572365750
67048574657104314774682773916693252867926285209693638607495003149925275999694, 45736236381620220190330224432929950982813357445794226216178262573460225975823
70486554049528430250640821744616562869369451281714222990626382611999618900499, 46437509551955376473643440672674088884540301680651144581568430130199260280236
38970737987741873146155859667569926106777611426753817724106016254576177002751, 42898094091558374808959940647730914457196187277351872871883525966786152319427
58745493684198316362809998986273249105734843264559164595887633023435793269246, 1301965447310018963195286045303889265637252321312724888911671881005454755263
66760339548901978136714704076097297054673072179343657264488482804469769528685, 40805283587313226653380907111828066032082549111465671101732606431832848695977
65112759888963460330063871770762123800284146281737156113328294776393378853990, 64520889286461846059652404144135067546132413905214721192441006762034131263732
15646022840223414262916972140008350428202143118009922831540200534148784242202, 61973219856054031392769231889416890571950499357058163011554317982971533307945
73109820985027643416368656325364192323149096870836405942256753207085253107009, 34330566198890211522387624875684283773880423022774148218796554463950194405271
25239104394356585866768700440756038119682515529292574119685479521734268612287, 33484904543422585995865747529632237135412222443645065204546527197931314569381
27292021679747075134066086896960532042024420896550924876446649621761029659752, 13063838421073251826434299590487214185157455833163576065132651250221950111769
58520448081687216063243055359673172652113553589460733060168637506915153582847, 32705108771958230832899149432032916223197098104647175110106024958693379283749
22484781805612312859406874805388934568887197727833890728139464554873625484850, 62534679555766011489647377078275615479878843010257716688046998974988407204757
2353885706343445492942737153326672707942227691397129559302046159807492565271, 6171022154510922700924747024062471041625056814114518246217831144099864926249
14880728081328438736523159248043134530303312146878314372392377033008838225254, 74347076579936771176782189142830993779652823821841049564319335806477602866057
56407511807622927614817066103121454749770744782261216144265866319467976555289, 66507359430457230770294190662038680198765719557826778510721543538760440050116
41300085502552237946741948961863705252850599256897048777407136494243025011111, 1734870946069358357907168229910556707088953254438934487271511280300814530591
13410628895085177545393306296231108151775331760089876690968674584659871838152, 45161115382665629730383667015962648307679464129062113377301212514187918274811
32936048865339283690715589967729297287829614432977769443149331531012558153813, 74715874982036847345629283278920030896919955155371210397718847557184959639180
70221167107404451096105316076617761946127909232345146954367363443033884817888, 3770440132554324638615649682770520388161224381081123827747473506041356725613
29050314934811124676950045556380561933729614196199235167932607253862905989027, 32751813031071322930339133059056902243548635125411370529881964944349869414570
55121034229836897405806428013246591247748038919883724340455933357659480555969, 71537875292753508902402300475142043294991419710252045028074748868934035921294
17134360899148809795634003117738246036685616679855501631542767058205522874512, 63028450221532279789767299839583678806117078149058518068047842346578052332029
957249251150784211064287467883873800918790735392876261730900860676511582188, 76455922542066848071588981205410363281265718720369560488649486181402692590137
62615055475385661719378600866377846079978781281489349952457146251237770807742, 27215231566079450503382255610624021755705122720306087079898349493147841730672
12577285590641380493066986702986235483200370561319413818865966065633043446794, 28206305067187407193916619347872335868314597790325035200911944727358005152485
45292613796339724059322417157097071732928831728999828669693393840960607122512, 49807402441197122105689436504653903498770033415737190817641251632772309613470
70068148216541544192010855178252691940868342538170236882356918281503107738338, 11115214407088949156124862721661117434463238523871022618689991147889720495826
16008973825237195856876058467709895277635825036712743806209524812563702696506, 42461414531372891089932145263888029988273489326960431944622037693926417197442
49038016801441304943660159427710813644892690590133031101244570776910237389321, 69426634324375341876130702347801253691492357783375809464747581892989140250811
26421433810517142144967188307383302060817101213807299564559214561135087422480, 38379385132367004445882612320071715581604078852652521544926472195177391675103
65521334285723544913968345012239798362572429330472366201897978317857696316898, 12071266129017973991110118603134629778793564783992175285100259059871153454583
17051322387901985107343323387487626009448348487707324801400947026493249445128, 11242187449816897531135505321229348143243060072805547192945169159389293858077
49143633782203456046737347304988250756451318910480526411773499247470171404051, 70786558726939771951371454627644930017195728252258528463636524551101942453003
43009873153535200453129002517346811829792865508988437055111368028833939809243, 10158113583085439089662843231707101113549232587909944874891405534412986422303
45181061079427836255248017705023403611435489976599879989046617776712310131980, 17048634689397407155835915333079213627482015618468312739076786253088161969274
6432963938068584063622446596573884861358225542797987002636865138005853891994, 18037178802862343544888199534876964562797570692410340209923567855652059863030
41965712238250872660108014322154839163005139994226380817434675135350497375108, 75545071119041063544281689360794401555586808558025823875994619959973390321555
60434397768797393615539142365105583206222311813028486727385553868883707254456, 47396366083952640552281114075831790155924142215536952085518583021346294268805
29880832855700915731906326656948406965635811300138536756340608762496433262731, 35559673801666064476616392582316256411199256389999966140025141607789142589771
62477656342529424045624990595801550169719959511855848804041872516007695744401, 39888216291363639952184890734288474518300536216919361646140272807707581752422
29275943980637669358381062661612392536551511042519068784961112764055023484152, 75804783005039758462739037575031531875042802957481225529690792119543008784057
73512027252783481318890939313996522661632893503316001920478708521764496635876, 73112441680616829525977313307700125063685787253530795173212237021432501785976
67832168376218569213210923963280831927842443859977996520769295954542861053266, 20853610648406109240709618211338667389735099072677114674092196331101088011466
34212534007668822729776262093870056725752480496010491308275186322340638413951, 30372738186414934664616508951624182820087506753852267281784789154993220662768
13434602704449513166448862484648571550297087864061170569520881292378020478709, 39994836941660574731493519814939833094541621690399881568267075471921724186000
29907951432930382117063591835760621585778944094480570592205282246499908643863, 18309741860872671568491530633314354022875074132002082384507584211014210146743
14831220143996601083439018142980860571802603819986740844397546886735248164141, 17313058857511074043394243008625327506645376291412994216168528976864133330052
38071790909911739181932116887819186331644851472046575403088361884612364935432, 19517241166602079989354428362307544536906282527100140612419283567417295893382
73272533657920501395890337326371185041070500409606513358998655433933595299433, 25088537705911175212817392056618216832402230009071987460197163559388333783989
68964776426672183583624352292567747497786804725164210050998020125977430091923, 23533973764139340466713991011724765815293751762866426368475427190837926397740
54887930627826223591412705709404471923664009399333548939551034271359620941759, 34267516756927678572509810600603637168436393039827296780996405351304016544857
64822422858125074493028166272281464559345280663728557139664469587618110548423, 23298364308240672745513916086766312959207080827459981248879444335695217310162
40618193547691104755509765582739703874918999655561581818270503829113862796400, 66045050685820971615545660070092192606888534421294678205960973284943315726674
63650029766281644419780122012214125750641543407023118526054905815143538215829, 40779785472870584293897893089500651761730768457465600352376504296054623142786
54294098485249979158392754954316816521615747604344379142403741735184052411515, 50581061408133421189833250976342775100967805098880742265493782457353718163392
16030261431063696725739043581583748847314345757676261372654857327725613234090, 58711765973670137995151228605314513801955650230867790145675320747866246841993
48768692004861681359230631643316303847334578640670520891604782255921577635777, 38633337791772592049252547135374548083089961593372394946632392786631082510075
38593794293280401757724899631474525177828635208616853892801359486987850617298, 44576191398524587931193581930262606713177959808663408808148030912030817969297
54178087123873505777509637782298024339657223047852747635193754394224500898559, 65456914704830277634130143367444131176104875309572125534163502590957067336938
67859932593188112844499658131647504506598478321210146777903584256859924911700, 27151455196937110148979139838656439947215381274986175883064041897135243659249
60973193549613671003022350677271672881771645789045754439128932586845670984624, 48618818977102740098108999381512444142618739874047855362118219216718324681874
35107852047433903923497372656740598608396692364113969058948897132122697876226, 4040110595063839565998681590132633349864686954043246594739272689358447318697
25021234268351843646067992931687598867258392290312724878066078114068586565694, 66204434620437037204546987918200497235819556592111492187705293647596043526023
34455252030918164254483097787988566901862077215860740513645072354436877113646, 64633326253378776904935488052651968608454007933174234458006237974864666199437
25179963828650502460723975330665827527140635706574432977639964801021214911552, 41717028472931414162677717325110918538655550792474736721476989395601504638008
29099064690577511019427741014795295170006861049577092200730344608878630369330, 55155170521002619628771228510675877357290037483402062238653571404558618550095
53829915545054483024944601173568109741522287543641196741831351520893986027065, 7122190840397233136479269367342524328568022095800681091011191585749114470626
45712937162698039344075184848969742103661024997952308348955176934450136241844, 66546000815363118050553483732801931524850882655644398007809147814566104914451
51627955722532344832255433394605464092821691410393082540872644060301490301077, 9257417219201789613514936672807804533160737918680878775687616632400287708080
49301988398874932994705957962322778520832218747177954873804438185392180999949, 59002739616927149535957162972757071507114370377152197282012519015367591020103
60549785664387456959122526248771598554198068876790840835107905389397417604362, 65305171192301373801924972721862713391703396836977263724915198242725663118707
72791525406058383347943533108353193328766109264317836608659340728435247956506, 19985133696755052788209187137435558179707418718262246342178466089727224802665
28479615849281115165766033336069385391071637798870301077999480006852538583700, 67470944454741675935806116736009909022484963561368513970969786158506711733643
18662958566468320180842439970573064177589099015556709085680576366173592713103, 46529184336895235708902920684584980009058393541103379367626515411976870892007
30866127298303403716675611205982288462598530551173826753798373318726791944772, 64944880281832863042179099561239221544313485729578314135323822973306484313713
4535293796351921391844349537184582408344670507916623605455821078018376343246, 31193978124702169714048179398992217049405578956661630569588979671735148877093
22357806754985558245011963155085942999078755344928252565829320340340151196823, 74839656401337823565850196365077963033267837656268829158581701270139826671485
36808935975763422471468460922178126870472883373670035478100087669393652022065, 33080503707579478231494540758828798747382542901269760635166334278650784178241
65592783168821731826138000085014966135668341011474313692500041353238575502613, 37197284262953200089651167081709458848046931977030498968365366634600840638084
45928380805510070747162766410898745905604903557863149508392204942977424113056, 55003446462483672977978653712260641373738837294478337558007681923957327033146
62632884512816294670663235906184211338759800866538906510131706869822667800740, 45986536412441634802069481234704284863451159700464849135839964637387114968996
73092952449790920869193234705356259181154739019095521760199884210994187846135, 47702667205316678861044450920611133403135458182223553540061079119093942939171
9260603038620706443076914684496779144939404896751631689066268782905542609263, 55965215974183062521694084379389953665731650835104051396227702100664574542896
74657571297079772645393019580160178795200629509240476294808659670648921043753, 47395143617092824083450108690809070730223822230455016003183148476586019725096
15307900834931445146071479965524825889855278121144411791337754413568053443951, 48985125847002634962268565515870185256858467834514190546982970445015261108213
18547455491413871769362913681842029601341748346178186517679912246468292287366, 45323715199505587703701581263765131440114103743624562087725319092458550687124
54309947456674076516771434532164669080642472438694889587474195427960760409113, 18002808546955540285361169775276550404800255141490101435727223075062976130526
47036005703736640155610451952589093858569076022420517865192512972443374636852, 67029497084977054862239192252579019928215086054758050798147561222082180609939
36799597779338153071196927267416371220256270671684278771523722929027140547589, 61746121771070136072648711424791330733305950242695681805777960245540623318647
42924852757536010558466690322451423589326015890119140209155916551956212184288, 52682042786907870825748555452753443822712075986718226444822824210852234511069
37057097665182269178672701389421135367678306543131630575382341610271426295684, 50904662735360484825696410482599783829098949657577595007992599621293853870512
18865032138402719325633701263307132157747205327556363550182891925941951138467, 20605842036765752646795482602085454029380574547018862347030465064549177576033
3745190263303503357072284494071924030330426267068960201356476967908928138531, 5418879559751378231513075331491579868375751637865462096002956343814958777437
52607585290468407487596217379319633739926138321736380875432193096114015012221, 20933443170331263172446687025227836654742484948281611005426851732678702014891
66773360310538369054435181265917093963184391244892052427323298065865961386627, 40258036042120934794139508965779950192516721806478619645290590732554397885471
60821590368177084575494144493219659536831691721457376993678542197186091755948, 34005477043495454816535329424305861281550037988919055272654943684997322649123
49608647230665370953661701524707598453071367859240609141549727034238804607232, 3168450727560586212004808727547190489935006400527153560987625520765653153769
14295664291166222637240685326364062873688100133026761080120847795607038513193, 64904094014810248757692299695799206525102337178272937064855238171596865069730
48405088299697526040648382241957761229051638297405523195338777383635929803976, 14375883852461342529103126746590924327280708309925372668033094285985861368265
42597512081466686567256035614969494109918835382042563677670725122188874630946, 27248708970580672937556998906040292518720555248886461223068227102993718646114
42970257502913069668662261832179350411378367494694920010551775878976242488795, 23898560062255369243545514086968040586699429559030988673723119778540410454542
64262611576504835853831123386666818073699488577271806498792981080364363070680, 35836490719339050446061475893560074052815533601987507136124698344646946958576
35301207873112315571786694070456827684551189141122693092344763312730905004956, 25964634421314036654552967031099799531639413216472045840960306594463034358420
27444983963458539346202784653648316205985016172854073291782241618705950227119, 57716330022426692418658161721689487157252124546693868137307695593871107855442
5438399783717674594203797909704071619561716180626710693949201360277324080735, 10789835920532437799167260206902679366240577549609893757546348589728936511883
44676368217096590135920340964152174846200824780638137481882451796856369647823, 27336008153990326055040845250521108903819970360145139837235434714751902140976
70187260886624720959231263994408038693305847490527687362855393920554538081146, 71339733418402923689444307678741990300674409907686912908687750185153943031952
14292197276963416257321501195919580458809457652386193042796967887188678737465, 54840016967700067668756091636438085340451350626702480105638420214598545712555
26537517749765787190021255509866149662640985694899713264622084119934883305622, 5318429616793226040848739059032264214993179974538975328607654219298663997072
33662338372991723606242771142053384213181802966391785083647465090470891630780, 30046684885299962967412862497439707541898015471389346612216571570090448085421
63901069101555367211214055926008410513409027397596030902474321077130353666737, 67977332046457306917536106645584942405433854100337731737221131220957785738644
68028904419634146458272495150494256006699834461385151134397034683083871559343, 35243968156640903865143652486004091432461711751725681319648788805023761467167
56488144416421022364001605413720577372318518429662696993080222266857486465423, 20233594912144664581807638647373311484769169096809518568415738092194488207279
8662784987441615730068813640999336338668321572218405601110705152577682207758, 36559065655036289616477292242279040143514605749288488808923506381174648736106
36495270329373445209302041149404003259711193982923502636502153420092879501350, 43226747537794089579287910526655350147385842768104160077799654623882360456121
56908372466037275667006079975451402952248214591940837126796696071430754943091, 14664946062520605882397415960861465339234803054048248615985723600487834432339
75159227641586403103565515798864394050152620708666148375845183294124369823616, 11098992672424805351497595133784092138243417782038854291461321839931143072232
71914317034945796505347600142548041364880145269338308997758982826816132572666, 75329063708759221142545188197834175799299755967450775757949949811586852284661
64787670309385060332326454350456301545193979445924484474424458435308193868373, 9736725044748994120136748026779532483357814064226107820246167956635134112730
18171238605867985499274533268493481218312673501820332083617913726164082549042, 31194094245789628802386714456987074028563385663716652764843638381166863927948
28957226342513165625950902723622612363014406915292009399415999608182494653729, 8412453762317604003345350395467709320135294160252513910459925976901426723568
55741917231134260030015556905283496757233674208598676056734780343435352170785, 54830788184499710132226742164009408830119137960978185580919126143208100198555
8452753398918671488305639338045747066526448948631627261326263435046571468783, 24282437525914306990220678557988501002979873333859122102853883507938314169342
51186702785310328067042160149732001429224289043396974396252353431891210148890, 14779598570157555182244816308255506889805211417063276006597015826267886898399
24672682880563034338515792564940482540303022111798111071921657188864619395275, 59031856453318523712615311828044532829389892307191325398201684457908041894801
41626843482710963659612826245845640819750017428396982877664133154059946833764, 52771083335056204703391460287551478899664265423538272207139994595293287396037
18792386908902561284210024005427656730398230338388205667217217335573532845068, 15988684703284856362248538867835599095620352630603408619713022917619445353106
4760921031992832566088235565468137939288041664852638113457529549071148769241, 54551340926213609484793941629591433089390043518096952765431987191358425293963
31856662549765187139270237872904195455674410771749127006082003826506472041269, 26888269494529578349119544021127773182047831825629212603334800116153978381682
9615308450193981070102039150748509667788656004879767379286184198458005147743, 21624806279407695163471357590648373264781113085448325458435668678878952494942
67884472415142329851507309097250996458470799304613056858128720467177366067821, 12993542771359810885963871352645779656909445940435217839953196305528666836319
59677951202296392129152066211954621415975574049464095211825034940291777075409, 1432157369763781047608400334399403673872389772572446610016000007430773082932
40641719057237574926579159127998321182846887705889810921127425754058272411202, 15139004907753467317905716213549514376629427695454007776163445172990787317218
39325304807918120957424245912276983377024268794032453178169921141146676858746, 15078472237657367203689226601768534291669692600615842655603404335226403335863
51407892936777656047836880908318431817549496636409546395289233782135304122768, 5202434595372938643074267750977713137780869640277908213432536371892691106363
54455607314149472116486143750682452421633179554073134036057548342146761136686, 1822364282071214235643187152216078058907407965440837998057338861277546055594
73996015438312110786416727773183720011211226656659810073548271826542605778435, 72224129493831300624221891622101488658674103366321891100366313967842223583227
35119576571692358981782627401810728949863370341198252739099284169164753718080, 41861918463081097636194513791126800026398990307080783882240938355012663969269
50664981807916614616667570105021677902254885291995358511342596530348714146079, 54092937243085980730837988016848501067092434134421728019339312708147222971915
9407258448924541743662916990040059319252129556503669743450892828115388032740, 39878107094485986721246711278972041621089414097897685341820914151396124381486
59766831115764328950248573407978748009128649163191182268899475354025219391979, 44367713696351156582095546812618158698070071774199535492662328656159971772594
5977784906513320361387769483180892647626584122059181096232365058857495605945, 62466858646543007900286691800462366426203148251649843324065932361586265805492
64507839602020669987811230206384074354270978773214809599643829709480656119681, 33842044248715991893232721936613799958998868183783555381336235282254629195338
61992336466775497396857860277495852586023441192299788607447734291086436398618, 54613891816118827867504527091747453966806265935318476424529378489793449785970
39862311228470041569185135440344706517238750975453429580640457942870723460663, 68201233206854703133844191181146083269541016138572867878685142855047285347818
43398065842329470783722024790617211665770368186162031091651586538861833793282, 2132274746055250366900047571602192263476327328545206724249066516068924978572
26595618968704781432398476898636431765181993938134693025177161731362181267107, 29577891372908214690295948049858904570669330986132563562933666749013721985231
5122914874121533984785316577334062059843096698738649773655664447474691528204, 57940707412449379223337450279428996338956178133634336652345394213329091360957
39593579647448188651576623671635957873083951291851934631749454863520187583461, 44936497415077777605035109212707841520159628061730069035275804971251056349830
14948254165653973481992202189254750848224400979387427967405277175685870574687, 49647242383791863141766557311204795286731510076720672103062286887653219241451
70181604402136642705030953310616339458943135239539058554044412920402222317462, 13750065968758271994098040381487368677546417093787207380835864281517341172268
69688241254597129502016366789341455628530303750376946446042967843673536439478, 30816145269442858670847643769346428765173854300241277026037281019050243331141
31892030881600972019425696817539122824434879155230501183189212956460224271609, 44431728897530496341422411396556388833344430985881306643401792080571422344752
14995632309291395225796213412621988461626560110874474568832957199374713460273, 10694172314595709142495408215574080269389523527270432497305023115503882717333
19888144026844806355856386548288964812310994766733907354385838075377806336281, 51678505433794647240986265969371898734206154698481245018604669182794342359273
13119169851230082165431591517195896012500040677636188183346611310252067301105, 4851597401068034847300781605965769248262705771672141061241687754051124187397
69610084404757444359764541595568801862373059336420276773285948785361735821690, 57691949398742464940142699613102595558679044532998451921408493175072324929674
43450401551481349469723091576137658435981451185132356645748267651201807386701, 55343807448572708705529916652803044810460241549487405031241869230826257992913
22258126420468666883273872325848414775179636800272211209705526571521144694741, 44547088647247009342186083359292382957321458480353072176396582926426011966653
19669520050199439615752026140048920886903326241930300261179263638690195905782, 5852303410006106104804800619745949283815494854013987544304309120050140584796
28441929719972006234449090702146164069911489241762727556113400243521826157203, 29845552945556863570720953214740167176626770593226102229819132865921029225454
58386122271231732437199866600092209877988429913647375273253726232831670102399, 36784279300133755809043604756193141476350643161153883243679594515596129980726
51505067045740745102557118334547099649858958639694648078000089420610009622929, 32608662629525568907435330972511668479333301674231562573194445694388312630809
46834592424799044439300068683048446959191311672368216969221851000017332299067, 10374399342130282695534353827897519600231807659832099567826296819703424811164
34716583083565596784882891995550686642247435424174222751748683728721053550033, 31860043814143723196563832086589238500871808850293322329066657177760626790770
20702083071283250791413450381535530618713067165455629843143076243300140555780, 62715875315212047816785723986728466777667307115774173755780785704323242361320
73177993032180447783053743092647463560128173037298771354728190394063191006777, 19960069047303695895228610560308865196861310608831178489034490909600816212341
14014174099284161086446358011618860505545959995514641043946546661219428991830, 66661759375643649131240918347921975979499427998495279770830496482666901105953
8094401013394406927522455021088506309559224937811881448443445576388410009273, 62505993830926616514835214091986849896942377527259511320420682765326299384663
65758836461794452668946076221568196591966504230286660180497253285251598804405, 19938625706164736990380047399043541424880785381884265433851417629530672666137
27509337577887482292604597127427951659154517924298874890916143279892140497187, 14505755121746982251064815249687912640293857992080778871868838770904604808234
45167060350543019814787567248976737997826367192561525003544856643754512101470, 15084956731538295715585675779005164972082917489672635030403577279082623892420
71314440320259238343331724198434629234582111343025882793663796898089773321928, 68910291110534895867540409523592656381844113116369879538779811877612701523942
1970611007802431041717401914926527206507879293133409293487875889141288443793, 26548211565046858987607056304097361002568879962379134979212661803883710424370
14319209529223051236402732031911559714715099450789691602768541826692308479862, 1939502564111096106956205379254364231824739701460976161008663015232700299836
57296798385380532559307900694609728373382887994201961354225691305965117880395, 59244893026645333301251496854212239770510367814810535063413812882174099968435
4252237833579374467508854507025544329197389482587164090634711938993709389447, 12151351804557345776833805555438909864557947992381854231308386764975904236181
29982233474707774163561991604833622597612093068299150117891513510028650103671, 14489669273358332515164030132085960170764704300175440897562189179363623009989
28455431873604332384255778416401424525906826937558688813571753076782168854226, 58413408014808413025536982020488123323482487291749441019933081627492307930825
13628281198581687946829759435584362752137838607656278164509792227280473684324, 11683846517196367299931761540716492642053190914184177449133338210867861487754
30798973982625859541742079728714205834875032365003992776797869180820018310964, 18876133712633923374052966454982980133797635284645444112854226611654267553387
63909321091614202397395960022632816418420746507197756091618098542512477851117, 62699158524010335971008899180199945104949439842327568715825414673326228194068
47387680538396948908554323524305646609099884513906692796191294044293489529975, 4428880477550408793940904933010517817209388390714083418044957806487541699582
40255000384523619535792295774704206632168965396496940415316048724103758001404, 26385963662671110201336075717533836106955246660243101032428816571776643544503
62521770398301479876325349812735664651391376971835846475515613877481869871522, 44731776923867565389618271970391008167711112510388636557235774147752186994311
69390865717017758931510553675386335889409261705632303763620593618133708345134, 61083856856905040504551196615875465876333001589004833199595639373385782272121
68944748396993041450740408781683369390207981571112420119674791256473556399492, 11935788796943623358795985770464951348985394714339218219777617892724961924650
32540372841875322761677724610385393641483989488699094009300933344860000010963, 70236423601138538376900557114817782453117427719264021464961568379926655135050
46112305732163887228382620561595759809144236715549505272398174986738642816024, 27556046879213124345878630240332210554730462080720561273025688648907483580361
40806785832912217640744281812898051137563367458852577314085296581459287108595, 44983341154777283017008413728603707166143476120659745668119115938501287596617
36788389491102329203347449072574621178567169975578043238312600689441152333239, 74747451887205461410776600361477044755395472921133773472459284926218841862566
41416328977670033016052540229903694371919822379994946286390111974157535206741, 58802871326725962770835609990393500277787457678827113946668649064463364059076
59156642835664726479327955312002578030096040601047200469154489693904554025239, 617891685589101285042217780883676518958567514366721561914502781419107001449
47143647562794263869690855682093935851144760400993271014446659725664096939985, 28771031872253458237549789289028457513038195640665814542376236948791713841741
67561892473563363821913007508263158586042883294169058553952702225488270264485, 47175825631680521339255358368942435748186401241179744545840384517741530584024
3148078299184520549976195335182339087529901631115885877840745566777465086233, 76469219215932159864876860662046916182839629988088106965841422494425918807675
32504015363008513958072529863005770851830625890215148657734240377263172423962, 479018307539418253181718322643170200199476555692932642635307549216057742836
32766540112436782476210278213698511330146932509977386887198373020001613257838, 74642873464676299454854455034022486830692348977993709113151304125629427586520
42371449731435174766547341552504814886030099275316378242013204267447416571054, 69585052266319795581810181559125795971072867653831462621420816131240054664330
3799517526364213563277221291678194327464380265435673595392963975913536339570, 40626097069073359376234993756477227105030308048834162791184632657284746154287
22540139280110845200996009647292321933728897091171501331188486725177265746149, 30426318301444676092923929085010928419041001543481926915695840522574176435529
23242216640394209407175597316245725207160953623160801032196274014039393429294, 3674530910769091168510252583969519710089730597288034832891701986252401505701
47205510057122607212987171422384078082178719171568338244988267943875874779610, 34982348289182476656934528783082311853097421044501943001893007517919655929455
9035680927156221708332661742024364706093995161035136488983061269460810021080, 45277262343832870607869160418667719103572681744775191590440499551591728877039
53011119296542380519770346032982129076534851272548776778349300851139309895538, 29966813637142604469491800416369245827642286906633500778378074518712554038999
44195154493509673794776998870885169157368988928387535571541135751284383934324, 19154528044579018876745458876962953606048011960892640573432080673165253543588
73662502790630335275937436608790547646526987753310714479031815944949567377354, 24627596847551071900924046817657031431470056202105321120275006123963601984742
9969614548618640503971633658515803100725673562382796486571705011577683510108, 44397488662834507258336395524576319495510731851851604093549784139188898335555
21385662828235627560790019668613018074013601491659726061143237297612761595718, 36262273034174262296386704345168100774692481228719647421311383003533711023985
16992278630005759678041431295673083196819072748334358891607164401083447367736, 67641774698714949037444703292814394999370931666199352401438312491786005675321
8363353869324425467634942009619150408213920026402762922453420552146449227630, 60198244909903467083781167161267910099711367757904832672203950998016352264031
2416685336747653792271700698482393538340320524624586604717491868663527235692, 40173349386807242134404607839590098114309195259645742638506916591989206460637
27691638535328347391823111728229611232013268322132305640568379885285518083053, 71812531055965573185285254621797280927054076128300162217514285154790195035379
29428020020536226644219975170012056491773163551473805497692817852109285572882, 34582429253471099437742465378336301748876252283666773880924808452093759843198
34290574784895441535635192912434705015809285370091299326163226103854111890536, 50737130795512478914063978826480389702901886341572463046939452216319082755937
8007721712351189359457938818961971796011647666086083663694378073118780714813, 16826964332358812778128416683186227549694478957551274300657090287823947481126
48635252150813623628262261199793209225825842155948577036468334426852359643971, 33548512053882460387445634728730914964485764958186636800134960259617344053674
37712987340708858272178407508644658631340071479071668158162439293699754364892, 43237788681157273121145887937533269350218924367029925444304234779506578074983
62334440440118510943649440627066379092598390919385986311808784302067470950152, 55407210980105463184986476369015365897996906220502313879457048775901063312940
10515459103904396561455270127470105098135087183701787198765787617942506255015, 27572151631157684923026186138063799659889730513787851096832274275074479775671
53627320720909614259640114912298059440839478721383140597240346003423994782996, 9832245564293196302221800501993695744034479475394056437766490119187809777901
36315072231753105753335542599633190494739216122028722398982084235298795741882, 543831880533362074913149000426361795367227296112430159610484824809267651209
70230900314322468756353112094898483441566382999326692609718553912635620191041, 57097449960869322042114769762924369099706172220284429961958117002291669432163
11301759725285000378091511368696690419948376683283743071870720449348260965047, 7374788686528890549057446079956866754703374602100748085376557525576863839363
23102501271715286915912781691309432378496726303572537532190631619748860882612, 4714619540663790806117033284256049874890442995674144726648117406649806924843
25640451734688173213938408244486143472107198544730857644240979942271898057497, 60779269131520877997386998537271799895717150935960170856286913830811580312854
36523230383821926737360189870704263528419849953692570586177623892960043245270, 5309118425226496062443646126642564893321468688020140854667952596805876126672
20672818113727387855906817610624327946145146657987476551570272723157674582861, 57098585136672209748651549194410714348384878447348273234702437894650649750325
50213953237652441245061249761568066203539163040880564344079205584475019925874, 54156601292737292024245973605412114250837691440820344925340595829243566597702
30020994420084915698152651209781680412773185334716817831658020821085690603547, 26336546063576417966986400253831675191687182268094842932803463757423922419926
10240769941815300244825804410324780082054056432369752978346937127092680633596, 19187320101720808010571090641678982945642989906047287651705257757394833979518
47811806365434353461925850419581252118429377474339662474501975992686129895285, 24310354703942772398857621521364941627379470836309785683932324919944970754749
70676037360521689269795182654973996462974907744714423393241723760172116195095, 20469941361630575919001559916794928200437214511039104757827422971004375843456
10369170424224564252458299942167017978222486286202116621601646472878797320920, 46562380227403656426203258783326240753013437506942704232900063195056168992646
33617121409721967300243647764803675770215289513796806856438403333561073711708, 23853369704019720930121860766839281905629868009843611347050192972066957493554
45683064334820577070021128073056090022529630511378248248779645958148929633320, 59119241232142401157859344029574660670826277609589726775355384591963934667317
23492878766106546733605706041402454900142715829181623679797333001804217935402, 14937115843059116653637410015093294212900967146694710812276926703450147952988
69192588392485724076629597348482977403814269968201471458504141538878338335898, 31093823389791011526703703132993207332174414022168778958806002621590104411393
42459279846761861699855287832978341621309317963145051007351497828173442617296, 2098294611343587580679378013527785938847534085117988764612596654297757644689
28687345990315212413327450404645612088629580464401666745294206511175623708472, 74370487229517743693975913454527549770758373665260189557104281346476451056483
21204749441825812858785121352018271748411008343672693441261133231692981432258, 23848580369517479314021512296984444464382639772263962500679670908344444480666
12064203848163781662676873328285095356147050433270258280272251843439918673992, 19706032836384069044067154813002497855641842815688327843106704571366067775303
3805335031480878649294411982270817433131140589376025827216195177148613106591, 10099091414289168020365717041848092582419466279620137401517948847669718169844
46521870377905809618367959437073722261529343524890203408590179319202132433525, 39705455964391512096421328414384340079958373506608484923113922338046119989983
54558988967457295082734271228728576314694521797563321335739192392355929593248, 45681182838125357467514680878703566362958121934231195305941740721819943298990
15550407634397606920838350005687840526568638602236393826696662733237901648006, 49899627376606391955513570108833174347557358910791549165316851682620465295425
5063708773957310088371773967217040164155608091931898179754035165550246310120, 42646827255268230702029487645291800136349770893083364167706104536264671798208
66723303429574511570976456527040965576507770879810826401316873050064142582707, 29773160953712198855544049747331219437462905752939379165756771026286984251858
55281171762276610600071182852039786175376408408548566365493416839719299304680, 23531111339734997142987822281564670435342144648622717075197459895870483279848
19369131303274013414631357483391446314470364540679147597077333558991992936622, 35660913740411336091372930060454201175066233533571678150408410567798032955856
31064361390483229006416828361219797151551450702077267642227533381206735816956, 4293741774184129242843327160940739341631961868556509653823646472470433019586
52544351883527515728662829901311814447940289598341765030702437657426258070163, 3406719023315596118257672215321328444247045353700110580529264114097362231389
62713023451578881158401379533797901940121961933101850461185478966466454704485, 35996808730023217884813517171292818376238146304644123665392253294619588194549
24952113937127874687437874959475476194879778141902335999580019812535933919205, 46943508650156386518558752424897886528299575805969706397680628800484545704263
66831459000284616416035403287372624640605968950145933255905007125809309516684, 41594589434665035735330462677232260559340978513927843061407289374708099163181
60527791862658386032699069503721516980149377787379394989604801829923349803749, 35917060244166540721432195471756456027599637137323724435038047637934946606806
8103110565197170662467247639499889714978376158034558764031415128505700136792, 10522029397240311539415958057559614655071639073673332223864419302768261741604
36630462016071331289480233256297602592272493232513054605802878157219882330002, 7393954687488864554205245661732543039459922014640286699544689045107339054758
72735098002660830601561775360103442279874870186627543244810486607151327771144, 32572591208843018875218031590845399692251658602128024411216466386019963250798
49631493278386685611214345500946454531498339691612350105002275414260625012531, 38292519390722366304377046428354305985417055786434681911079379675283204506223
12356474165676319217137044928759455272656148226498623095458751358374081274680, 8794856979510255385049346646956045555540367515281641489312862428006876219721
30739520920559481683073026429345915771031824106745462029163132074166868489812, 44286502525003690134361761481414363411812755170114570156506489377249222008354
54806882068001984379741775625576000796777806872204152075085387436605340884119, 12753884285654159875033129374634515956125369670802405709801082494258289123234
60702149020872808607786598573052272378415649918250297814751167451221695641267, 60979229189222334704013928998405185656343602617600103673220012513971724906288
33258415110111714062162184293355208057939910317449418179340615868344357664922, 58997286299283487640861132007056239224813814676624047346623633141862534998892
8002242887170169382578662136432312075620664986335562691460314909062964792807, 2502796038744990413067966972827900344790935929045702966619952775825191426717
71227095230917391949091016891131445373999428977058647502089320329474468784560, 66407993868584420324596110510433870784532699719951936587265830084821587223689
47349301252958557981642085729051699979928990360443983174327348055480637576879, 57478742534890249552094324089773070349780065167239462889464149926075563796050
21596588270071816238235339682304512755171291560225446316610062731211100063253, 56590588609910283937501847246625136836055049522395360344715789911266241545725
498062261492452496963656087836064194658269681482245719024438155620082671741, 23977234076840941006620158965114223808857097023921053861382796465524253885729
67518426970602157117048558094562257621027998619687980641252234624572702284649, 19967385179895147756197521206274222629154615229050537801017772579934544109129
76560509863109029351342257650550913117561032031831215889416881705455854136912, 13232563292271445610714610796584007161394793755808912028597839833028454163213
27108144936711677886626111254318905778435329074338790552288348045850635909363, 1188388566589017513263657644649450565733040655458978687133097499541247559304
48187237312489477151837632102684800460324654663916476870628434377978016632893, 47823513470854567857015618274185734763136007134325013393365785229000359635583
71674659707963955431658465823253924872150664162834001344310721618820563079320, 19978448389872359041695749877372543117334608381421563656054569514282159113670
50044811820355738333851971973088781077228046039780552484551213514977270748713, 76884640539514130622402042908486557059587311944429421154058920546127493591298
76004831351376442817623693270049931842837857155921175049956990028757949518212, 69746404564483362840070585699548393563872266600668893151657918836220321698396
57054665460600561424692317881830675333181361089706680257215075498778674573919, 40720040708505020500398838293893132790576255006973061247224406174129391926643
4636830990856118157478511875196069627427670391566241427084097558410083916122, 29949297060144181122768030693527903419813645228881604816397324281773687342566
34152241070498740546442302175970683137748715317295482752149757773386817766867, 10874444526316552083661974586491549542010964856494032765612173882829439771876
9387224374993328060814592176330605072196820759495452472667213462409586398306, 23965228125982954087211530736384213522443527670024925995057362334151119754442
40398727650868843778313909512922182554451066206383549619665216876242547344101, 35053877077343746419544622793095003483601824134026039609673937763473802928980
15140211119493526491707605758073456908853413770413096610456618404004231642126, 24504926120282846948552599142590819397051878302807994810125050156962938834098
5880386140119492323950307652663673452551890209989487932757513148250212811260, 14914813840755224133898153646015930893847628340383672780120734025158131997100
19477101406444899783916292727074642450829554835720902827509697469417430231447, 21760254303495808825356154202356633972215128693208376973538092507865318243823
732779991107159045476079835550382015598135414633029815279810770093033972382, 41949379614502906942391105937493371146213014650130013199380354401350318355984
16242127047648236834385184230024020717439007063807829702695975114913484654163, 47490288693681597102123603940237475912423384905977491238784153802519494954447
22071392751808256812403430360481745516986739582434444960219360097278043283025, 63618242561829693428365864568384297528351793578703024191496533729755541107029
53269406775196883553016797648568434619942424634464451957131195604955508948517, 49161805866472954428102263920187416393392155657753941135245776959844169296766
61477084774654554599470243674557259019044867307495634610876123211446775029302, 26810183792452726316682923116455219105951516628249554974614560456880892243123
50048941194070784108869493899251083374922799230653879598267057620781587212157, 22724646538102989800857615875605704783871180433770771430033539753145284386569
51862999631326061261092829461990894502353602653193570300934417336664937426923, 32724692318627434745382575810661409816696694444124255937888160831094732264918
45116341386759417930503249440924336656963064251224654299206977880971820118935, 1494057898750810097351433451203790063567651511388383852569642671566047147523
57437879464797175750688237071637162315029764849597936979828888629763211556176, 31798603085476147534942805377500088293220071825188886893420310166860215248203
62289198992287507789365843752493412152094198276229703163263756628350083681617, 37012218479850914566304232374487426899957682434105119385071670121720165682685
55078549748704149993969109998809819757917866054554795521458837006975001896892, 41167464039116170662693949059564786992042822633123508007252659321248563071825
12662591308445000993524384564554588218309626559865367955569265465215532963041, 4106216219133818770086380955369435381752837613526472444229115431555214865654
