Elliptic Curve: brainpoolP256r1
Field Prime: 76884956397045344220809746629001649093037950200943055203735601445031516197751
Base Point: (63243729749562333355292243550312970334778175571054726587095381623627144114786, 38218615093753523893122277964030810387585405539772602581557831887485717997975)
Polynomial Degree: 10
Polynomial Coefficients: [49, 29, 20, 28, 39, 31, 51, 43, 40, 30, 16]
Public Key: (58862015019712162503974027350464794876672869826601750854524560975535232573274, 68117197509262605223611344125461385748835697699156648603366567678205693793082)
74367293628222818082921199966677542201327984413636366712957188032832375154160, 17522633807865771762640003677643031932708492842734833017179414458467671614625
38505588444682483556037383148655008236145432910382035699755663565523392296872, 26398095820690274690231346120280655274329358587436279908760104581120089340171
25176940067649064480915722117568060460522058347586342242968487832972611824835, 1617995797613784102026782670766825769731059341622941698129680601030607988931
41898701802256792760919916237569070155362877338273160360319837118552680897668, 66201244017899849564845341521420326052540958705445164830944821674187849247165
11895283246438705389800315950641470212604343556376346228143731925582745331625, 59452700123472323987724529138064327789917802896271421761232757216021449016994
33018185472466941371043514997575259350940004947109051574372061465276103626841, 9042568036014003584070473430454371121084240439637105374468916461880524046576
36019403682038420324174626650823457556773929412217088999382588576494904870629, 39275334784805411196899374634741019724882516171470311473844095363552081569638
56087641436331448559794578100863109326930088333851098635190655831859966521250, 68047154374636433564094459452101631629027014424420282001790969036537304111873
58040563578401882040513606295869316726558214487418757359595992036427155581017, 11265971206309604943345397327637895911956548283123870667730979409588402959506
68336757925035471676231143077033018858588820399466266305880860325342299716977, 76056168186501275221376022669002820963361437136854043434698546793144918969909
64922820233266720108829801325302397824837278896871878662796333650465933208555, 73636846342278465080171294950996260617167477861577832441904826691252910244848
13845271850000057433595842925233081831362346569329263238434281707283714343658, 73051237229718865469359685192439670760454970278593983864575958689840638361053
37831448164532508636103884156640486576867477350094673757944828168352971547050, 31216215220558781499007379636136437364708542757242564661172574670909222939764
25982300858840103338557222483478797210065381913460808153887046741252639497955, 34065061069373783278693880944438265101078983820571967677312841546206730208141
45318400763008436919135690416858130058364946162117403409518211600830931383069, 7986310975264911359934987542618458106757884732530580023712748379214331991862
35780631876210631347192956231803266766479625917326581645223514525841084293117, 34762247076344432666191471406568693185635050079429390322990328454222453593622
38474409592559692748550226550545200716818798414884307725663612199165813751939, 31389202015184397203769644229113898847592543615744544598131165981458630204911
18493813870140469746420995787452296329365042431046034331790470975351291422396, 75857706283246524668643977311414557407907159533000676379956270150679208586508
47189717462168190363400775344221459983165819954261417149659652443544638973334, 49322628873405514350471306296782783612867969524244833368125821742786254840720
41032677385408276460244727883977575251043512065998449766179803831545380486683, 41243393743696518439775144900340628716409537131977741811277191667574568417716
61623199753869738718210240409930438547912016310088563971372142657061846868761, 40388657870206444515430236725379194446570737514586197957052717528884117441434
18746075637968151672423565027597391160535640985867232115775739759654429230511, 61873260044755367591484994798666168645492392599635841420487005170759406856615
68046219642926846219649043629830173767175036628405672802641278134999951280700, 69143945850233217170938688840876033619028857369843213011312904838932272272044
65265208467440844276456440276194576561502368870698541058179762118023045924400, 7294224639891931862022556178085270568112610461012122159357415725976201107826
72481197242450113547260993836136351380931433983205952911639196415707334913094, 28043935055360313614798532305605188377816431550047018155961226573619084662334
46261491618463213741963275322784453293785790101109658181918338471962843956839, 24858774615810100478558782064393526270430925693668380220172081722360255129295
15971350407126830319027454948880272029179294121192505165484386405958640532385, 13713837442794190059702398246405346601632115696921900859202026025723005527295
62053891741860053234001831738457954864235882149274786507412088735707682265509, 22934262732689083610846787591202772220191856193552735178469663133882567716993
62876261087681237496700378000968823130874867366929942572981716623121757288896, 49700562974862470155485000852995964797544119186096274629438037641988973378572
38648058491547214979507436276715257649990414396706162158001242252909768053421, 33378287322557776551924627406340543897347597761550264941469457883296875274623
18579527563142017396464214384443586348920879498015685747813636913959543883428, 29377427758783891817843411820971951607035008959794975138025413309319826003876
10630902238385639988026434618752122348147845280549864270981472132111401254682, 9346267481671035786703275425641173942588286584633108689957105288786024763758
27682401902557002909387865346337667646803666787538757459925531556669833471120, 36942176716373277837475879509176551631745694313288114079896940743380523717627
7007048645783948738969475537231097094188447395538155578467820949113660198105, 69200645975431143566453161986141149817879895504398152833273594719289304257605
4824714846186204598329482845884283179849999749642936823127536359987836721484, 55905288942021263843921800163117594432938538441241678008071102538207700945203
58025637415513896944355444304611886885325578149993402922685346267316184308448, 2532954273055920631306727323846217124796519371771082085803618000456423692097
40789940095772916570192512743143503876968588100028584756081433119987325304027, 12381211495542107140220897461961956430193648234117479320128058815158027754350
75734350866624071170011834717788258701159838822959808272501146776846265778871, 41790289264221477215741538695616205888136679869583861141141307232002560112674
59701088104847770787258924513119015792106649074035192857853218751246558464909, 68649588467877585107542557027663258550415424378262164634240733254994477807627
53765117947818713130328699928901515656580899482588822655406996389831267347879, 47880263605711581984313755138551526543031207281532660774751407832162781219672
59577269534767211132634900827336031057722969459423598582978131378562425139467, 47199126973545531842691488767825365589021282131528398763367633537402687654144
6245981498818968565236685824506347887562567846163753412126085051975461948739, 44767452215744267378321300612868618831891737669828791582006293155037732972925
45330631542408830183616577385391558757277702183814161504644478408552242374943, 23335489014469071275358333969069736641711480393339620373216240225907522927250
55089834843937820564117054003683787989502093187548583274217838752442018783234, 49842905718953168315389088567776793021220224513855066630865143649221174345059
25814430210548289818336301383532961307676146860818992418658915713773862721890, 65888445959682165976657922737576067497405199281553810048451463285291133690195
73532879047258933074364890364467834686724084178305512455000320992445912024580, 18222726697344396121601243170255016030840783792331337579977235993267051483100
6356879347201376430531791530330697166297781350724695157671413817817663828999, 61363378501935304457038929205391735016203515310988700134026360498261009584714
27094473637326466775885691533736605844325885493369871371948020782798647640972, 29300680372195288697804153448796042897517446278900867082726773419812961269633
13035382834741302390479226566015556717358251938060858992718293248969294213006, 68883795155711600833762832262146995402545301421646035196724551109388007608265
62392465553948668324923371610389380373597527974781835879046191269210481932884, 45003083686837000623072280589532670687285093369518702104516728540307471008389
17956202037896440006723780490363372523672906124445922306214777581787971341198, 22778708384178587084800748221573479976421765235965376124341853615230268174404
32442038894712031893198416169470972057196843192269552345437721411976697442672, 24629099949114317757841869157187906878712344149365262663381186107073001070873
61340451089025946658731681012734401425262928117236706303356248214881640341417, 42595689644764691838493378327005396704225247917452774414519641235268912452623
15144640230643017726043164390412458710035308904763051628953569437733395160757, 56989775902456349488888333186145169532517809183598504941159046238509282056732
15807050764698433306491416649862309884291044452390813832711378427900665007294, 62010160868738345985521475602921383551275173750454295320816908201253944319803
49929593792733604278138184970681873248962556340646903059031022182300665094408, 21189782571730119914356623941857870373236991404483049978512170173442936856622
39913464839243523924436496545920652369594680882141649102491136049431318253612, 45057703529410769680430141802451245326240715500862875334540858437023824832418
67122276666474186353377096364933609188022419929135825180477979901700255939043, 40725702958661646064397079568936007191145852825810296147833082088313457857824
67031984973268384581501878899620199120277666503992458567052257704106380627807, 45908305843446554958547051439855312760718923332673739990331211444789376926292
36421188165491110191309294213158504204561702488533223739095523960420619720666, 73042183614109532614107843362255759632130081678557814775114530705687424860409
11157175928765032231416537568546818531977252064780276862771843194543723575413, 36001959619344038651794011359067776527610036671137694965672632561093135268314
24560746129614768439341576650728321393875368378318087871116240141138137756332, 62369099385314608633519497629046974850539758538767819893959067770130501955638
10775685299642768341507098590275151298030961037013057855192200908361556561294, 44538391890985896148409528382715834849977554310010120807966059745374769263493
70373983166070323631957970261850695280736247489279349721839123836303226382702, 61800927600986749043438950125558104808713258964388271892732991178879933208210
43048258519105890742376408681691063802849976664644534576573998208351553373023, 52872992248936734216958193054207287836198438025007844704134421105195597511090
40072588736085294330626470928036275036678388598530485721429161931025688871804, 21578406842795046578406998590614744539530544178782681468107972855132357615286
4931992328860373956158912870987134464555001628816398541879242420180921308935, 22350693477640650629881162184737744204313551100271678437070464864666249552085
39689250396215197265453201146022003202963469907232226125814531076277511982995, 12062934671850741721402864401007146609277441415043393325252144269087891234390
29903802237832724069647764595235202127367378664404577930150002017611689059416, 20230967959688154941221428458127742762323763754285192210986578012347340872971
66906900522452540036795069956699985328806368874496509121926515961043706537878, 15559607632841673559089430296987879751773629585314036180493861087525303350262
64680590259251297575039227422852171538900204225287084039849494556596870816119, 18030763162516757834064108074029750456646385877166495130873415749477305029418
41490485412957106836029153814748040104441285608456322116671054985354849268750, 33593645085134704805099891458595089139572909614902664008338154553879134604747
37576751193231641154673040406741274549396218424107075118422517930143430220472, 23053937278295282807661166614274699806806350537338680938059419344204768764476
63383769674152667253030710061744281814282632446950562298633942481406377111389, 55010186509456049296618029243214167396377716163335195435866774761059386359956
29209345889091066616593496938448093018789972463772370566183648744448141362371, 44438157819571588888961122839517953081797051793413481067035364000162518341557
48772308008664112879323495057221934544713247777369047266351040229444050866226, 26731217344517354113284027856192672615694882227125073048913828265333714150360
64723229266497557967071167079196392697480792634272768588252489504324597321630, 68426350548913986473699563408089863623138319462325547181265985055559962329161
12032722734186892924356060304914278006635877396430880488791485014559537521869, 73337877805737185330149239707576123768296505759674128446501188208357248200700
40463427281343409942638580031747536379435724564681886476890141934902238301571, 56059298766874479466872837160046641723791677096722879682008754059951914745119
55414210769470451532012091283507425887340205577601939819414118714397021807498, 2714843882845558210774286491162293200892523848784209541729894613597126221684
41390392172112330148062299261478974736287041757149146024100049849481403132977, 25343476361964687602956849186307746521482605001074696065153637540011258583220
17193090661111329106604658953086817190590559040660334492517256757227915791067, 74358914322833667125583165151375734668382532804338931711147165799620323354390
28100315238366302618040830792100428548189164768280553419410701669087142267434, 31512484451106990877781097684672507035684382008194084686328452145975133659285
42441650414877702302091896729671963231022228087993246217847039928717762551644, 32651831739892533887779782230052285834980343822794566478714334024191220595473
69144495469074539645669399757824842903072565940559816369656262481581721752104, 49299838651441231274935703995012003809093818661748750844072430246670435760198
60663493803137580651861292158962610557528738972747512944651197323820131692017, 3847083918542137779134400930230529365645666794928644463837475841964985377705
57227514115560260450853114885812569609997096803020818548031231829829360888653, 56526243228935724848716656154505871488998810775717655132465322226724854304690
37981065929297047428165693021956725843143994008637951516170148679337498964251, 39785246364019762538869076097637231369879932992410753610405948359195538320642
59050157815433092715948826119122506668141436867541915328748403860114502513438, 38657160876549187023398286305955970678978766392904622785290417928261183309924
15131939388801261266486237854865167162817441129443939037764785050807724505184, 23482691389688005791441635322391040417664683834803800151841719872731845216495
10300039421371093807806356915495063162164494608771564849975389183871656414099, 4945813063534389631747362860404801811019213950612045708038443958218360368778
61996046924639793185280884191011646166375178718682969095250951631163506230852, 65352005132142325540468189149287661062368865964038520848694484950722427382845
47965764951712989699211732313794750409468485340066102465218630250216542409620, 43192573485938631119988980410118157437205771715110683324615233871127034482445
41178812434166473064159925251838145375515458029201459293878143048178158189893, 69717475789312700521712329165465446237848612932533581573941686182466304560230
24240714680797175135861261975333579424574775312656142478323445943977340276438, 10606378471627644341129709932066863978621117856559856135818245677169624082890
63680367803623217380677843887395730223353260130381684251052087790587123594791, 2698513832292415191259566138727189983620112964038139788720733415307148449604
63815724175073615550419773028853785914083061976079712318069480762357946558039, 291474505766427307625507964755492590474146228209760621608695645899777443699
59904699693546461712440267330422395041901208298623101379628556649010678753118, 51172762395786756005316597669843654109524417466786136698049384593432208417679
24858939245924693762408531920711779082576522356900007271920252985539147197656, 73096197100253708120607519726878025422704203142101322461291238251005771513121
31060109881403188887182810961566792855812294119389138512107394472124028209584, 69195993162308041520244776824062035622781352571092810852477592407353422793769
68696256457381874020114974561732719227750828431198193605835366687474837584540, 2937492715235886780963076667375318545353300049783644837296266502434537355369
4088428037705101167540902780263151478706712998175475425161821953051365476671, 51366963033694130464893663695404886882902649443740962943244013723233300899736
49111076370459523491529436585330524698358082290194802880146868390956967015924, 44313374269349887383479434613186404084771804181531985140400937846098212719689
43935861609878700936783395587981015269728217652570683769734700798128332672834, 25319943516377933363570510493136363195726395038512344275354741953193091582119
45451229276112689303248100395757899771436336826260966203187945955114476820898, 30335174910037491204799578262678615890390559913706369496073885419821412724070
66262340665611660729366048381206876656470878907157054317750084534998920343432, 4269122688712850160663013729196279249090717858295836798244755975374449400985
64143501043804349958539212332393463453421873422174473206630817540526643850492, 44686255799984879424476710541926127387507598078019751359292341992579168664375
27785390826155157807567971045485029771731565461512930337061656016707028563869, 38013475471645257843761216491437133072397458553654558994168150254918987216573
11268521903505117988600146916819353424990684141324659112942828148133706468998, 7552730658235450023052725200228678258814011561961679764658346255588907883237
22294929745159833872463617155492308173586692475892802820580019542857199058637, 30394452372314619771368250219716633763735353675250414459098599738298684966647
26747840065251599076552032753858115372248661188591638453004156532021447748816, 61063014380878912594392352631170227598910156965026905243261742651418650971015
31981417765337215387960034391496876251043436823372646986118226895310919934283, 21955487515839887076800132090211790595687536760208642715109629907836115202602
57216308108176759586488698130509648769700896200666790768478587115992911058487, 57445095534324277860770539530614718194071001117695314519019782240899103293323
29766653295932195694914638719648163809997866902358687903130681826253266950628, 54917468324185222192432321389186366438917812816298139295636559888334509914440
59440007461213062715633300559600714185285669059222425569203953725601595166083, 5523452749216678856161258319319491613934009211094010276870720886295595665080
30568971921548773089688471526446065607144713165396702359527740655724986159851, 27384003665487877269897412930642880755542297820212501282174534653820628198708
39865779047355748295272909811536065099659596800486037968800174376137495286411, 45915636882426989921031351948065908732717377156899258492100534214719564533209
24458778605913122698485967468501990630121219915566684626250076943096176955662, 59714681561971944401917234943900530076753112185276096561950568663768674492047
50716584844855320248791523445300936752834460515710172973759662781054402588986, 20762684162636441369008120182630988502125451795208794109245775567948769402614
12761029281430866384327396614811621677135197177552470593126490172945970605072, 52929162609299434690789023144604730379659744230847834206189064284297915542210
63626060586184448680403419451701842957348098114302013174158877585548368219846, 66392392667002701102891474601036981723068383679880371634332595068345781323928
69375983908505279507351019152870537735356398450867474274700628886460791978914, 13399943905866225275422770396057407811958115205349601429052803297367568650237
63803154031955226726062597547564143533335384319525454049904656396418832946031, 31964583469169801010974171480359392385932140281957017260184801634418535299137
121005333657711049799977691357570635494703361775634577816598842715484662193, 37756842571097874934630115474645667306572074366282741383742662641312151184612
41529702485117647462532583444349060836211085498896459190861688979515605537144, 15853197671448633913348747200371506971464514872209599512427397501788971669100
50722948520391431506922364865932880479683793173678184588486286556717273796121, 11064330961356957383775388447019981046470047305813448271133233334231797127677
19081244151172614438320861381061731462966955936580386312405895512642200649372, 68237329575288044149210096692270179191649924793934486132025199828195676417884
24109673621621563218090875671103592449726276299710888384869582471026154978686, 18079349825151793528100090102321512049643645968964081662783847762427984331955
52025071792612801616585139167738906241359557599159432733340960821681352868704, 53446168934717502446635503588475997213907093436783095983274414894502149185049
38412150944836088584214069317064591048900570400140726576054071062659396787289, 14919317100300491731981915255403349295485396514598790909092219887250363927637
21660209355384445171959832359759855372279276801010776176499804040183562522481, 63797846930037533178589327892490831641972397065181457396678046378946272023111
69436179162287901156056968387881006825203231883896456762151917219308841454791, 8830503508673353052922794463711364558520081112446420118829429674972825781159
56529902063139718467686264685691075611987629830219306065285042042241578115559, 72129581885658697855625535830648783293299213175115129762147657469171031830573
35114523557818929613071319121341663779069533631453997709010894183226764527549, 8869842868557164786879883087783769794745918526457472017528207723807596732620
12697647596779664094452052651719157015513913536999922250895364306134143316520, 75989549777834267481337860090490804584463916992794247560151411907209575987502
38857658799942195449672419635853993982890816924820065003709313286618925591315, 7127892672990614258539608946937619426768903117810403370026683146493154434408
46639263261400669156371395656650821855078396143614454665700339037703477514979, 70611928501612504331998365000605859793502013595668342255418453690446603947171
73135183889721445148490507250318821027367968211217343185515782069001761712648, 31479467736894048392319042997064036635305254924738794040882750758857226306495
59357549909081986646529845621678919757945175386088986038861291589444062727366, 63568782168098545075598673121173482469148775061788028600510523633265517604356
62011314051927408423037707117254311545563708748907962591477598917392697673146, 58109047413499199470338777451359620630952975017615266026658420777722503897104
46755281737222973504534532664076302159903243908939258796753501426481303992834, 24841021484368832785831366168927507770970089141442151019161789605069429011347
25872463359976429236580151882467474642686000517827488055027447742841961181831, 45400730406918492244949403778646838679730253333762751567897348507473031013915
19831919104351211247237922882550507260466112905922250970527609786750797855873, 73125318455812124864071773331090535527678082102147138948349396703601458338581
1465865526700566579832397346087814065923243580835469171331335941396413552432, 43111407266097418728458687468173848227847125280361291402052935684856966452780
76556661995898448887606887074309928372821473864364136709827135280444631967430, 8764250896478111501354765947022507457562076240640941274663891535395390982416
64254550921930656586467283386843346463799894815353226308926689362753784100808, 72751690724861437405359617217786897254858658071911820089634516187108209758088
47965805264158687286735174185039164269654059213047040120477861219471149678306, 3406514589821319997902824443668776596675857483241250366157658224056962659023
69606091860132244073455472948478119363034699414429528620361817209300417828942, 32071593576770213938618860209961219619723669671575415644025292367015362625939
38807007198138419421861932314092223269403881324980111862269727696011731225228, 72938111990532516158763811933096988896703961890627639734919333812985516096521
9336583220254124922404946506060626758658866342181018321604542202734666485189, 73658695672757680553382542808300657564021542247844880321603497466442662776395
8277345858478951297664030210560627566898365834578532192995400176710622004818, 30644363016164410803286311707241971714058602649579930771077585963224110104259
60805945600017014851756220247805908637476101866449927750422402778868822837149, 62235935759190095728917803250509681100852593777511007741565998252578376271410
71079495479069884274010583349759273447867237947087716131340699014349573475656, 22808811118224066078725554861953251216050684217711806650013699886756197103194
33777902515295765875722559219809063206226815443329015578048053298276974639536, 53712201329238025277042127271134380907315911408374794061284619164155822019056
71406960601750681023607629860498638661480411422704986389600823624687328462777, 66022144648897974711409970405030773417612075630794841218067538043532967903384
32955830201260897923686296619240683045022956299578110661309887740153466557571, 48704163038694981794103939634340559298924082025592847120902812520781854547990
20324952008375443631159375844831991810049198193535197214034292586131357765686, 21267782324120588926764491174099897487793662059838270435920855751575387842064
30829871763018169912476196566453604306355527374438630657921542990056451435433, 50746214425904289922232899228794958955026198916946049360382104044806730288669
25713879413056914838101249836284739245554789584367932834028111047341700531026, 56386001471222920289058662634285346811801597625151131396565798164018175171304
50936038557815222589300324278966470274012836943448395962746764371024432041675, 48968290345888595370788669413686186657555829522409373058252346253488681366811
58446982231116335450650062276427788451033098880376192863176862996950677337614, 66690617300233264579396888126603118151241630641243572960957164070415346732999
60468181984881811865398783109783132569962557488267931535188830302277447258954, 679781259713134628856624474432112871365524506933141711488087731418899200475
61707647799440179271791874250889536735266007049314154398938693419079682994384, 35493839950419942830410492431844841804447849029509772471315455450218277978927
31358722442262528089213923758806746319725815972054709313802378109602448151061, 73053169369124373812562575428027304610110312160128072698378863944235469630339
54074814742954411578367032194941838058167974559737465198697771560130497576509, 12369170290546270798228714165220465440890484934749751361195835738636869820090
13047870731148889700583271660314414045335524670099915641547481621211084622025, 72027887817409164611412620596815814892788086905765742430611973977203214846603
63909160635588594211103184556583129370074102781831524383837513004074241307852, 4932691411819006036716013471871778691417964817704268116097699740827688138193
14134462408820334192962393229975446051584891190354867796328315096355692440056, 50444145470423842214610241583027588248868612559616946552122104819415210120046
55989901793953508123966873107131593756736855234678654795543242143782477470383, 28144012118348031564639824662646371889363510496899956470514507502821239100956
3226044055942765637734528641112989553491677096243294179913391861421830724061, 31669538495690768548231958240621147428190071474088970510930074798993818817147
56680462959875540502174287283241308372016693969829934128177220770751839228529, 42914383954919641010729865709051901590935807983270509098509171183266339083291
40653365154719196549690576408165317020684804094858470336626508245362847860467, 49058409032303094215784637446354133953068425563804867896307361608644685222035
33707029122843237608647396011779335923891210811350567072848254766032440585328, 68384230798139464739839031825339429699331480594466807608648541822306460601027
24143830369850906870319633377144082957868612629906624889725231581171184825441, 65602712608161192981921988640966503812547459212608419330629884386261812985817
21131238523655765106549102250942984588114070550230057822483486954343387080360, 32866601394408429678206478677008717811879437141790311084432958552115627450684
69723544184090056206348962734593723378592101265910110938718110016541240342747, 4897695571652206740151505289284004858220062608970969336280935062290161212722
36307619451626355716344243390822268055230223926053438848141900383251482180042, 38306403798330366290904662480879791904089582699692392567720660580866794253571
60976603290162432381231124393816659651191967157184234389190302911753290576827, 54444949850145905489711290515020401685694453569270378432008010873506926547035
18757569651113035758887800367892433742192568872944359613360462383533332723364, 62805895394885072671367271716638508864318646323936771608733659534160206737401
76628549362729357247351117139883891167795277123946168690642386740086106100685, 37950944315622609437096709686270462919822390215331842842759750709250510346268
7506550836006159728777356802719312467023636126037036500387445277605459681021, 67565012870902832507195259600901168057991683759790037725016438258238640610966
1577176636185632683048676390195111136083790025342779333559652268973773558442, 29499083960510445712587336217002189247376675376301242105781242904148927800259
13277109593372092639629461179358621072611541121021910656429574505433301509584, 23541266933118015064892373190301000236856109726902106587015394522615631696704
70126340894747971070652612945871014238634845041694298027514856888894908982602, 59459370845713003960778133352762918271730464149092471071894581819384806367325
48716758098229247026618246458417109272784113068343987003974432214435292890093, 35137665618531847009187737812607061741157811800517032878265115694393809470167
13183247249402018998555728813498103568943278552009559669774613850547137938698, 55589431640478483221600537042392889780827914794252689320498269735535688987879
63703840232493529782318802257172264574922825424895030499425018382808878696283, 6651264085464641384049856720974895680658898373639079235901430162818721607091
34907249439367836828018823195002687583424965905766222574220784580438031061336, 34988774054875655288185119679310608317460848017331268684385916062074137044457
73170926289809457984849522625905609006468768729051087858442932455694902266998, 8252271170632121501015332353864440186024772146225772990337161604940638886981
70309122774881782826690149606495733453963009363505773340960641015856340647863, 3377677211542966619644855525216825734710696768371634314990035513132511999680
45346731152483986388962788266156537506285165375838327495411209089610895792758, 67335295879576369691825957267721122052612257364990314188511300968325687452894
72887975873241477076808799529998136011037983324973063613153382088276185921916, 49556560849573292709636108422487109040634481373371370520888820724978363202454
36792907196852681926924653083370626948801911499150723516391785548172429251854, 14789691647975360457173377693825749131836440796606433216141768977013187585116
36556634358738897623272854375909069079211129374428821602147489071608266620618, 52420127204546953862858841394519285496408189044333712458362676532560164309575
23504294373686086480092593930257491533083629802259610720339261259546613619980, 12252618169676837302332148753953601931032183682652030652469500649021615084074
36035132488426613232143261019196650587276187242906395064830135674357539161578, 72898422911571985911508104582225269438645815458758576418957964215177579208212
33659243034682137907307090884460438022732257740888799900249164620194509442596, 13106609595261513422347737890727674652197387242911119594224448023801098101416
76263074660323010600990368949663927209516861965428599709011487814184745470912, 37915109090885298528411920453236041770031073973496762278052055413109623111797
39983624263115960036139042183727730578793085591860981861828427812469792833791, 67511750220124860971448814281708189208447672043888965728105837804264374802666
43672067773218570252421355497306066752964778082602205553858774873735723624513, 23063598425638279411313184039822134515726938447835715201923143469174403051924
68626284506277390402510685896369795924464855134557406669557502414541640367945, 31321125434139710420003978287079611350915646676362069055365747640946366423636
65353996094590521526051360008100017333942122428858556469318361891666290978679, 20740997026013993603319744302422446855549870098745783950728973731578715183650
46017996505448521773329758171627646553730671431069298598542672265045733473777, 25548130121043560389692445721035295889117554040971919450505581399625659913078
3484252653304299034520019132536897946698003856683031617071732979976004566099, 75078700346994076951736382289825628866559830944833305113956610265155192558898
9301813425530642700535588111915182454041716214221843423493003859714134344228, 9971839403577467538882334450977777455958944767129793217867576882309069366980
27997298178167252447540100053212029123634991721610633732618968129002656943756, 42535715996185798984354912544311441701419047507017256326198333596091715176521
57347274003759054013892360604828574710032062859752096633785331166038604995329, 14781750701339339158392838483549139678320844709514344453034679690083079522202
30490535836944214570097614471220210723951710882391400676761444670833378993934, 2877179761300896442082074424824917949915178784398790375189084602721853914234
23023871219334364620677440400348256975304307344536931759234681358467105943489, 16790093371262126210172282221294666110999627647889548224189580889952872148969
12857289745578164010760049606780009517904399631155260110354291787236037679614, 12426749866125103480223876459495818437427277896869074822813249866070375426431
20129589810611976739257366700196149858171453361113624330746695004782702356810, 5025321823036565872324234656599375614867549326590970465577051326637818226367
50597595957431494414566905366356564967842538039589499708052172939581004612798, 40487545478107916350615194935348052700144519571147941817128857270644457438644
22660207515543964117929252820795434436780196551679151626330699984825411781366, 61153157835716813646193832100684551607180731242914314664653101083766997267497
12206976266065040218873758858847585052359866738177851061878453910430050584693, 18781580076894437056777711552674779631629490356071866815252844726899798466668
48503957480879993732739771000049246337793858682369573408808489662797455510063, 17409184172847294433148761509336746470246484889470403584478421692372853249295
48899784866299032745743343050962166132244167649141415123961051511226922065512, 59289726614580025733383599140727640336886351074714344329002682494331855333591
58130441125073548180295215693627688185606843518078860719604982019574518452394, 7287676232578656958599886405560013710847248864419179892121511301379242381420
9534987906419906830019675175134244649348400733299103609261065179021155487330, 27412400121258422197922207563317038885163975529561939447484332864082243574900
19908710612925956917212105681073517540617908216581154320270568243359697671452, 40803851982336728434223702568598393259624792243525413341048024770006286480708
18134921523850469767427461471926323583444439884490058951768592419216877567949, 70599532836953780490460052771912958414417858577670797202151279017079368284296
48584375057315130931937620445742762157870029226513440734936107718653616833052, 16868971333808491689075458891325395985988090129593274423044217943898799422316
34557787910209650050484021706955320408664961676400880303576888665642892172905, 72874738291169958392302863414568636267798291915990008628002396301932194499521
41148387192337204661562633273771586530993028192693093844070230067526497231825, 39605702265900772394022090898967303822815175575498815649418419065009256224171
43832725384412400866759908430918227521540388582274026386867712291550854646043, 40645336313538222548522183117500561501534416414777625563663067899200644478349
32428964224823805673538160637722283359653366867216201897348233056620956162847, 13959903491895433334271982265690067700979545988989521517597765111840557479843
31010938947282892392759936309901060098309199201698846220784855606625732265001, 24668990959588340832768744795151482916944298029035479544375898835321229022748
54855447447895963454812745661326300805432479689486924294090122965717273122049, 33988706141090135532886369124036072889451767292502708775739767383779362709830
44453542349397133879283153184480106413180047196498381821907186208111345743459, 59012171176375166553451794594563776012995454725080825643601741043440454153690
7139990890950243033524608769382058331138703487399745987146587780500668921130, 65292169536016075502531469250385926139812300636570242936988072203967661783136
31529349678926851331525120288589705699971702591560503327341040264228704070782, 64592663315748615031853394463840809611421372650609676621172618168121043880960
31825800807119006428427192871961816528586373245876946200282345760382909043630, 31592687366743068085959017974422500717705678730464788469549059569919452293123
75897478504954593781128893218276415065484739069173895143488118251257082950255, 9800964653550884002539884052698071544452361382564829751137970527166349886273
65446945873558395436041754805683031340234690161015248416475640267614170234896, 75245321838736728710045253540765744841594113142567488863269819351234837423857
42603114039664670783361407698520023777105269527245924215652397834612953487417, 29082931620020433707510994640045448649806657372201341909234934641056229259815
2484157201245916325789653519851425748616756658296326135695717145190814974487, 37271033968305570506981369139750247636266677811134251295304218902879855724277
2338269612723494033785126630290191686442679638077045971009806792520527494170, 56850987944331612746640603236671252510164137723827784554881736313791061746505
12769612935637368428089347215779312363513877345634751095643481125866898567488, 46491806791189353951143513884235423696620981427280458320553061560139224226681
3497087730401550891796583491745785817093840013852524603942093332043615722980, 38587041872929462205264233282238564346253283529724726929632272104837960961338
59875400325886377035131874689763077136190437422330814429336442165224453571143, 34378201571224701563974055024597472999444866318518603409881583561353567421004
66326661371698040972284794915310472693847681112301546716047907565795686925694, 31351735401085802171605357005460053406161053064976258571594434946430907045786
23037224790854582235520666201102877965314101428876322457950212886432688670948, 25382778904501742360966121696516264218874013018445273016520769726232736166020
40179879063271428052861764143938519298337274055363989450843727809103506584362, 50435062417042018914971301332319379274904236553554544500517346765340151358021
57750951158081211640197515831583981562578268369123633370681733835878256916206, 37503637137758932601580647411522765519161712078415174020836491919930753074316
35529854537280600964054800833369597742366207691665337832686553993838640621152, 67333319692605666046096995138499056054778276758651912169416887957433006449656
44100996800431295605908628427000131382919683850152859093304026372685707819196, 60990322222089204595571886777411558670692648042139939672852605629072753957438
36542565374841263421026697510401320957181049501878396345665307897094290473188, 50723848764164341984962942337025921753464707398914713541654656647964149666647
60375178508153136642809212362374036784059123804358587590648531594835619715994, 67000158649205825521661128224218159105199467715889092804349196077740906501396
15622535214338383018008484403977771093633775692072302198366354200242661814197, 40562056137124373452591784387892920480128947472708781791681598374406897324011
60167973895694143998009417879878397235305465963977788236709903769449128000349, 66619383242805002425536730284716393313709156400704121669994010575907172924769
62348832252146456853889975691100779033988864741584199332686449469439532958532, 8376612117457080218938302128541371253140765490026976833733675373644751166579
74688458810273878013579271417892930612747297764007538581060061663484380682465, 61845647111102370901806134570751052042289248431599763047487714129954014078096
29242019867982425366589342664122525951125059988418425097995047435920962305019, 54266950852489699002825996713057252751126929030950194375984294329054182879672
70159249344878010179871702600806510300420707610266272405027094607786119785858, 61802304173230318055385108326710417347563501983300900999831716522636274315036
1749590122412765195431654666836051091972435986933522091327387015222436891165, 46186035367975756540841481847317579566894968693714721952073376872385947923587
53381907642282756184584624993598649943032991122788135109249849694847898763689, 74430467040163195892387987215410151263411297616004972962053446815594203796422
52872354853780677677839078494424972531811962911962815986845124169677421430910, 38965339510648679594963041176196752140747060006375214396577140159955613718295
36207346369286239772012330791923221868871065122547533467470784318165867326720, 37783842960379734542111397595533761146009363538245926691989163893458470084781
3456379070317188606514097656171506437714097335572603329359134041070282906857, 58298453964916488418948174411692107137599936000325731453951705470104342520717
