Elliptic Curve: brainpoolP256r1
Field Prime: 76884956397045344220809746629001649093037950200943055203735601445031516197751
Base Point: (63243729749562333355292243550312970334778175571054726587095381623627144114786, 38218615093753523893122277964030810387585405539772602581557831887485717997975)
Polynomial Degree: 5
Polynomial Coefficients: [38, 26, 30, 44, 37, 35]
Public Key: (24179171726722383181881342319624713153130872044151170496257032236402909281276, 49573263306080674549523848635968309855220206855496153342453910378713703756611)
18912259320765055287059622286652175907130928322763481027564569305565242201155, 57310119881521314617132700012058221350945928341928604015331663055822470803505
10453585351351138447433142423623470922223313114037205009229596313155530068312, 74052269623005008140334626064796693770989392939139000993183560461591514212135
37364395717318013357196287724884851667802727238927025163881949303990257231545, 23547090139898066255646485768564997592199996138469252200746765583241914983695
29575113670906474601757667472646815777165801756938432284118981221403935326031, 55873448733697104382622484681754008978673254415934705579893475579592160397232
13163553643813272621565723918975891949294775815532266907064433233619142828688, 26699829610413742900586310473524404382815738083116567658699392276511683211535
27181868797456893809428294905847642744256837614589353818595326850007866255931, 73214385027508502079078423533912478162101183521241725963575988559815979804494
36536552856756472243021630921850860608768893826554106310473779869260501956290, 14624670803729731280896203327966129452195802020972195985839177799565178814562
11632665762125843260058849000300325874558854748648768679861531342488704948471, 68571967289147785970279839268486316545461675403087929542017975326001405853492
76739422108125457615325871108782500154971108145255036614637345694229683842043, 60463177696246137105872269114899898314845246905092103553016184654639131127265
65646081761193326993744523562731941076396582013763702374608573567999455374639, 41481041135367868309348921098444988872539687323777084655983080283116743404558
25256667102200716656828801779008408042636421862687916705147539941137753421355, 51954735578973120235656100390868272582852929113808913977772554267475149605128
39190322208189492948695564031116458199302927164540599133089192158607068105229, 30788700348315501448841847968584051566581992573020264431884488989308419897159
30762985397694893433125281243471684356867694378264722496858340292912473683782, 60929964557559721588224753222714514063324391612963704382525477888800328705169
5696949774540005385148449575001574630029494568281241369289370433279754290265, 13901531499489310179286637075664761696231259087415456828992706906331506925647
18916099328773991615153796236446307690010477687529617910819355801234430279125, 13696887063267340629143823123805292883637506260905371866674268630020228733716
56448858502924975426715315179565050071949700182329495762785546805067986919726, 59850710680849435177346409453491420987109028886406220188316678657735884421381
23083231760200966725239973824050559429459484331493889560846141535740132506636, 33976347944663528408711893089246722522140288243485425079960995614829707977154
40670938959467691355235880975054472130079023790491988877344861503911723644409, 11463092324652893736041738268105434316148147357079168427001769853935748435422
19328990465007320033320114605864211138179326478092610501010329052247520892486, 31333326320188211184101939728635047502321499206485954803021407143160696609874
9507562378737327954872501591932496190739256388127238479112687257937427950447, 36139967960894887654997526436843632654690633708923800182473518676307079522771
9503829694696847547077611306513718036070104100165153214926693565474268643597, 39379357321445951560651303432557027489799705104612981957904835805623712361364
76696077646693015096944946794007039151655449232906876347251979847049545927759, 61728095462191026096682514763026304436580520146078933189464498387400704267326
27468408579103939423702297820126500493887772871971782137473395452152925594114, 34112335196504746462733781756966400903410987435140221559496625926923437247387
18523304450648229255450346934410233388985533317025652941393181669363881768373, 38953575846841458417891703382540457354397354648785010446578103957378495067556
21313007754012873366668057777622469899517439789262463971343514506060102588254, 33717521038432491021844517135007864817722150089076782353098493873426609842449
35218699569930358105379823275496842031100103440353042787812984653332011928502, 53015571198741987865274739470303244451444896746036182311210780999857954097730
24997515866934350675806918937138446912638654604216264576632661736445110917574, 1101651611802706602278151717493437124474417583685662369296160843765608553916
59611769559850466205081527505330258246865248709966972061370424507069525445409, 17683228518292268763022603248206776279846790322208068897964955102928285681381
57530147161032439217718153561012220849906727691609079685258077656379464974480, 36296113381239277236568430325232534068580861698497206003781305258384338965284
42670620477976868569796053746178713264022897985641226785330973359228724952860, 46277957942140983452137801456526685500471610487075231791893826033532612802952
39378026289508904233443943292207055317598517437622615027646911584907588471565, 70484032347197668612229898274335355494569917329484686213441366730646046256937
53317113209193916446286121537887059268837474064478532476904467394549547189328, 52599182694149084013089178031492731392120302872243590954797229478673951824182
4869382213102997905647990948961974733808126889869987648673239106699889583427, 56264029546720591315624700628868097505630467228013691633762843846571941099692
69254771726177846766557137023364189431310881077832980150387527346574256168844, 53910525757170112374192615017904175810368615908263860466768845567432032314070
57932083951427378578614859180540356403307228387119197244480456369264525281768, 18992725684875245957095430658669712011005032426777034039267983431672667891084
4900709531635410201756006185586956925236015467819885276133445829366962446444, 50654782775124301502818171277137049832511178761876876766729212716050437175922
20740109859564470388318805657113897119605851340891923857645867470806187352815, 76021342801181063688231131800674980074494278777624171204197221788965835003369
31495384827551924926177052407857314146617625637429351152852462779060338448180, 65158628732241778414860949717734286103353079598200205068104340368404153667065
27734966445427995601392215734787989511638864771617671191665717522699297259686, 31278448539971268662468719863029686222584933648549165887275327295692944855911
58243993707293984910601079430650136593675390241298468069721592847164306078981, 70852789057661419143681429173835217127661549645857568279875260421110373931226
57589045093681480867464847854477110029866151918965477027885795611547766445270, 37173318598273617240719715702593295324859950437986371215377057626871456971713
58834603144968246535288166165818094604019091266692188371383734632269035922771, 43787420417272115574582599329185943064786782757002951384461982762727559083821
24514560891587759536140075504901073562452499186652381320480601767367931999320, 72663536078121405385271430305015129166395562697673723281247824745895633436270
31571659846664591119394574291916551327584576478777223864667599980638005257423, 26753212730272816501847571074563286714078722529330973341489808165019851462108
54198717539257132796012649466517722646219978497542599559045379363938892970774, 64674372563267058038321767032614246060557269746201818811269773809091778339818
23951140539349616206285838468972743507645012499316940296735870422187228422607, 12847951976556624807720916683040969422682359625017387153308325224135968754867
73565694809885341945259060045703143617524737184245817142287106509156209668975, 65985361877172147377778135112662063212504328987370429379200871794436216911445
1929594467963833194761298767071000487038368041467108267171541286849501610016, 44265128032436202283338541225549398854029952460323330796562181690625923391885
8385953262382984958284570795715314954384512052271256970218640748030571110897, 43632366061760590267932485253765955901749186001623554254710213206570534692914
5185373159969287063457335358738280750146464591722890788452728058352933819834, 14278350884022528923457594556950179180220268108470431612165980280088523290544
63398334319982979256820045993471419001154686120666585575632072489887774778089, 2842803523997270723983797269724967512831387802741083016065154427148247638393
40138447125545010442202818211461197340927496105058869090790646168188374204739, 30540966866177376080189844609536994362320610645938409280783554693446501577149
44587221647092750799024156846795859970738249215563277611197187365291245562721, 35018061169606209867437107286342789301771780197498352587158252143051745865259
8493798159653734331016347449965524374417674496304363226647655170767588840619, 48446963302515820175853569673280548275203526051618425744464350389727643154650
16087360393666297514405277143801548646668550063085413814982116572863461836867, 49290845477463387720565302540467748091070516434850221762069039179159448558391
46665771559930457868887756979455319044832257602059176210024961780396944758993, 29392616070689697790108924376311495020965869396993291953633748288359124300972
64926039088165242349856738078546109648289568956360952128667763825707652430869, 60512320649600529929441536501036270232515327351751135700414606763022191670706
44943652433216356689025422752266741727783723159621316768847272139748710137470, 37243539080897515394819809779304482748370900010618136049919109085049965952600
13104879000718339193490849694317675942323150935410085500950753523036948077543, 24377699897692685513022557947018821387969439506070707330478716967088290020587
55148286162997434062343669456530664363833958785891961755211542882643458944364, 4861942337809915317187290248905638297715658995965189304172718953830817292747
53253755617026886516802368792631867402984657948050374006573134730847802251088, 42697368384486269070956345020401711833430421789365903145945749665312662445643
3686343742847196464521923698898754061044056190010672843771154993353210429762, 55825080463007617813605727507771053519024416555478705040936001341495750695825
4370058518512110519635289567706895679191831014966989241525034915404569606437, 15919708748505228519652312201486567502162611443312525553905919571025742779382
41238425709270216587108793089688888527132230104110935651329262003970093904675, 48991376290742565730785276984884757454027672077565437800838605599440766963824
59558618037034963892963597580661111398925630897704896703360667633734908652019, 76878811669284772923913393656610324782513825604180408426690754848391298480079
38979604267947575922205033419846964727554475140322990468425290118152135024040, 40230784043369366757523236260754482802111028915892867106356722014792092494780
67211262598365519810532362773774501218142016432011283551828437628235955332, 72643698293616916237353441321885606847087515631203903584583794987088583145034
44033218985179917289685142675714558106203620574039532156597553361069455555005, 26115371333413581433636812770486004913403336886017608703147438475701735714406
49224884015050196860885174960694998402630643022540830537634731780950893733412, 55601698565113950262335691177031237263534574381413199766235263228958610981175
70544024066440049466973748329561230666918499112759483577770614483636065923720, 46548115429604529236051754178772593518044115690704429713093723457095910468218
73150088527362981619115681329711227985641449946191553227709821964816548781940, 17469228913432224301897006001548967531043875420990611200431396519074656495
408200288595000502661137280549712091869301159398320685046429205497913396832, 45646775918674300368809355172812169494110450327927736391406952273197143501441
22634363959760013386166613305200460888664606444959179686182072528176965697901, 36598925263558319005871651251171960433462146600232362110457880375193924521682
27934331719520774806124254787064088900922768058204220682695087106620366017852, 5403305011376084503154888909190931587393332424757501390984642189649360112767
12188667957267565188923242586731063953458541609057826779547358136873392005901, 34247113325340079975773782064623247389257728296670999118592076438154418483232
53878921675526112803780134501932131200050318156774376915753236392368757413603, 47534844267907818491775603789272899985047968518009238562253235229551135447889
67243955468873943229396418842071088698410103318364081184963744881004399134999, 47705996571949350900382290216632527861504277370139668329593970409566067746698
22680819115472501384487581839182158778419896215139203580317224450780242954638, 62445314254310350521116278169354511843060938330564894558901333189777935351000
5833754001398901244387790687544331392256210684712764036304262536336704858440, 46637888503541979534396565035411994726966157161924398142577219765153564178800
73490485894808068726834695084957810347184805108435991646955340270347386230741, 49333844514153698935871094618714498287980389975439965663619682283591471612042
54741168689924691751631130320817378979742919767859548268410097593207046854064, 20419129494037316325490883002001223665096680880290081313733141260681547179922
40062672351552785710301923409137022575127662888650743607179739253688226257130, 75617567419990899445897078330647687091031960195881494549334398884925533568661
43303426252377900515833274365779147948767974584460136193763666213176919733268, 22197056316488390964387249662417950215204038076890415776935877080472782931400
19978820879934068945263257399974856361850055250528706206874785326079964579542, 24529233338871727822871609186852354495926067534610374200145662387917556653729
72712041141876522575405145606077503474853665970792745693909184040158592427347, 68034285270698011910893007140940373849247392183664552057377464627412063656719
69995758616980080351917263740168286884585772190613393457780762821770047120651, 61478531787933663345912076158041324805539894796584495213235589491603527289714
39479590257749892798061215440325556029413637741974283821694991481615038437698, 45608209832628718069513749373016216567502563641841075381215283761706777036405
69102754099485647058015070193013761015256155350877273243138695358854443728990, 22554970584335172412117218345050893243194379024700884842375374870022164150036
58100757193693825525559874293127680589619174879566672908581043477015213378105, 60352020500073448570297710768068625292129027640561609501209220617989307080602
45079320844428239630639027370876572348166258441778077597957441879623764505883, 23476787344365100081896374288130615722466611325798077172189865977770961475796
54404620409162122881441964480277847379365112137748978064307308898546914257750, 72051939219067358611449436777784615854908172019228285325071630908898391748213
22220653350561330002466992698799133467167359545783465137252318429280823506573, 52557350258474370724814590605798879766225476998799770673077061448636098324820
76693685330354445105550347610048237696014680400304806371508569187058998136283, 38178343232518912223578456262987787398550315657450936032709689341821025583750
9888219596701311910593219843705240122949172258302464306567160853845645486355, 61370081172054908591367290551464012409802198432751572903706808724610242688034
19340068845106055702957835615615533080306324266313096273598408895233086696507, 58830910639890769964863576773571530408074827896258123469055496714222341669698
71536816675468985878738815743236253398020805274884945299865992094633005865671, 34203861777515987198689821016494771385807795606211145940161668158896679972976
51333017145562000085925502589613792454199622190381340187985172362945501712655, 17184911013609017746260825453564047698788988227775482365485240029973073060293
13984057345649008314030592844704985531167200444759618724868579600711129079174, 50505320571559450235286503597839112493847417056362241445753525453698838608161
60864153873731042439834479081288388259450506942626223986541849361911152939397, 6906065624946030819966761084893491876546853688403854010333817333333920707949
71388396439704018908761942284456572360832653651506417898104537361988586011557, 19279758827033549486996299735236357169721874621347747063213845559342047267928
6005135568768518752088475319038474780412547736688320359105718198035168583599, 68922504345058591071235282037180695520739216736566919926061018809914152081987
73390614131595171485659819724247371003127707302624581068429968837519807149407, 28594625904879727143713637458742771724989676422444547690826000720749649032428
9415921889186299152834080318946073876004581063675244113958061253043194277940, 29458332385722593731601590921193221819377041485690690113407545060268356705564
9989019885428621234838663749286593625986817818972582083890701442641986096308, 11208517973587899977972219886677470228495438726664806709720843386284517591178
66439948559981069538964977733733089458567953787036846617793506974483724179587, 31636445554752550400329898311234169258980473467936667415575344319355485015935
37224777967220152805132432433496012975199853189153442793771210425055776156030, 3825033844434982657614398531787563937978685630883746238613443812564054767087
5252909058007374396477908696309279982383240236121059929400197803585428274758, 16322093612144041912555346530973247345911868439905172287211294130178182374579
4476683822618612992554232155984041951098816150340175534387698569864761450527, 45431203563917425134475154954783990795030847027601368342145557526553999115835
39212815554601076781149532872658186893148171058370863316383909797055396500025, 35270882752093703043368903125955574953901324721950191775407564693621210878526
9864203990242228678649177164560661550226208992091747571322172575992714208239, 4871750586122944463017120322559290469923297315376282674751064762285468458518
51265784668673682923140528126409752085149714115342436322088001985555419477224, 9322911672567568656266029086345583237780492510231521142958562195322256837143
4728014978411438499690843239435057574922803342796443029953015404582490171847, 29891895236419694209366851574612999954526979837587654740138641537937167696579
27357274859996927349482998085317705400393649576527108861031775737470836643426, 52794589231300462944051780624105865283291018458469215975302163114788671638460
62824125608185126165070683721352378892201405617946959547703371209817938802392, 29473983730537327137562851050851963464087428900768269557182446343704611184660
3152212712641387622837682334036180659963820985398459846574909902649005347787, 42845522967915597698432661190276416760233009981530033030391742843954284725095
27767057133420032167208695512388488468559103060275224350930153947992695889699, 31373339393243568413397801231017454846126558835343524491557759846780280783511
15667764956162763003320203331984901356292522605411789899739288542370406357161, 29472106502419962562194534909271401208745896344184434229211813649387015650598
1185394253096721735897992138597308386363143395675224830961811997854112678386, 25819481742642645386280496345358294792091987359824698198586660493096319488091
56915616228062717102753692517736772045324578953461478993608083323049379883801, 55575561533563541482378926642947088424905337052793364743002862368807414582447
14244704275781606742162701151914506083277969062877272030139339272879350876739, 61221568694998490082562918217555594604669655676868335586565565356915285933924
33460206946779160812768267982265126838767981733526742303396557852230229034468, 65305952548497933610765160605733455141957498065939026453906999552708795786443
22331908325231548925618842464088043570340419193355245824391015009049054450150, 40826041950862676524652700739995140146935228780455465714824377109518394180691
56178254985055365252768677737650770479965771822234569401304668608220152972464, 42657591183295750925846282612743232562831494814990772364817701229220827170048
68655458940086379329626682023326888134209267165190389180767562412282663651499, 41107727180431939443312119120788260517453605483544321600813272710130448536617
8763285698680009212967332947022629827959183468030032354103380700729396559007, 61349825450502990781077752539799702562821711443907707143180565461481124676999
42804780327925505484988010811858043508679749746271848753777329999105078972796, 56147829632349758148386550401631743598670571002856346856925769874566102044011
39912001888169692870207319503133860287128042034301329053767236999256895546679, 576895044434606279964973828726407039179395904038504486165161803789808599611
31256844050398965871865832030586745340149525341773294462723652488750111110479, 23406918931160933250713703731169008715365474895311036921680344714621702803261
48105365905623244880566939799694042794091046588352354857690495876776317412896, 8671719914797609471579843493377526739145349632854001656727560943689577874642
11995927508988859059681787388976133599718386494324160454494696967743233603762, 76702665212224277592098534634560582914808205247442008252920794570772788273784
6966835761676537893118314731662238292511054216027343314119071055889200204283, 13099156364152478031316685907762104922476120970302472124044024299641175908236
62026200278957832962268746361966827607375213075528461651831801034242419254246, 25272943231223246135744794143537070862509647857206315064488594109873205213343
65489573661543339175406414332726055495463666683781973274474244816060035352788, 37436107730447903962425682950551377428126076866768098180147156719725180190407
31147477210613710859135455410430434647749614521730380873022163567287708186188, 43093165543473820154080329732462282242953443222058591000716880930204768890458
6638303778130893708707036906386593046284626831176638817820229578032306978134, 20088177333083385788124169604195704707199754400977029171722565570128025041432
61869932679069077781781753038864268492564380055994142730919983725293321674245, 37065032897833158013103164819518909151586621462623628420880856430817259743270
12977345194740633132684991012096921730902456766865336953856266046201489143721, 63333778226820288508144561426426875236084227086876653764105770449582305784508
50414208398066174704802653102648401688755447705536046469965317244920309324299, 56505166541760795890715971942072006126898302076258048762173546866215785287949
69597791462130686105692866044314410611922038693969393282488007152467493087038, 40753727662454950044884067087501691864657728786207063327208992369267513023474
25496331425680574235655995833754878972825352368620151966001735549539208111911, 11112872738632657426736194563025856749519957113421858814805126442297423096205
56248647974733028249155644896976422133078393004749536268708554467301321337851, 8228184135216446812300580458997562520162550026078213603602830142266792340000
3269054576264297919503126646844017676717853423486600278003919604060648751253, 12351811243945062710386745117838108997065911478433219756304650099594262543485
37726668811497450247591290266328147978633311865215403577543155413810965934238, 38887025022564820295041552828246256741664222903302892394286507172412168919829
50873581327836342875913143112771579356964080683825697955857368961081395812299, 6161913966164705174421326534194667139768626973694311382341454187454113775699
12570681558772274069741203558250916483802399112117669438871991548908191857526, 42430719756838719997748897819974961333175465340654060418328373097653531727618
52548716650316755796510748535426059479010676236711550009080501751852952978561, 5069881974634150340686992593908464744739899940468663348746156052148462724592
48950350967924554675000500171893652171046157661167566232835335687077263160058, 67651158947372830553844091372788582366886450766281036972002053421040749341811
9334597777420257009560273851238930745052088959111665036259068884850475915154, 9144854081091909168216498661038553563374397441132715558551928386054087368693
16267800678537124902866477573954078625992936730790668175782001590360689786030, 36479349090349641359717779285992642360926690948320548095914654073026892220298
76386687609209755064887786017931875299704020410505849711129175130295971215022, 4256342374225649642054674624252114769706481081567135789322205582899553788885
29078454415493820571302175504899396626169140585928634437822843762315323691164, 29727920648793964776215426302682815678664676561029783838123763301447798739879
13902127749983543118136601499569701776667034811877441621367321337052206469074, 37300286320687082612096309332758294572469619918157678538103577283606379212403
14699621809064755192820152345181430049596109539564347574497216014110193157118, 23906944948486784230219937906933223557489790133177880606325835425988912592166
14935555441098992621625391663809907458921391756796862540817613479161401653054, 65131685438063476826540860969604951484617016962038930889388422475398217246111
30380706939269250335847009663742269670778107775367162904117341743077807863450, 28617477066062434305420512061242858636430356125650380332895440877861409873986
36094740704143447759142688145828673115710929284368771906578223908879171392518, 76265238430589934673447971663259247844329921874293543546344721853652371676590
45136281292250517429757107245436627042677385019093874848861073687824199992555, 45231874784575849966016162997596422140958870788041691797621689981840067682929
4932509875515266346360909315998783050450395422540605261996254930281743931832, 6551511388175850844752430435316774162321317705505546876121178987191252171961
2533771665710364544417640861089457135983054824362742271418930571535183974636, 53442006979215470473008620364033346421771812141428336557926697959625234370051
39952552921431286718031446960862004123650081779777624276944991030974308971585, 44940553556679620725991581611969846700969456885518243447662084633218055479925
17797298442818769990754256893136976213500792236045898624985695289559765064026, 56962794903854071222912773505182508516083808398145269837677760119937128655390
1766020688245557422030410512419055045498981917753963605764970761866460153377, 28863913331553491073242821612575728655419051001917620636427529030768071192504
2529897935608827604936466124682721240239492112860918256404662938995029840733, 48222677161383006248175672628779326588697680427107844985281229225830593657623
62247566404193795003463938811437522913420156865283793103613888389256707887545, 37464047015677879298534716215476842782031255095296646093652946225907194751143
2059416143619754918369805017526581194065048360344776994052665199210202715413, 51121285807611750822195401773483923421294159859948806604261151232123209469506
32470402922905571391506592527112381041031816785648697138725117880258299305084, 73525455537853638503826584907257861108678856796022816809889671526520715355941
25001762943904826149369614726305801810635454944377962486147825648813952429636, 1339865820758500744640596022700558109850708266098090401502866117290250111812
19487878633943688023209667194945315696827064494631006029420763367773502364596, 21988327288718713839581158918690541715635270247622017995656553878274594710169
22386965135535581232323601198203206084529156095490628315516701312698695851611, 44476744102811863799072624561976799522953644532222164661968765706760705061533
38370034459156059269003526487960184681724006668882090859901241885165603624469, 31791223146635795979857421777132554836889346955304356536834831253306921704096
75442308778452147657419957032466893247039247684266152602301116347225936842451, 55524419539472589241463718722607654953822652049849405515099056222388956857596
48458297690723861866419639520179630273208002982262186507092915639571541983753, 14487345809700183358807889087888229999549346224015395480383802792534928368551
14084242025550952710607058144218655087514731117897321613367658233004255519690, 8639337113491269986805975906398415524539982574235181272174921966781803671892
59769571903791305984662019972219898198319756363584381489234121236674147299605, 68530480361964146310684237343562250646250267081667401885925015561612414413879
72421083151857676121547853795159512508429972331516662623250911814685192272622, 26740821161640384909939610347199321787777900839851430241787742743679108292756
37132496944051360656296413564423370491715548004674576067233080864208723438903, 44814026520869456540699785832587791866671942612420634496493115865998211601618
26576389953950875653224461241585247094764670910452427095572915134459996020733, 27547756531784755876975074329778114800920632312370942880838531366961184053347
632204075880667297814475319816321000893294839081427721597562873990240975025, 254385074923341381963782482430296958771215390122067515763796899905408238881
10557126707253895920702807189531713726626587097308455525930575431992534375018, 17581687101641237785117144236451259267893370636684008531648203950711668661229
71867659949867768728736154281230365078041689403605093935165802964602625101966, 28471897180777677938127392520580946589660852434832795273971751251401604644988
69457719035299331852839563029004157435208846173102807748900617707635462610246, 63786429292582982336704428049043075992509017273546529123080856307279721098078
25869879499832070010641509803190216726266141507637580393069693251701169665257, 51292939385988960572927348397874656009329408653635869761842230572334562062881
6896566006722977868199243148811558443395097419322112933924737101931689105965, 36448486878829920388541693636926275277407103291759856599544069192396437650027
41744623669770014999144690591643065928867580157960066813891097351483289879190, 21653036564130955854021938192507875769191042061101981278935107635560137511828
46472680576152868260041209641412265231043139186857495489718441656190699557705, 24197266963031901941064130133222039032925405863950125823938174187404890253392
17445411128962502523932532887978241930081605397996966532832296856323808999615, 50586003831567967799200165108838435745008590306331977600225371229375717925276
9966359627896129032850055975372853479288315117894042009295872893491928894138, 58629859088266377082246104379095910265423824620727512384135063661230707252601
54887428848917364501227148483729158717292353989141481147864308909587698894012, 33475796791338978299100059606609504056375479411280663988747645181177259668206
20159923477750061277265649148264119803477135859278665177935427341232955911928, 62851727064617698778587578167843756576456807280225330647569503139197672804949
47366933703371594981351970554697879115264537634391676548546194641003841666619, 33465577470823743829697353041583366076227090952432926819203822778022646333660
76576634203643277037350085551875750253564784569368455928729911962933712150033, 8484761633257542738871239035641824563854817145008998170869172642751243682570
21074806625783751947709962439758759283210788817492422440587222127252064165486, 39581001461580669933979584267411394680240361043846422086150178125749163501174
2532123472173085757651772249713265068490286318717139059023500419078856655720, 29607437496021231071991998431358694397909533363624818357628783416335042488550
62950712163696891584701252924900024254276559139192243445041014882289486303841, 28962022081194280683554226475760519224754868850039953511595310247394982532294
17075340055898338920655227721688497813196577956573405722254787479190511510938, 34541546562913794850755879636065896736715209548171086973646891000031920113636
19321024646239408399149741345110883738836548419623125109840829507387670531258, 27212951346019313005448876542416967427722658097707970459519651762344017256553
3859493287661023121568175791817301606420030571036622581460165368731096626878, 18935728959165794563031524116689882244960792991191349861472362658652219815189
21379359148841507814214102415369817075102328459862711662221575807445524727404, 68621724788793041116456851176654016264754060567354650213133943338299772199558
69732443909500605852244846626362464562008935024943300631551176335895943883320, 54537243922469980374570533773160783846657746809675819349825626844104160421981
54728145944091223127955491610707261997574467789046066264181467989910083746546, 25522669332697159745428974626112139485446777311123698383078331428546789188266
16802248362126988281670593557322071872292524460872861584095342787319278543563, 41520043058490555763129927362912767929662327023581574096157880941289393615206
26885058411904635597650764973746561959509298828709888704424007445105311111041, 30984609017703750750876531342551677760742996336722946935842351605433365572426
43753096892470948512589816026224325369509211994549614583307177085817309929942, 29452379952011516155784222357830382264153562749257679403136526286298802378305
50229073351242824652128726244462944797836495790881043505100609362477423995835, 27120971946495421141332994297872521624950055795754213471331540775160027897508
28175665068134174241216618539832467831968494322788638742741445182824299117963, 70454559829146255584928409372640879757569040445686274978625702477171568415882
17214552266108978971286132919758426795548028781969273981452883656970731537969, 72766264831617691727120782855590438991326881359144918058167903822265380207523
44228368701341679578690158682259545251911242839571262834046049971219259494826, 55874664070332440908984381233360833020011681490575304212055024767202379527703
41552289259059772095258672611561071879264172052767567276494787542350988547191, 46783932093808280731675269011541364414878583058230117553138294616459938279878
12267857260779626060288671360922010956321370217899319486875624188199480274812, 9608780765356683151121005176671312910641953891480064233219211292315020166736
75311399226571431259397115814623129917709393893077209807050516750452900072832, 23762565997904255829237792821465162808801182054187061118514035682740787287541
46215238558722923937854616956179261707237354157502327525021128093599192148172, 9882220960490199859032836124390204875572663129969493021485191307009729270556
61641772795883843773650031050594992175126514257460569485160960114568209487285, 57876464150621572974920555829538324955117215108884105484990255809815172249573
57976062405012513903364966695630987417705775895613346459813532272813613867127, 37674159737230035863678601092180649977687947080238598106386715716239207000821
16640274100747527992860596195913887030570752526485615289712554575439350870092, 63541295693581446965672145409238370887920956687410985664293508745573805868674
63641002254927575395688773528639078433473317652632534722164089551467321647204, 53999804157594143932572345004146343091737949670793484351326343185546916095208
20687708957403096272127967861368791353914890221719894737387294915786429898783, 61903510956361730045674764894343344725304156082942126944705637593032046856578
38337459969432962613983160278174927373846606886703264676720074617653506649343, 75040339715301463745636641618451826207681750729166814055381595612354957894458
4998393223030651037696935725998009321374329957741973343783135750388485648464, 27959041754653096381662771368841036463422936918812576308038185507319586540433
44764283313283982601335815575783049017488838927046626381782065191786895631364, 34724773452948547738358280687768288311958356338388484805971789336887064130487
53616042294154371532039422872323566744572988357723495113458165558696000059747, 44021894389829247249789359639020529040287145000036549834397329528106747556908
47126237028722868628310979896390115510976671781202557754797469723575776034397, 76166002664746385956859959862459903475608558329725884797526261580589315992132
36358143905124377059912291974894636507122986909386367024672235529035472381420, 22661510777753184940146793542880567514847943362434048330030501833300131825426
54034784882007485557829955383512932745968230157149863145514782807596293629958, 69808122716172615615159928409752622256028084218212684080126859606663965291965
34596310030801129912765136909673379211429452137119869021067202526254453768140, 22625413000901000518469016642475131618643687095663858203589981268679290321758
34220856403500245958133867326276985828137848162340797009426945373818457650533, 18864977313673685693316165451661759034086258708606598657140436287596187242803
60071896316778302809005291633304123492774867814072586605035375058196095983039, 4375327523581615698699414110402687825136447326169971165412109861599856822956
29811939456881864829897642625956661678894693439771106304722130920316946802617, 46131754246710624301435280123954940423658131792807413189077727245402168462533
44989135904578699574761236460575792934599248622114130852364869281797674339234, 8699268578710944868357758975363116824554786155199943669247593135086211252120
12177628491911736044799934984270009603436450884692513606993550375653345919977, 35701341616588486106551769216947190240212658144415736287402770974713047466031
10036131583372839317300157219828553956718852757348816037942513257315712105381, 74688448094315837771105706439116179982631350672766502874461402020082967312638
43435121884265132138502048846452266912552712225655270738083460869413275881673, 21937574534272058899508161248078172439222313299883203425898741419118468041485
64755496386868878726410301114466375002876236510053502684154710048242059755382, 57657248492936719871216618790294139537657301840664923956563019574544775220563
61926953513757865322612992738367194713868370935714424231574462045617013191793, 15424319626815463800050485758759199428591935374501371540502084020284192169330
36519889134378927031967549132379937498565790659529038778115275832688973545557, 67895408217778814614913374931322094817352775437218871167784951862681832977095
44207634760681336737920164881832827154404654814298421563216502446193481287011, 1136082296022876005811662683903804783243928146503781246153510308674071881973
61618361960917739434996270755603328892573514090106885170894862859487411674632, 45169131698303504296808378314949428089485165747716460378541370909702672563534
42977973144699279644563126411543889648340476964460535066681288635511366769596, 59316439287776514451642095674758739824456142579255431656830019252318149058338
20736780164960918620075634436466392044422424080976766298613242277086012589919, 66476144797921921606955880932042613468014052832166438658884278480038623730503
73763620754693910880279921727756260738581486815239977065482926531121995120728, 76552583005390519537672757588578754942849382144779286860307117596222714856990
30345485983563983056601640833765155644499810830023848306991372491706454064985, 64571565367928453758933052951985705345986371157501136328903641144320057350521
42691071572930831333237991012860299970773133826018917561999964683542158156710, 7792726011660872036383022780589193300780521358335823044184886796378437163218
54323500638776004230871136003172036173060088276592269265608949374577264901557, 70241982806383989601697874885331911568153676468539712685604253061064992966827
67828119265982920388571565649723804210693399930049083871750269642639139553495, 15715032959681877440926986030973852157676308463053013552669705412883623473857
61570610918849517695582722633660487771992121558999452920016778798160521627673, 47920580205981407036745909706604008069328355724273247506995046124918056722335
68936145078182489604858963226636966579819496668108192297134322764321738081111, 34647248001294357707672206778097906331813967769459873170950153606450772619481
3983818952378907366271440374390540152172780778457012382173509453825141451778, 66742414295737383131341902036348038901327990874363971957629550633380719691071
44132492747342593449856853456330475500819848565514532504910452602033894409051, 3577439428416416912796266111734344724716488981695116886698795702048984249360
69926943045759051729074344146908130102412291161412108162872903404283418812736, 37327740537630689760511480956166138954111866450897062538034864839884603820189
76809576034151777755341814338154727525123144919003650844921206206346839568767, 54071790293893375355563965086115443311866374125598539620870539851899782642424
65177499942148280206566319952122039534518468566027434294269369774317256883639, 34144511120301443971600276319592524807256870689703149613543380210368584789298
12488154678289193836307828623733839597639849905281803340050757192252250650879, 46405608060146809885751837100057891614655413224306401387787792706934956412812
22830614111475786581713644091620950219876829189209229461366475457836626100403, 65255107698954239698092944187337697603923291670502460928799184521617976256923
45325924542719131029573881275408024485022370481465539547312663781804831429533, 54918038429319711068140227282810403329208563636834702991920982142058005217425
52295741865992512290059694534139067403795383993044399853374715887863410353718, 59105533760538920366674714443429998148473060093560011073849025436306046552974
22061438013094208677290056950510497904187851160859689516410655996975128849747, 71807738529149122963028206391635823758332322541062114227721044188864631945248
2649732858093260607393153309006096574962687427647506525167872294806418189585, 24006560967559933226527760831676105660083885237253080774008757113649635388149
18790623732528720733517696381553289333068942649172618447799546126742106267549, 48743495630348118001380913130804885899099366323071909940422789950846343976581
580761931125672871527829112924176104635657406723232188373695503831500237737, 15316248630298494179850426517498660921877815253272285682562864335300590582392
57446719665415332814926921362603977618144553444128144696460887138043356238209, 25319267749603799337749114680559594343321839860751028611980747882777886154111
14472459789923133426988345758010949623950692228381115429166878496860988006459, 9532760951985506253261518161692334669799424240458396315701527832940231890201
14599132926035301843240527736909115575335109000649484231596413182402704432580, 61447179861386872332625860233677942421441183783192433063278574935004433497026
12022840425331275081187899458448424095589255359878177559962987266512078862637, 46050853950963406510285779644734859363763300609440960955326140328081314150226
27097679374008543824531225778925249814322885281975700569459076054244868261487, 52387018883937793192427254041351188294683004812739627613852893511779620385784
51160712753035822169416384685739029044245636947446892248269147632945193478254, 20718951609378375708761248355607381493376846737181796945469018840572616243897
18464236947878078461567122689947306023163234837470265889215157196474257077706, 48282306373129631629380002142746543753683061899855286606162051616555777959589
5734388951238394547616981606633304071232624776384706558524217400176165505358, 11985178119705315978075292606329047195154391421714330998242163074392499921988
68539167695374890310491858029245095307533955863944252135674264605656405267322, 17082706754229014559528645653448858663092826661715994784054171219551489044907
43939149072848752163154753492750888445116575221845455774975074765647710020231, 3749751742890549836535753575767652969681168893756534823076900397238360426201
49516884147427524081416732895194734022539943261275702074780904557083076512550, 55921010580785260129682288719987093662224031561466464593997899344226089256741
22679502888490042331389535933114724273686301548928128943484930674997405897636, 74746055666057029294122832194857277135091183909101345212434545311138300979452
509281349958573067487175573340093408901953038216937215404883094867981382465, 50949615380388364489081405212917207799465626269501646577600383781273134216426
30705219198698298947435990128398327709579949695249451962254440900850418059992, 33199362906494595681398797698111082774110452878410391247432665558990768334418
5002538368564004807584474505421129899537181198474526083618627880994341754150, 3271466534055960213134934308232064261758171429476168672152949966150472597024
11292209849375349440222531818806535753518034729073435069745434552570811404678, 64047835774975880967367544139724162847613181942505751988248533126345143567524
65869078526250718475362776249564717277342501240336496462745260035873595106327, 7622865100705528978504600712572584846594621444036972248786101041139217802995
66300943481613107920980210708597474539400543824215647314112305117877504652518, 57882036306841926999122944089870481113936554511094871874347961343135077311530
73807786807547904226536188365361164863774637796984704267538733881809315924327, 54144411792751563742913622728836521302456688578827292609869917432754578431343
65278821207268503318273097834337999458180292689579769405519412092945623643736, 57532200931233599244594670550763932243341891420519148869389098487997814542948
47395280288562349057215707441972778294213623348361277164362343268080003762389, 54575907832152908029390080848314066728187131536591599111825292886678007346621
22327417218201374357604556055268784409665940002574599826697171644672884944020, 35146127507380275898781031269312657848260590959854333778018611391107462487942
19323271476111251992501898428124712011942242500406708011425154605588746334435, 43562981016416247957058906853256487138446035912996420926323204600563647764625
15651614811194777600220698725775952356808580719896105905435686909806753205831, 23541512166923659203534213065703798612370437374890544795489283375019605037004
40673788056197032091324615895125149886264808936762990154993021008960487365819, 22694754855234843299764752234162241218449685659495396753623739975947587241917
67331441915466134274397059100521653467738144813570925802938394093966718238564, 10918486373297001087248516862393970534013317397036919883737701619101208856218
49967967445042199285554120335073172686375676562053715331041370049199386254690, 59616712685332892729189834688695131991691562502068986273262189940037209494561
4783113435668464790508344270710729227609214464346672803120076639801776816495, 40834448041192659403961667550333218007447688782906696903560463998233243468194
52931431566302476226567872120162919784862399566407434316099542061779745000711, 48370326359057629175389926097030317272859017857240780613754518747287243202109
28306466018997355008184738539160341699462376417774863427567183083641953783513, 47194314633219109551544312016056090434421519737269607774380907743883461180380
50343892782863627912307511786869130873565036849271185182062707923018963675502, 8344764903313455111818446743767894335847174733061774100804563479533076492033
53629417211920695786293802143399801115895194024845681726493408101479309906424, 54169494206942346724002564177626450953342317679409677074296088406405525232525
62976285038528084659739119265825303717905532031765221416507700457753205168927, 22092512753221561394728230173235626292625939099515350239151078471562612134307
27241433884285712740069238578184998497676536521008673970403149459047951684438, 65980766564213904625108641995325241141534594004939837446736460988327671063477
53724239736068782795940039680730961462208525849146983565938573725740383566339, 58290516419291253376665813685648141936642841332421630628016652474089106606121
8771304579169145578524360934939056529918528759061557026175868042646427981278, 55618306192057582976044998030819465817763706302293476275037351355903563466072
23255953998007195822405165796073677069428225980045385530181169327252746588217, 32570475798595078713997015632374312969097462204493667249981979039694862780402
330880794811787727653005013010466365052695112103210887731334409701004269490, 12800125771758429536485025045655227444795658268723919898740121765873836328097
30616725019713289819354131122738236248744002962706037526504076780584807117971, 27354666084738338807612327719468550245449239187934835975309238055823704426543
19705469517827683694455650494470512406480426071096653926234854076901726781880, 75629690626474469513910820331352692217904614361383426827877676991821451891816
41034437170702237895728381563509367225066049855371116816705266972421534207323, 35581545287837691970158358190375140059360225929067643565484023448426381186927
68142431782771092183791123456023575390072667931460440863862417381893230858721, 67914167484614772858937415474387745885062000693890125417532221802440691554405
67772284846724702680441836092149924368094878328778891849085253106194474582117, 323167782616959826457456603800102357454535870459901394254642598294499321263
31597230933463820562214597231004618974655478297885792898304521422826019706936, 22409970876402428836297754310301688950179991501061653273986253345635531872639
57960006707870087656029395148809693701030931705064780303379995125903085599879, 30258477627657818266658752367504535049043923507686296698789720656386470161825
45367496750718215920264521301648695997396555500592450031742966956947653030927, 21262166066657076962845221696134298492833996425729918924330160027401162130801
46438444699168078339567198879531436516305772732777109468609611972917058267843, 33905713514131762082686152436050420119646478287801626745019968579920899448237
5016228156678203510757920470030230934648919237431465333711639227106138703698, 7195520728962496597539025323847643245499651369512491673493944364063864284966
63982160094940971581098677057521803951716575256725975158784648045740974284119, 65960169672849922194528760434916025741494352153460758634111488488985547364330
28476227654097522719814739821470344310031270071120973616800066961083761551136, 53053730039576692583958744035924742906808569389532816056641209885378339611777
57087785025466063847274596530648361176548758718461261041474155308470358197291, 72709078448543189857973282067032961209229259699001657081069942572589826753751
45005521798932043548225436470344742044866429108443150688708125187674729891453, 51153822974404928836925530844937916421556961865616829376210576288427753509508
25333266184586158965832628199541122343792845921480097151287417627223502819509, 35012108082682947010979694116307073446171693257413724149476221707022192177641
11877277682902648231810861945039335922365900283927890324609324347986074795426, 7529690922471514649624310615099870573349893962039385249818330276613949452125
58925055799612949664712534724851593667118669195166421399615889273437816415798, 30899955410435914777319925317779166174979165941365066055751411802408273872843
61917571500706552023729794189078939243118206511217297326831159332808451909266, 26692888439767215042943033098601502446175282872634575221816588807826674690807
62803826988896814900585860934646152194141283374621236658910927208180194163210, 14366464349198795783138555888438905532462875038635993856581470688011524804475
60827421454747760561224388841155224125499901763218493495871417637133396447888, 1443849085575570506615303358118495321613447734810190199007721847145658256112
55549713339481188455363200576421641911029583931804680868385184041622257188393, 45796976285668574419875401296912461525473534132477408367898245808515788454300
5774928125155751022115710451360250824764929583386677735902523147460825661972, 25579919997027025972202153155684004425174053875149336796744821366206515039736
75095038629045122293229646863281094335289872367638649114452805221088009576794, 51262880124427429558500254547915519476965161438854804612154808488687894736847
57492606681021811294869688799109703415014771211775700201300773266088464792216, 39239654432355897467549507436206461270072187378163364693207950959036183196937
52177477927860167759023671404870415826989799767712087619991013293299651153788, 69695167928055529199977465398332610811570673338642834050550880268743239610534
44929734713978943742198008296321619363697235634916185524788391816249923666472, 73082887764915178384732899848270914719019237466524754625068261603781981522121
8704787806425528714165868498621801897302003512098930525384973487979368875893, 74969205578233229978099804417532293021414647587183847941542263737664650871037
69411325539714989611737016974984999838036737366387526465472246149654871152263, 10667555171388789571016124965868126135042112369003428227588879844238573910931
54988853423529022912331258623806315572869683938532239895112253465733391940668, 42825213457625088567200855675396498261766129969777072410587478253881740536285
61170111385631163412314266516855530662268897572152960100540653095526286952795, 2774447969622681012467339925157468112744743576287584000544826742545706858716
51727978464997841835049537169521598551785794406014655683292039297514919808235, 49872182900584870432367353206869224499644404229960342130473960753444453144859
57651721560520812267146736793167589948271053425784242186829317178684450950248, 54719368022250899784093890340900818424843151222963984766835796948721986127626
49661258759148509300253011878790493980371975660992632560503041096567010728482, 26504573841747017075771585553576909136206444933149563250015273625236996696718
29236974175461391498288201079534388815709144750083114542430655266153156654553, 76358732941988062935049680554514434498163767249341806064435629868413406024676
29832486725472565733770480313095939684216755356602446771080147009250058902500, 48239075808671111266778400500825081491797426940064110217834867046856256288298
22469276650280464127815691323325557546801966331706517598743087478245405504682, 30094671551934076416048195451483901821635333837325207246063954021111087051869
30485536964111981438561431111416425334592042016888119440550439011706399316525, 31526128093287493830192338402619754116091194766607332915811565623993023438592
16773811780805532245236515252373992102442265094378573883432852278272090166863, 10225413389439893288018248055163244736430283949488875409039092426672920052846
51800075639647273642329420629535198638202382224741334209267259172702213069957, 56171356938104256275231003772621518190765618862911236796843795362336806921290
12512748535739172718078891762758084081047321120131899908879852679067286279594, 46152193519393522064619170997347963629755760203631028527138396715171267530869
43684816731940526404372331292796569758534442778603089347782052105500096049384, 34385035132596394130033523733537920316146592511545559286813376497552777508543
18264146575047519391243882686213756840970787696079648967276587673731525658324, 52844887525249619570617352485322679927369269943262998506652995173061835497380
54475592253729160973159750252335195568125191290999745004589780984256455123030, 44007740698745440790815035978284769959927464184655006010234171476577955922490
56467773985483891633050284938060612025894350560026530768714165706677162914288, 33641199322274556495870736295579692676238891288074648095237855487005229361501
52043679761663273586011159994569962845989993456556242953832446328135810200933, 46772695043196471141094321906049034777510747739627914271773798806535429644638
68379025420268618408764913691876087477521009010757706744928104046067797893559, 74172811684641211107433803292116191776178372954600506213372012146370886050565
17336776631349540203781400141138576613053988136552802559974053342587083409023, 64549579355254969492513888520983439242902986277164398936027279916945010668899
47568758347321654414712203004211508089900427101713028127344721018752737576515, 19815319181420938849815942238231304301059881680062778139264258201662507294012
64150078531352448916387121192160164306731788258969980622943546382409369579759, 445215765943776242126844798599255584750518770294332022366924745704235704282
39950854289572714397117246853584763311687450769142891139982949040594994418519, 29325376827388248199241256460361684547983860945642534766932349298939753339997
65810769474032246234936157804265077473822447108452087882226164793034908932971, 68108873930378503329854491355383614262912471159074402133127399587623767819841
74804346456088164331495546708392367215243499464687570616483714560963843147843, 60253938400650160255779186570864726638830847803839744527541753721607686879897
58287303929338547787252939732455627157028117749499586751753891795873209400478, 41834441683052058711128784291058784744258967011634648965043261633203911238599
1728799799599551393446896834090145292426379026305274357387378493715289197243, 53310601253617847197588976383850011387196616810487452041807331857599714441417
47724262450331306792205139493240291685446365147282647216851401903755296667397, 44356540448990644421212536509408731411288515456320108548252844587664817587936
59024207465160161804799187893203277110511705219952439742606378503312900482108, 6222758897014972152456333129498474842826440125114419322800412081095514797508
3040992936762118063810891878325169799051169803553535524803695389793572869976, 18659990833012549847512743496188651473170137770252116678312797188186816766888
31314737015039269701774333370112375272079495791155546375290810754491622950918, 50171577820142532758347235272283238331676293520013776342399295059554985121284
25237352210905683117388399118035320008888454991746324845667549841909574090103, 8183017277920245713879034406656484730801202411218852415322292276949699116118
37584035738249445991928924531712633009321944706922289818005277472939381938130, 38881036506625479554507676952954105422598411053877200723510885357335398829350
10817886168098719816674665685220331194113976480538489201315408890718187238830, 72408077345086442839299558753885612694347877317141906876756901362822005651145
60420193404588166700866163498238567905478817169673875933012135485428511429302, 51509000809355500535244193067147586823228651993036951392885499059911546597320
52678295732994320505649511560145168523511978513686401072834098701667675002981, 59751538656440532875752932068777443994447132220510732645102707621441801009378
59359735956978337393676971959008369230803783774414642212734740435417632480996, 62832060778026593078362370080808099321599618603456588718413786245040133946143
29434621355067816096926909716632646794949988143458964579920202883249534892577, 939175833819971353507043196335858558779603926364599964508500670560501846519
68274722081012054221116590484477875149908808576879898541337244612187018499253, 2837130801527048789847849608201903592586556541660016026514645435812928988828
5397689826528978943420731242348495899633321306986107074613651570697451143376, 69355685440071096028762403984496495804498280097846625015290328822992134203261
41122912825201266201530402776230597864117896293529801373031510834065864547848, 50876526723088347471965025920475725547878323408852032923204758255598520834209
34154907087090026600214999324390300684595409883410630884902997955617557324783, 415490176558664439010163120475311103865137574639530698673054631739444288051
13507735588789306540520749849262541275671319672162104062171919890544487257364, 64888701001502288558194269062822219532005994262476287480158952412025689973971
66653739936982359879762682520050179735424068722949060182214057244193102422009, 22288163789925779610728553960065425287501778519707439568411117546403514832743
41291153340519211757993616623249932306302055804560870118800058437416906077661, 75182294847069903557499284291006759111717790173393329787526940873834556911469
54272441529326729354215652084666485655169596477837247004195467964553725735886, 48127056480588609962759143708524983378720811548659436530772906017898218180801
22466727437784598954070064220073087831458356320988685828006155047733421232823, 71470954875076974959703989126071706551821196274056569127948483080420242550577
60891678672456000679710412401533172622648126711534691993650006149970538831386, 15657347030206923990361709750792280518430094514631006720581198737404809659355
27873555159821790909702749578932614381905931177782825014734822113989188548967, 74102158834477706158963309374740145392913377049968327825102560490107231185628
42887608418148880710331498152309315670492330949774569809133709626800099855158, 11037749441255380856686480478471999064765874825429717291174907872241916046382
63915776142397335549905275018417062782979163157699284686103819690333679319057, 62217643318372312537841238108090170634656183763018260465159394741969774617711
62163986809189735078092491459071972635759970154851788282269374305010284974843, 75101274187246841698361635114898652470241370871134800435344915440815363285685
5467475959410582397620330342821330777324328040517667920049638205445883869024, 8306040862380561169590969404962028257929817701271909534446027017883053907333
42153523447415385645207653418668565161136192098603196032216042473173039381135, 68455763810487492384205594851212752785756748511505478355829116708169510440282
42177311258528112677496551754555123057485960274268305312068564989318181383384, 20253165822437599921259838492070874101728937881900969551809981910364918952611
62217527593371088528084565805589919677643174980265284085344378876658509018625, 69845355523491419653829791362552545689148591343518144949851404348844248962125
41755246288964593397265342466789827041969372852121704110566659297940058652586, 55655193999178892051013143954673438362694517215099856329757349882829790107394
13871565827638328222362954492762075105235482395026183383561240821546217734610, 7734077918047571756313385869466998312212971466185678173914509845190147863098
63415450464875799684768656444722649219286437891390720652787623069537071203019, 56434324476668366544564229464427554650872096964495667145579103629324527852871
18212728090459849135480216954370011763854921373039328469053875864177470707454, 40531320875319819132346297056864156884194694559271708513652282783193955981186
10390887270827804008589509231513064163224649203290646845810761651395299088890, 51033388545944874116111120793428713604010256874630062243717772653991333013697
24693164492048954986325692814581943125224517990564156114246730185822788432857, 57442219691435976955001971117907518786462330188703267913810041966982406297666
63737266459386587149614637066909136689172617505840583661926537009297348869845, 44665559368678828035264602146391451891115814646373095334561770722537410031922
63183110176760327654728382442059432916158851421483681102073171810072974924588, 70764856825929685654394305885340924688702943826354531318411655149179968266994
51138934068994767433890631576458304206531512554256899583324132450805011546239, 48316486719725714461554402993970663026398340881176685308295574359575101816496
73647164002964245892401818773107252519093927707563041793691981983091347055821, 27798615216185236829391069279126098779211764625705497747942664465793929769950
67599762903544777534719413303550550564189433929074050806660740907017758839622, 31178425499099661676147184861043722263166120475876496515443670205803131213392
56611743624538193403832087035033164742391657461213578705903914579484831979393, 53525909723102247685316231044862097060743414741825532999042268856978825553138
26764303779113759733946194599950236455976713415264574416876062788387111453518, 69844579998136749641990463033780081660935982097418949968211656497964057103048
74292830419664850460210626534796434564163507244343224375968968072361791514049, 52785509632900056995538709735381255595581661763817419687348446822320377358105
37461596570720530036810799065024480438562315663264279140272145158619331073679, 43487231212885063154816854694539012796764535028687592922251343787536275032735
6319068431647543546589490883449568707435870639420188127231797342619743942542, 29891032318757474931411435824685640376550540874104010238386316207227095328597
33872803378421566340104549971501900364818778253894388356640542061826471031402, 69862903161027347111977854989082912501127769281016165767287964363977077725157
34181393067362163954818094542032524585543275638064992998611624894659034667131, 39169622223570536776874595468494492094832783638774410578274457589670976764269
73262302373571952399279773754975110896017145132558247562322221809536350820620, 29290198815801010387880975324451759713877070756004702617851212928928351101690
44937339534577726642610861882691969642357839574055332756598793367737302306301, 56388185983977365531260030404749994721819930077737371704125644615917661030329
53236601152409080829311361600097768441544585276726487828655108365245784891355, 58783373882259369154437592659255428519697089734926557845971444211892099111404
48351659409460554665719304038141168848642217956006894651234892771471878885009, 18697273620953713216466413123494249408637223489131737926807250058122731123113
17778304482869188655197570507972130140813640377379448052194667192503062152120, 18623124199907895251844636823979468493676792715432565203774781121791954359506
23690651284376677817844226301327577174388983349144594318009337861925575524703, 39179888213734981937922899344445116984926357763295659912617828552574397820828
52569394567306169323653070972991264990218580353034637015778810128969333413404, 35104938635370500412394631248894041841003031206128460004238220686367721506048
67662793544981777760656214024323723495171149467967824010068063214753805965232, 46408781115176476425673841864248327354143498450548828970638503106305529387158
16713166395676460477400213298032800754706023159952217868942706384028154096674, 62653631275142571124272334069951895797053997397715767406782331577311294010405
24411287904084929050444232586733135143066867908150979789332100610168791173396, 39370029471142920102996077268101401619175287187359560217795815358235997021118
62957509498556804516587685076948032988232995139808559195813590924401707932258, 19334595107104414380303104834453988199688537790160786281943442950372608165746
73014446411822916192384331695631354724526818938636039412412142721431530834984, 36439263141065964463549344538800777391736516506339351273527578480179815699192
26349822433123125580452851448302285054220960372679005051254732183020983324787, 60782827490118376779381560147493945683238491458237733660253151972170039655647
35896399485934189362283899753777643923912689431205270662618670380253312636675, 45717938065427570156437454628518001575088805711304804934309495036693057984564
27596417779404818159121115505817035298212966278660468020011848730194358846940, 19437850641174096089266823525427125316907194348914848696524875465942892486287
66844441755109409008047957818048553012817531233329510063757588559047157557907, 10281442981592142879168556833993049500912048154746102481210463603052062024638
55019173922501299343293886404159704721060681893265344962379907501880183962553, 27427831724793271249180777497810876065961098010465114614646297046967573911979
71488068765881125056245902449974239390831929139119157236902268440707359553171, 76509581018881040765157012668982596458853013568209179855562745203688373247627
16207288693948329207071774143432735999372837084434521088416865138652221154197, 7597001094807904810470650553241255549014570851748035732640332717438302343907
30396264285157635326150584435678956291782070293130205889018967219100983326367, 48003377551592990337040344678498722070873219407471419436426364141274431347260
1945062916624384597516811143675091502679910272367392579381316523722415306681, 36913291192167265271699712992189905274971463101884837396729322826440784068871
46770633728371482983213128344069615650120321712780104412733013008861195158072, 60908530062591967491578823900123237361165732373627405402376806443900036167754
47218006421519949523863834548405721828742973931364218554097701480869648694405, 39709051448496920499018260659565619657500568875196310692068654334188413071798
23470991340114323116787148362233520131221210992832997416693040420197512889427, 33891655500189563355229750017217164911990134793322367833623703901011074620771
59087432642596177743196662723763052944764060392739994379304234980061422036695, 27479876502475935935705211511834094837927300649835152027284878741471756783971
60702007951191981183079259255667018813764314810452954134189990142520012916535, 45486037134024999428201094723552636477386161114621285250829623742241151459743
68431168420113945073429648327020742503193110525123429870675881937850746170607, 40496348570726336129902097087324216340044203078511519878583038734720627112296
862982638192371143651929386293236387875411898997334486557409218454234545968, 49774919006516218562067665371519599476443388999825292395340420930376747133790
23262259081716269839772073629814143921043058661830324552025840336311523322196, 38974117497302194195551121037091360138884844473294202794176860823405491062564
70740717940443659727638251290605895953890973120163454161299951611452982918495, 46407286796699421108954899028747426842068446661400987481394073434079185561187
48874800786918235421844492998673652371484633048286294315708522942243545353951, 65299926721907660519326658078621198344024752178054014551088656730533347660384
46917512556586717159408439296754858287475563183908820634907572227644611244689, 28827618711462617545077740724105133224805619355122261098787152289929921049811
2834380654088117506484672565350347487234522628164783932498522564827364285146, 49707113530964502091175952914041782472841010160707109637944831742320176852525
21571568614792673036957204640237363604350848701868480995881293350994910079369, 48710322443808226747939944067208123689903332679252319399949109813652551051486
72156991429358212836794053511655379148198574327083773167090086269401857670682, 37936663430351254814309815739331834292442741339639452311717780437570090632754
31066010904737948078809773849177901943301695741259088899687633652804670256253, 25365780869259625725327799680490997950563788410916253220910380053802349367954
32421042648680579268847857315020316005464800534361623408959591556121794420574, 35332533869905738591274814886378014403480659946131685332956635540297328456881
50023062486213280096911176607225010388276471074258207020117539834578694132599, 34459197072720428401321405754723149449085159023294791653736319709468679640992
5400241620458270043212052324723048814546267288663963914252361973813250130323, 32477106063545421527907541815028996022427813767160891568290193124149131829226
61574116083629320214172604439300707146017600623066578246503738410721022223812, 3567658060970355963997724825484053986356997033859155169729220028742151211450
25820018464357880320909821149757480147214362622729902369596206978897872872571, 47947783903861974037410973172172892607222073838002899025938972980788701442738
13682032558755038809945687033892897728476522676202083868112475245608208525148, 59685308319360221161028380941125087490041836613563629951213426256939470358366
37893780682957432240319806771294741137372363058288626630709589988123305757255, 74094546903343541477215796193225750994544845474858888989411038693477636137978
46255578428859091493510973107834243353603657792917411414932958629155716252879, 56814340525698152799460316894156039535514865685942333227206117619004006743348
8360577463387448294146111879040582392860835280145941291713252650212394328042, 12092431352609802739639556492837644988171692688329626459980660749413007112038
57741412929439794582725564809434501820989559389619831170800786180446777476261, 75646786253691934591316023342128497170686829746448856060728576746337174752889
60108296722519691661543700648366574591004546049810042356833606228271054028865, 67248249029973760719275111954896918424214297546381980466396718603178737934096
69933940573456542583030718158611232863574978723941013586433801800007973478495, 41609674167934387758673888698134660623579182699984865782487837318913799424267
69823971817811894993590664251132176958259685604910100819521834975323355967013, 64520020395876932359772919882626098382450692010733802630346741928081598181526
62211887267275708605667992085907547009129393032728192784450181261533954244438, 66960861466244382690481525218900842463283245117769298762545057697925967597801
62016518664737384481243259134375195225502116397649851303642997903102823371031, 26528793979275398776735851355684883884731291013203203076277047341372790963257
7468515889079844536895655216534058796475207287025840625934447089292802046531, 50168905586826917469194495093936466700894976987186939774438633537453680607280
61312754074063257370267714697403658719464321381263813529542746006144060937219, 8443053965261448788172637445956458078379776708575831668241237442292041795352
30781541579998159587309287334182307287742017203877799205563148617211399074064, 41085875406619091592150460802401679996736452315051023166217975335294950479783
41788782828435778369328672319945488108570927859205929613030498148714019081332, 21699740440819755618155299818066067965778599430270640324079041783096854847811
68522959677924364026484602830888031265126981086146827868780959638527168839992, 3023823888152086750774237071947435520016371459528652739164474121419967558074
30902846228300258840166984554101805190023393440466275251016391838602744173959, 68001838360490084796169327762095317379265825674660182886414103083941357268286
287382440867188902252723491519748960594158182340445538891190348862691710360, 65591857866001877102328709167454122826385963373420230118806264173918827515748
51090104246170846358797128353765556317205921980651318970078025650489398374933, 62151824805045527532081200350059000769019147036774663782751551175132271591789
3868524731599706091294364751313082869295299792983290961166021018642175960329, 62749189393213208951446127128781085396796518968888270376981796032827833661497
42830595975633321209864163032433191147604459129855618834760507075187269538976, 19172820465450445943803725482325008571307946274711126245609090473656377088786
67540928828909932326799509249002457716250392091147754186727210525730363517154, 36038490282037813547200613916977531920836765870535721918688977985097151128234
3366834619217508848753617232115613320712152928847331082239811846443666798330, 65947886614353524638036389668875525890037103650045222065686664485194281625328
22239393197288757933512335207381403459241309994521765714946240158091741459501, 16799403160783171331445581775066082513496866286279481393503917720854935931064
5982560428125544772565279082865650228788120510317649236661404844641105678112, 21943317946520011325769240582973377382325625722987316287079204192857246864353
63257577811484035478329906098103596147505150324237710072413025582566781545753, 7699715727809729694431161378792944537753248925916592506527067902680660534924
75261782324170894279559824894687665667567678051739693841379954947324768544777, 26344790339770934814963717809349543471897515233842682118552282332944444535777
41406669723170928745520429943294741964310963725870356437450015817935380291347, 7707949831012730909265484602969579374307259760460442743857805934397344565815
43764352485116963650111516206585173458441989936351952526774955882664613242806, 58681580499438855972582298925785493541678829406987516763794178422515491256858
52880345797484484349282207831882286137708014915072715961861461309597699054682, 13773604258001058754261253954198252132071466170454884934310056474974155430135
34838531392036943329314990472435083581711120072206750499966178363774737134616, 3570071315529798864001861324661349013981053574430235255099045400172532030991
69414892741582106041638226011335556197188393739275533132990290499342640205097, 29420397592070620243991864293915864680530407333767004245340816558222106428198
49932633216603690565791728047298925960436797115660469900066763258400276850341, 49687703161877226959126027993744589999573800471196119742896638146649237968600
66470327152843791594646941194757532534201321547110884537871633786971010802962, 4716716966463868056929348743038038636979369207455576894762596245806447775336
11941333300221833126111235786126547846981328707691003464262854959567384363755, 40315465168024243489148662268786351511534951755663873412097087970228775404919
25346421205297700229866171649721783500503330028370416776099381062691291950789, 24508194348302904062866107132584590573554330896671093296535689584381194174637
37679729897018747009419044979420777739259543606738456805917120494508285862204, 28276881936626611222842818403598458006395402390611987501644406164641131447405
40696766860875328948241906941446956932191923451206552961002354942822782611285, 3934925490449599787766647150998831866351973312767870084278968122788268196124
75316651797511061343061996215274212046190327513947282364164837745893427399781, 22056062695781864825714779119041418326448679937413537730716350910409629225884
71334495810237490770648604998325305405376413833740655587491636817036428080207, 11948562988139512513924435781341290849448033407324921480634491328186667500027
4322216319215576261787812665701083366562294074151173449167399619078251994819, 70746894030461674297038650696249130510580893565490990494678410081187685835507
58840190124828350412253520783563522765542575408308642827059812031177687864760, 5625458111748917757515773001052630928646702192911029416106972388591156279135
76375807477078826431290625452533860166642842466128181879104025353927182285691, 56660840174295582870513058292105656102336966580625297073344845781154824310474
