Elliptic Curve: brainpoolP256r1
Field Prime: 76884956397045344220809746629001649093037950200943055203735601445031516197751
Base Point: (63243729749562333355292243550312970334778175571054726587095381623627144114786, 38218615093753523893122277964030810387585405539772602581557831887485717997975)
Polynomial Degree: 5
Polynomial Coefficients: [45, 18, 38, 33, 22, 58]
Public Key: (23709758183220967924746567327318447598850061279077518612756549300766484510391, 25990659238267544827718030703267481235509122461604065451148209259736034732906)
66356005733213339124485824857100071401964880605539834064565067652996229171589, 13038151932307758674882998401956591518321342067285405046880181097592650666263
42690948893597914172792430064934562523383171633770901359636912381701469261463, 36967692036018723953973567728693438537444417817228403012170357468683794034652
18626884076812338794248411446676400112085817493428576272260998138487141878977, 39362875749979380531329137666917117718044189361715085302391888344683866546402
36342298365735731757876257160271161382384022018294570112116464120474733666274, 73877824330098926051606285202193942180126968611660825020043940616387168236749
44629255709882082882047081863554343426478711262630241869824372343480791429045, 8274335337269504197535450770055197751111009390079065647442046836570402137111
42008707038013976535976499253818352878486641595120488844671236775552226776322, 12982840177047739386266606706966489896067834774337836883312364255243065583975
33306730701519300538278645221798141165195306291794603692929616161542825547517, 51332564622160989625907693108074257019549620895861370103680518659877676445727
59705229684114352945108525516440560562708916147569815189677964080228999400479, 39343178794049298485986831611270106527760948492705279740787969528301375187268
25642631507767815422288347577740463263868978386816620796539913688662890928663, 24137141546388175416070330075419338270958440094264285755775783450897192767188
60295627160783655680730069249551384623978735005200025837606401783819222118514, 39990657798605944980687495040594868491318719434524447366596252376148673866621
51725557635932936022205438315888154067638957718169822568171550776586320583964, 18603976320584077407668520752476030440515480902761556034861581141354018135153
40161193428145053710299492745178783475656747758993077961393358533170166102866, 76594082254542632091353546662751511549774871120280662507598266415981959384657
30044163046469583506237910584143944384319117334392403558270995925654310144445, 7643960154066131003980590759821561981504224418650306341948785452884774271283
13767289043331522944495934377453808160971308103826659260025940334766627696514, 10504486849944127854394180264166223234428066176278130325830635926948440091429
70715474651223201995298195453665562881097700507775618233548050734923733630060, 64213564062128162666619157030787272367817773968292033308484444189425397274774
57253487183722686487572157463217370995477449387433263649253567292183585939366, 31296505086904739266957089413173326323903950337586648876338124935308120874831
55578498867522741669023793412360133251921427206847919558879663852214151026117, 58523655612316683804152472348727794982878021951414523565913505897391767114898
7879951655433821968656474168643911513969329951246976991965584890048904549203, 23167288030278052210757467583690187629433268405329405115191028930922559249351
47735277971469156492201741300855451372923238358932636678520645248348156171084, 29996290234879735546462969488545456317632086934714777956346616240171279358609
66565090344396708646157246671966108166419356631967251737982612344237349401470, 41387477955403769007679994477939948427696768775474232041339726787475225537003
36330416842712775657651210246257739187259536854453486809885016621464618976883, 9768115332590317221583591863737062973634377955021949919011105978482227116825
27761408403240242652419063709291284220644916988735464309367782630665333540179, 73905963997639290164685619886549389765499028838240965690200850550404370980465
71509105791266048125926708308328739285561423175630210716697468706508584571223, 66723007852087948404415778493538989953368330641561795828372311932668632341260
18828918485669867198307102761030654515069318594574294601205023357450327033142, 24336809486203142368088176611760172389078722563278960548261214186442595258917
52881287518362891821831107861814059029919923971504278062270235480295996624544, 2748954287040822876730357353893941268742801558555583371920605227720727465097
62579881168481968325189466075165194689799903619410955595270252791762679871622, 45975403146728610489535499738830129073752099362547039741008898884269635050142
71632281630859290847955691073412363060637230123386660972956812613408647566338, 65029068664640449021726429593636270385563796374244471923584349620951861336987
25281112397244937355930285258191958292011735964665471395975668861194018939142, 35591642542380345083403632177448224771529641432698187166719920121470777704669
75407576069512991577539001469339237509578916394138389817002213988419564870773, 20421999392193482533381552072955576205396024018711666680756359164393889038497
15659542311775650161382744781551086242872272044311528191401495128911702718687, 64240884684694280851357994654149691278721905675526275151579102857230353386458
30308171077117556534409848985149023072347006411718861183116015418839023645514, 61881487657984289155287034339870160280331436887231360553396121949933511280400
54380190495553754647868937409810531850277069004636912847620337244358102875400, 9021000939290448863117950023309383160191729294476715308385313729983264138066
65272681949518661371946845840370146497851292466444697288819473684529996273633, 69840814288738952623284408662562107500378759035111154542156318345520572957390
7000250464409337181710209667806867257687896239178240085739299632150835852224, 41614826214752421864379522980465284296036894454155356023999222195289297763395
57470414485610379089036297560076143465409261339585542255593066187775463095912, 55816863506390734185280364185667697603962145084989438394707712527846917396959
42260132525714044190201152288414975755470587959645342248547580208401777898712, 38963711401997258756422881927588465959492892992705028012424079818014058674973
11526454129294056378330733103367942349190152583351188298645700693572626295042, 63699303524153411492933459800406199376184914112640567390739607308366577263227
34554323520417466766862653673152668051739922998881137490188568871748979208129, 61743366837618035104963893745663211068023945497125092181633638996700454761219
61742873720009960565590934436346130034590220218808430832460588995424547237152, 43578718918372379983045670622836212477669852084667601787342871695842748746911
31849619005611517092777532206279463474964903654582991985963371821764316846546, 44372565211833540784260966736452233755906252177450750778738208103764148679554
74063024603422733900440229409603161270972884119898816808259554749578946466440, 67176852765974878910245922049764697393577142928857867826755571148670696857105
50080552572308616208823013122299031988895695492317285431931873049825039199109, 55346813069263248072153179771736512949361993304063201629407257225747986697622
45635927930995238395385801297498619710441067902691214218901414286993598250134, 39515484242266816380894379357214221876380507653154070250162090939278539514828
71355113987121600733647172308059038965161026012163663641568811135707769433266, 61969617195802214748122862492372316905798698654903921181783473937239704896453
41333659489791701280404275636782684449524459169973013280113949113655266496928, 38653162437889854051234008258034074071542738162473569070308406446821085633365
17376863992867085263014780112899217251484080942120175757468713205235618787670, 66721662098398063972734213213017824020314862324446094504739236242592990071229
41037546512467016030726177903614073959897457280755957890452272376122751796986, 22472014811538823917385440490172193373913662512913968498063842572366845193980
71600270147744231572671177602065996982821595197714447236028922466968743187814, 51167609978565638229481446418546180640584558209987550238559201896045677575861
1372863815329294292359835015655841383558240704938475935508883566898058049689, 61582377194334670640295971034806310292568712560123687291218231724887103504772
63987659669254445665759111967443687252386442570752382118630471583245112793799, 15282021056361493391419113715802648613168000304235249827267598065929493585050
28638561832640012952045840927313747107649002103658662225179369511636685053902, 34647142217263027378409213560273268615369127916757521442001966638091737629426
6008372730006735906516136952037293531721905628889409655661950671277014196787, 68822765250493893283566306051448582555689534886452493983107258808802335631268
11967161384583776861592520599899282162435969910136529025624154090467155138104, 22084969794746847623272270613748888025678818657935896810173609138885021486588
11160285903786687256958868223142087568253360797858192335562948886127044787061, 66240386146487832219098759451461187931402626332961531593905123633019471755748
56226867944027789070307605279077107600180170817136366980470899957841568986337, 60324758836315478611884530527123875526375772738086433407802422453924568012728
38691438601527546203285705142645853263068210729501826682030525584517937820892, 11120294350300872152567054897814327412993949901659210422714492745132296332456
25389267460761665318029476751072296585582442160502017562385962524081533437375, 76052115525326571119627856738714375624855326337907002866486672716559433221372
40961984601485666911286235655100604950512386983127629769348037369071956078132, 29701916105124599983011788409550062833521014020051999312665096003124477490679
49318411857979184494327452661142078388906944138807577251418728005100256394452, 33198102613720809267105893522229762511188894101103441861973809459319501010022
31865586087643959094593609636197820246471477860097173303008377474373003132981, 48253426071679785613725102695206071990507031866933105868092816758998799589097
26241646274987596668163821129305257336765118350563638871357500233860189563782, 17337134775284221663583708005177382489678196020673686047602849424190130358943
72151079749020057496315595484871827203705852993781476496638613101901869909399, 1723681903116800613367794333772976094499340119610675818852463858629653303207
71028454240300314417615732298613422434440044600003407688312191807802829902311, 33554378106438819864935223902332224974763499063318103834194703962095420962269
21550339976859511856621443146818684561846063976936143888033397502479388073487, 6939247134007022486332602953777617400311804538043062337218916697938337284294
1175722570151827363631514331693126829540983014446425311267305728957831311558, 16549194038229946232546875251854936557913144050117455899840590395380428632437
62013195246553740312184039076945221773284201131635768959441674893571195868067, 36437684457973277797436031894482064825268703095696252647205397219304433673723
11751940257780004455673856464799585320128376655840387124643582880650144867479, 49599863242466262667219132706608480342609292239138050328903976098560388331043
12210039688583662295461090824049502324351945216120128975959651059990218421685, 67030153975127517519075285549675072235531316511999698613543911465757097760702
56777272445695390870961100179402986228560783155718597854080384739947970720048, 31356207038030867752136873431182283171333818050402928675398817451944759983020
6773193332830783495217486558757985325814226813243806915755958515463014050964, 30716737474441518489099264886381897080901615524531720613735807783798471584653
34894661548736100817257037158001065456383051974913514331288749515060582503392, 28510193979907873592609187803899250854132758345048064264988871435440853816067
1091003719074073607822042671197153186813553539595719513154479825889715431685, 41508601378505325686390790886054866545775048517957711973260934864881392558942
51667757993228848956337065108152933006321659653522787305787089112732904495878, 50850515575644045697377346879672324402495294887577788684955190455631093812616
52926048873343465342991791867378750626955622104864146337214447343438673284116, 6751707749967081078125329239502855498232801909360247409696310182417038356705
48125057196920598385094256807121970863562862098361770678199245682973177928682, 49218778466090116345335157095454536182457719342971194977759360369510339793646
70584105977412517632206103318219263876176631240626498937685455971328476807229, 40036199616427099939806000838723510813648297497632445535871302111410080802760
997226631343430965122622404731778193096507691757843808121984535186638867176, 37702840236281899172209885650794269911230648642107991654831380793546599565962
44630279300348965063590748539024282097183516201677627132659760722945859657967, 66667243250836020583380670447577681113654063097301284354958018676336784163753
50193659761378207333582159995640319615761131202143830714719672250286333402955, 45670172162879842764802532060771689559281750449850769227634830476820064238364
51767394807788869804306674523861644440763659763794434206835449471140720683869, 17752988844653820647968316274044146387615841200998759864650982120657615385193
42293913119441456364845183592042257291229773815128779805520718597213152551528, 53384098644878264238919998305792596953359132870914778293748967716252038907890
52036377184883163198983458030767640358513884420901763487214479764869875544297, 38392139188460685492040517810353302839222669202761160275799412413526592629472
12729277417229487134393097526724811005062946330732146732973964631192652512295, 76346065673490702351164102609704397411710092551217863311367332760751846300614
65565784092082540653539467611171089525598606210622800543064349578513192020203, 60341841543602431344654378539500302585888504432824956259348369996202288386225
60105472129744837113477317301901362497652063432612838258342248482604693165872, 47409263887169883931624536040326142087873838786165531409131821586017777713888
61257612979083073179166704455833193234045843968556690023084244895311039268057, 62547056326302772213625004129571684592904258708878452759052140264586358567303
52241110705130331020871367255477900598654098546422891493351875223237427670937, 5500275515847927801156566552492602782808824247506166564025484036115944103187
17711681234612053332393346618294507833246084750461554816842334562482739952786, 59489524721307235761633704911863775922783061927221027550764653380079485576335
66305593179986638378365231034471029229925378035839825496155174922581867081038, 76618545053860564957350732557445887889326380111496221056587744411980998669673
23637226704436481401487655874651150044978866649501092089880738319677311923159, 19213866805562254074366582609733867431673014958514886334050885760402294772072
885722778359561869948998532736072821523612525095845204520351448438159273618, 19223214434215957640259132870591476308515874215274660780233982994733470572115
44803320491878638556091911319945686109484803188339925751688376264556449562791, 66558802811606214076711147903988946486019112176200924102080297521882119322643
9702948788240701239198251492956725299763416443462117241594796218212523955129, 60563097323228105790252873024165317849668401809974801120959375835502660960163
49521373482268898047216346579584469461812466240527103109251612232996836911335, 22383772451258702471317884070290077012153643168645379088834639817413376879389
21286330834762609639044658811441760690602444987713427184925044375431959616661, 66369342323735714377765461592565005659233028292349449576003361536973890170589
5964437539729920167828303547569002180932491720887238866074807273519954103, 61630316692112891340144899560828712576611712985724850039795724957805899266073
36123895914992845378860138097620194772141084780341009912494376200269880353019, 13270184768602061579518288646163079283321106540198117623797157745336720482984
16473110204204434657994175687528433943017511253074329940319249267458625687175, 71936836685866957379993519732758492279256241613160025595423255573459580651362
33234224384063961457072549862169050557285384903218693920035259490281497526423, 34441039427844677953821265493117921455336288266221955575832817206331245098499
39170528066496201998837043103326666307607514189500149724056920491630331789964, 6698665337079692378469495392274791671218494352139591215697987019958097156320
35520628928659532216142177510452001996581373747567668862035995201663164453662, 47116076056858169437997696097355109946078052461913778931580077291946027442927
4943124583191801227132092082785491045496687171263079726055952685327768399493, 39064360979051597537364407640021846932493800923070631397578577555935667620511
39798878112463279498678603477254362144379002593305902249899775437126453462410, 66012364267972075607468171781372426374639925503120514882744178437816133197888
31579233703625525844286437059301917467158811265997894185280742118001636197528, 33022384790685261517581726087647084465797162864060857325297796834708431958977
23538275696823597311276196629222969115189206560943877037299289573866543227331, 17465611570569178168988148133564844595052515946081987877739750299829617623268
45540332109240291266949958610635520684848865690127145662321858349677651242828, 62211379785383977517210934011013553646692511898430029610267025695649376798669
45438466355358566487965922977311049135275051209544599621074189509077039392075, 13051850374447721340850661096851544009271271687339151152432848089491173175887
70543625189388201038779679111850629134201518118301730139202464911604931281669, 23264670083942612128217472890292136528382820305417583666150060194169059159980
17649945445711290682733204819303521680008562718097760748262342876200722961498, 50745459567611243753347225380184206624002023427373328553034627969134325446181
1408446048943056551012177313782012900443558735087218433811416577481001668221, 44355987635959355733065468272327992687223710160550175147059623641363734948207
53974189229276585423535657652536831102130824342146171589205961688738776651243, 18982309539648335386967033409604073101796534620016854846319244348789815162640
40764390195564300013804007137876772333614600195586545745025351862869240926090, 19935342450666388719195154821813105678297394979797650037377237346539931646533
52226760275198935943715500639257005138638113731507827113247817861563147107829, 35512261459117941141096444962301448637984833095491480190637957257508388307268
52747866289409258011264879674295624117861811120514419182173065023031542964113, 73745148894613311697594032457486826099410802878772154165260943457041505558236
12897793784476838424016611673696265213856430571037488263140873761923066647744, 17377377960071462388849241270888455716553107962464004427464300415478993563894
57022850820272143394331903247057180788423430063681606731983948768096469398170, 59056408807003401146583411561656100127466432576294876569356192310773481286594
50780187328328764823019833807882752095164468399033487414876511269932821406726, 41332891081602009976148463544603283096557808248490772017490069638178131232756
47374282811292605658801998821555440136345748355937944331657381528437839391180, 33015246419303514530500036006003665980617339166803564434842374963901456085242
49250221764447630662402608115052678590336652164767967550167233907005962596683, 15854918717146903850681474669985427636758996168491489794400387287891321897763
40216048709207972848339748352914514700308122939646755065924872158457403695623, 45727661136233808545231852528726139155661653140309845130662150584817468457591
45782374215215253411371256842687605553430482633038984695523228136689574466641, 26871469500965561591114088674472613136134123942861169734439881816294119132795
1885471187214892909335408548043740242399391283122064475221328554429782107912, 45583946818803027797624138136332425838884583915145827211005057446164826782636
63900097666090585266081222518925871025337574852795004017965996857149008356458, 76307461359963332818452351754852133128861337510188025158313502729998852966682
28944708180209000263961494154018953002101022931920139185907948156154933719196, 22850687819209517982248633834762895732076675746697226866399085327675312146524
39670425142110597641453240928438802193776990087636414617719218255784512618985, 24080285925929544023907069962233947947484026553879258771655968680265253752769
4803813663981415223720694974272796794095436913494717902650973752914324906070, 9048862161393999439957232332688149075677515162912333847181134755980593727016
21388234092804280686394680903958323843435976377568313360907875049050315760439, 1552647148262311431393688110092417481994253149842981145504855003477847837131
69029131488862118127719491347448594537533312736235447183620773335310902957497, 74681717884156318633213346640233585718107225437016337698760773670640491267449
73402410486305459155662405936756931679269941422114935619895362604096261794450, 11158986216449770343305561386377553332190869901890535684206537648567211049118
58069385003593383116497502266875655167691880478668397482709691824556372853037, 63229114114869203649945801425043244751510159888843519299848499566760128163055
29107979117410303610363503041481625683804381477640168543734167337556442765505, 73427100978411690723590343280422848098644286571773393945775231592066092633058
67876438532166192892816026483706714086835335828412139326810085923439250853475, 50233711943000018068912291386015321634755125795856987403150032376246387837772
55495831542232054433395735692040743086646293512162811834588486358478347883569, 44282062393430925513561286312908063302528498749594961041728884218084724213535
52293158728082411939761511145859047266756785058805283015148435492757623819277, 20078918434340311774294189776498420366532562608205520828011928928923317611551
72209339638937642881512231856378278655615395382853371204278772918679490719343, 64483231398965126744789123513808893462644993791687190169369153774989857740274
583677316175727549272696452402750689793129093879227669532830768219598134629, 25576966266909623138185128284776761828093077437276696098275166688429430648123
16203477180861997920622598722491471958605321446879785213735720675780004859714, 23106719542846578677186122738876192084547738626997312050413422302220604682931
72125393714409570334120708517765552189396091590443748250852527149427488528173, 31799791796365850567589416144525904391422526315585152649123961151213477986647
42944936222321606667714234052715302295705809485361435048679727071639531073692, 50247371574249607979223505282028918161045714257347191991726996438771295032980
75595693219110086932248589988946908100049779086503641782158445524199283484000, 66491404979314540459013839512350710112142800539857070868120484027066885768901
66336062961160390956017434119145012254436253594205382410085427160601051569721, 70298720525174977127071756689638293953456193603641692030691691603326713370548
67087532529393080439285203623201769327305171527563036064280627946044812798747, 35178840540461880455867676237706847209436419718866434651605908904806365264830
66579910072696243522636797301536544099051262969446385506261659929442125275025, 67090487643947295442979253013161661169611090378047487031268073068243873805060
38292894453096566227652454343345368661480250252344640338993942373467565219097, 10628142343153592183338717403265751240537410150293095506706737178231562118829
2651134102526687426268358200055581200019812226409667141247602385925690910524, 37845861727990377852995618119480487061766980608112869135891564401456429621436
42218852783834010613923219697154765634498053570069472336575277111510852197776, 54349442307507301746233942198691796467718491762929439205251836376928691125400
14296504279343448926853865774049216548486748775178816295944883533248164531700, 26126594564688042511001202474226737089094611695455973168399624457701071993995
2131008255666660663384436017089138389020953911721122587443396504816617431249, 40074074449560308952119096252306139477940752132040948534767908598562815942537
65708437234332640326471871094284482557940949745045082693739456787458218837579, 29034794514578315761236712604937617412773437730663997250462820821486298118249
23217757706982720456560024832190513687359539113492630180225658434659279029660, 646554696616594495661552973220403607909392236139662329158674916783937197726
51951192756095177256078833223364502165427172429602088794022430744045577613670, 37774118721513121281992756074770368902675647411294779581093969729589658376822
58680192798579775162944416025453287341291433468756683535316831677403365418970, 36611771664456899428095090788391867155426610542664574906009679057923928316935
69225274146100015326107166251269880034143500036144968522868325432793178579096, 6726526372331311077861810551208228987066478592401559525350286422454814674885
40979570371265868636257493510344250703205738425508473663187866727891147242470, 53612046944901175297311709148861485067958008648708930813898428415713167836671
5407667275706735381051859694933514043789919871130654435936484068910395660317, 19883546817052325484438324511326354298356426754655351090437550120124740069993
14709570503703030404264362330800609346361313375181240179224663608969660414561, 56290644173273127336826910340417753403129033793606199956677201195666880891158
11060147539994828560550603855445648524450404042732237975969183512145635239568, 62423095668239979960108012497673083653615464184701016247646343098168710938110
76038193567640650785380290997169902249663374320923532033716912390905572592284, 62966332630420403499608373180575469961583188581565274410745547475693480051147
6805257437405313143360426143443114525537704156065947685429263213818122190314, 25851136217676037884018293100603089905286283126402315607465475124400783538370
25869440601315148388918981347659514613786122863201585243412208789673387867235, 27323942569633083562275087508997935062561630003707283725044498961509308834557
3712018936507513413930312693973111488631290662281392483192953437458678428666, 28532795629831709388732897313921345136620271177491501525362063198063832382421
6432248665318723629335059232198830081687963514349939010040520369898598108809, 18181181638577783581238813936250776024512582440504219583426232651972274635024
13858226212635337992765084490655698529844979016938443819595571922946601939307, 50690240573877464595774986818638907383205234784211302955500326876646229000896
13213995369573845766698329581701970177056163601116162368240413628233421024971, 53832508633111793669127341553780733368524534508598977916284958345435208811335
41084362519169829154758459985425979824612112894393204528552458191184107782856, 10021629308809994907433061739538036171787649905145467403754573020192837231142
61343440730220208774893055567022567208048280705597384001614330555911497979221, 25382996197762383261019071819407558158216792608279644741474843934710022109009
58849565427291363687389497549401604586026839122024783583545469147117213378612, 28647887286077139480518921927748857023810676950483634863030592939447967821184
25139503357675669096822068080170779666330568222152723918175874333931446947940, 74992750943167343315118497686888318479782231224066717241609321555069775320938
60043788281448985521647568581171994978598804326723127396225637932234890153500, 66799261127036802829767620578685146400538714496255325614755922127017698906523
16594822028338764072094521768765428824195784362843270625154312759419873612980, 71703288981565785653834720016263257860308730550528513147833758835174448661362
73084705656046418804062630085404407341048128630596773919535893619382957198414, 26218830139339785018701824233809063902326110682333477854047936240659963052490
76184168395984033307850592816352961530270069877720756101658277355206948759766, 76649320730201733089994562953249001317791009029630922850664132831084385889500
37322534346049884187093074553943540175648175179167809172556706893450970267902, 67473694311921715700324992102800213871520447140675948958592727242771820335955
65899652179527288609542034471805402798589457167521676796248934584764336195158, 31882463597447379146287153539323586768898704854780062806160837596338517233265
47554846284476574951230584744229178501085841617669215033092716214594280718966, 38374853445198385588535210886474107370774489082455422792157424137275564041713
43819110587350233726827008356913979822847822782349826572300718758342175543634, 25394298877638159531161478719213366023669478791563702740449224724668381079992
72501787809610488679413014568356896909370642208971690928417857758487532927990, 17963394913948820720994431222096152050699274410051904673443663907852293057524
32863775970551597505887010140795491038433940039892318038429230584511387760696, 9958613111650470530125043593119484277162712034331497323294889816064693939276
63905591778082450362961650281100076431090109963878213631612583611530612217093, 51802140893433833117446448592740371327894903632766927407256259741888654976419
7164960686994354894504273967537577772284191211202506783444109356549158091411, 17356161886246512948232145280587466459657226284163875081182817751079556095086
43653973818067900213656069426366264684489227120533997179023908080822184784023, 60447947863429899287539331146813751939891897556401847045848056092173762519309
1998607675664335780693133075044934637578522200443081831150639123468690100926, 34641071112952783161807265879600290233066638505054063211452265311829294769568
44381187798793896786379489065295008373321096410590701054272587937602420402133, 66853265212581793024301915311053849480736188980947793398924506897098020342330
22720841390861578466196931705993328254726736581971553732711302558942829831539, 24098009751806592677664415918742633416520391217270182898823276091725153383605
70947871477051740184309458717633786298862446327300858844768187721436868353009, 71530910318359119113184965436691573738608667123031516277165904859176634572163
14883185166444290111103923360997825133201530944638719497424764446353479684097, 30830388131779450100755952823385075780921720187666511588736464750119271551439
53493450541683746825330703944627612917711577505556103142187319583370113590773, 18766862318820645948723077730997662329543118089813349679041137303372874134935
56335224468236359769700038673765860461356337556531595015895728336609492418979, 65128287939681897010263445852715921636754387921537219405947251113056430522057
31685344382038785023844301640208292710671352053467957685374729450072863172096, 64184404932010968809043077133730380163196169346783251958156176019215190665007
48828747661148158911890691880726291407343260114976132752820352554297525566396, 15017571428841113384310236220383741580260130304495048677749943909814066956130
73861072201705573385404550885729457996453070068460633462014533785888806681104, 1470201745567300666902428872670799530850205177129820914253887605833079417652
48368095421965064750750919148462453882381533861523253179399537776611269544802, 31597862632720232084569524754043956294561506405659051616711038182432149732202
29787284397318930567212252632669640430154587426753600837842266314665351460878, 47439953010590568523395595919302958921161023129653407618595599654708764258600
59989535491690762962467553875181134030984343186051124835889805565057927970228, 53937264818169423412320169524077008792474227996250518769090013600895960667538
26478053650471667937673124424374119467165785518501637554534132427337963218949, 13777775458755889452751337369442722353991420411887478249061195217437529364322
2892957459952429453643588958915759212760931601327099709099088074478035177591, 37494272578207353812710100048317516405999600728315168266887869988465475304682
27399182334914597298736891852827988833977975394110468738609050138554808383697, 21670208773730460340896076381735755241849473520410968121466356450849788535173
23904084878308631768490397107802771902611548506349510849877689915807043960768, 74571962946140924210392599782340015219005196387370202012842395787938111639015
72383628129106013134853255086594526005355674939075404145072104236551761177696, 37507986671345890209522323038944127264094087310379547471213593774311147900521
74006724354450816848503000118517932282928677036086796020753498688734904935509, 27073082693440404302431795101676979185195085623832360026006607893660677859059
72068320190251961491500524220292180839266813494643261499495321406367543808899, 3306667706700885970652609828590938847856667979644971536885328537493325902214
16121433616530756984176543198348510520904091618895978272483155679893228299443, 6339895823537270035957228083452264991081268185092107752517364041893972741332
35414806122011751182435848729327329147320529889657885643299600538910178347166, 73859332840871357815919242315006764700115723202835435888638221629488396104811
1226669473989848933537558983174304763700019063671222040271175609886447591274, 53388494014118074056028158962407560717380545942682815351777358928337454398282
48384158587143509186164498561807831650742853976325877956023709622565623796521, 36197607478026781104478035007847108783203880329724490785046106426827455393465
21708572432006160461634743867110810050374802132956786314148480398979376512174, 11461115942875780146124602813113745379375575538088379872481737773708201903988
48029055732642912395976209060073135020128010686403411464518674633999660819802, 59274029734901821268305719146294899542634997573640477306993004141171343307530
1337190624901944287328810895476049433302528288724191417403920248928962545661, 17437466130323982209753630378555460365526561955451726381365223463646813796792
43786646962759480232934489846540609958080409098594898316133716972814185479902, 32760788895988598082321990076290861004627953207274101227610089764899168697091
13798848017208857139242757736417745734269933797215198120372360023380322534886, 31319761877524368426943857462072842152346792721574841250373177929175449728966
55760262880095938589976741291189029536147298258506169639676199593231357477364, 13094083965462812938531107876433810483715944691214154086150915105292386978362
41549957548059127114064592870097420914242172967641043560084841524699560701814, 76713496349340994588107683142042018609687711806522953865967825369822156182470
12077975253397438955553145580305759977320603147837241993344800022583104160647, 42841774480768453193021992420547218245516550814319439632306614179866906318546
24302479263496544527623222720010459586602603723310366724079447371707074859513, 65690087894855001787433912703521003769900226004730845294639846770906662186963
70978931627235883200497731396561925345965388216914308707325661156221305297928, 60073492914654257497484115895153769347320615369116987787670960972385449863414
26470009497586416608028679949270879117767742990726770843680544154461510407033, 25888801869975985183660454033556561131107966905248297187331548446119969506524
35124169269333350206299668839404937844303743604641916775203705591874516691180, 8839624061715936214318882755468617901306119370365385550811043352625616699343
22527213292023889580132087167635043674528392112063526365994511441343161624889, 74536165804937854550716168735508404301846306300751219203571575619668414266701
32527380198933623713628532613835137382647627710100614323550231615844119183227, 75870889570437347612795702604304658830256890995793747531199928268042853400752
48088153297312252813011962962621869800187273559665725708056357026539533701163, 52849447452343968422191821951801984651562909481107505956629927736474799630593
75552954321057300456983608397916104928536232147847623546638791009736149378539, 15930558883934993506521570429728442633018209693677030328461348436014059660260
2568112529267124167513980924858372778979489781738592067536192379825694257157, 4679848236444795185896857764610554546702902910367307670653459082330904038393
41060076593770252439844308232074607778984740300206337987051805120608754767429, 25328637145175794303547195013900867747652826636998269923075396737302757686354
16620456602415612873535980746590120966139782291761592046060184701336489323717, 72746820230762421354253774903927793095471949617968392740280595804455805724523
38570688107108571114123290176715107617176902184747050350353252190230396793689, 37207877074305304383532163697203763637477482808662948408765680833666869922300
63829094302231408181949513997127915659617585484095658909159682223310171260213, 72093991467403083848060130390582209562107522081193333075488221305364015992261
6263006777740709542680548028449718245492620049999843909974187340971724189626, 33205280533456863927122470934041572861763722168819270420173931329025913413260
76627342022530133856016873886835841168945657536021498891346494347840881253359, 22438141012089999658372529804318896238269297263006579759801089937312744885840
32114896366561535370014431008743188909624437360925401119403779381785708002060, 30962633831763494599621863517204956714256020620733859383847143410954269882152
49000372719277523556331746804589995810661297921836215323815353892849567865648, 23830060886653595188745146900758864515753909239113046397532167958353511103420
31649285076493031321835596660253664469643074386146603520386555287813921913503, 44928506981998246100400217941388931990484672642228457738547655971183552287103
4642839315235936662670903065001202124166038174463845884794022926671057756250, 18170896246661926421236422606763263637717820926544426110727329138706173198339
9815574776943227571487149612828289036719974944624799668194006800379831442113, 53988656300950090340006607818778997846683942759816836012395966323623120351356
38043881726369401483073532294287976015045616781706405875131731787937158282387, 20736923069328857121626187989466747871814750191309144827308719633619363484230
75429593151353421450938551159067066043682135291081692381579732915925805034363, 49828592527312173718165066769526819880795698866259618136222131535795538692610
47999060798507983004123015431075794250855147294651791720999584362809160251769, 31908556278371162894279092769933850503960153107546425155131454533698343607907
35575075026427062597665621496061932044186169729200714654960446487496625958493, 13006130964765424285656616341667117854587166010264184201732165279006985891255
52708300064407055683939451516342523607760134021436036125672090910209573160041, 72221090138755670737656558932424245659689844047312857527800749859234422014604
42814584345728242380978089667617089096642110936840343225322407688681297485522, 73298962436336258211094710313698068612057949049922646492433724041527865186060
64425761717625189217447312717079520368584184864574638376020374130287492318041, 7935035874091719638445846762209424751267881986515299694722629746429684539846
39940255652269537772313636444970265413593541953566699351786645478316977757475, 29397346650070204763203519113874410350711527040288524453985803456458330123793
10697003409796829895161939816262676572463523562007239012478812692541932269620, 63639837011318646351196698600594323703838406563357019414226685398083862992764
4549201591391113948165630901284182635033507711718406290690329213098719050824, 60455728179025345956495876250104485786227283373520628310405887253983054058409
18708639066054113914921084998153315773947589340615335049075202287721816285036, 30603852323289890234957964137111723127904431521725959689693405634008038678533
8985744654065779720552691329059321860826459085154553010412652812142854021471, 61601835889218006139302298006608361368969223849460483475787550882467514038994
4631708578014437342203092359013229280450754983666932012324048259603939536454, 62235592005951863868234093265207143939219304360244862883356234927124661072328
43803626671409502985034021466205510395553002446167341713601577409526472498469, 31085823391460549543452870119322330336500315212943676949908962160146115101479
1761590462033527435271360605511770545378300696726256144365970372378587999996, 7348087958653073021560234484729653180328695601642766710337928109102836547246
572617508697829385470972127196231840904899617375165381163029172195502280115, 31703675348115435657543433873173335828645239102804189210989980336188577467727
53992521625027502566578168025444340436539066881973782857896147589467458489306, 49270638382538149092680592041934542706990191614260993908990891585461789617909
46636657157467641614723184038752318985890466196485331109761847872331977562382, 43263827930718613227707489168594612648628898813812727205360082483915772862752
55086434587681921038166617776759483258418177646149406050272660383824589429528, 47365513234898287856561395297790930031502170353050068747232012631949991214214
33786762110890584430424197325676116850974646274503270100266742626963888660009, 66510365868847865354831217319129137303655836189688514962844326426241822636933
27402868758634031921900275099503658140331299411583865599787475985680633602171, 59702747811723441088280293612932228031991118489008398304148441292878864031647
48773749413090185765591596833824226691780274036979997372863891082059496139136, 39926987209299617276323664220276526810017502540759711012901634752992889285399
45525828515619454319028363702472555487163064163941771735479351282473080811930, 148386186608151374694143780499772549011015327696067562370079620248945763339
38942290470611270684078366634593257666171383593259663614326294235278639806878, 8124113746042145502334466718534587067265972890521203633755652463091077458159
58560677514436596705579259284158669773429543324771517118587486830964206661031, 36998225099708428593909499767008036132461209257933208897843418280684204030684
5368594607528846010408613548244823062876944752903799398468704046837522139680, 23249166968267917136384666585814687749012517135285573702531963504395137903294
56503955625553951236304274132109141669337256719877074302320455630236634835897, 14112334106999995529910860903226327062703304460684163470312736287126714017170
15806396280826359699445889804371512500649553223287218567735740407314280497450, 19769803130754700746221911595168138439123661722204749690223760548549818276403
55860159670361271638442682208330011071698789112278252080645600093217630095214, 9169447174123216477379579494513948252406355339106065231049427504555501960010
40860590460158035598715203811366430680404243776801056395974330606931482457559, 28038662580279817121547148399597069569545071316322026899133758161644652130943
79539157809660634287813686914578551319381564155301654371518725803442766051, 8950432839007252041570840899475321858032520412175051335596369583669821682103
46160260803681225328293884755065401878264634594468680272141889202044523842486, 39519660968563380839519271113551922517472609030770509131621770170445108264860
35406184383834307915596895641183955451480670257840226421297811729086108750460, 6959924710702742148061718592800899278262524875853153945866916393761078847873
65211294103176710228754468358185609637697083771071696898091976889297087406194, 14222929078753060401704004448177723890122721375669257672873539000097273258364
43531767646642624076389272802206399449394328613478837267052614473238345263292, 53034078192916825593232593161718167390259629704295249429588922921470640709668
60195915411329769555981864805036749029574455859374037049949359525493703882772, 1864992756357392723324123018424466356132183841653776212781166168318409393450
65155303503457945539852007074121289119690563410616685349548087902835039615443, 74415088784717604249474723748993886399218912958457205689894164095390382784154
44806731600934597883489376979486896919094045792742078692080618420794838622996, 9688909663352856029345095326126680153506731382112997812809860490317477139826
76573362132563487281866438000875719951931952605476324736140287016555627029768, 41952355187179426186141447058886571233229253576329911860304658741318892033894
25359321512868191949611151138257399726944156619792864960923324760768148746873, 60265691149516367770258978694633841022695155643493919364129744821764314264615
38687856063868977772531046624694075536609759036916663343748270082524313688967, 35896716325578271886034061707171144664634655944270061958840001456054029013054
52112636840078050199732158233591842072803143502768027518477571906005842772728, 43130482981662217392407778959461383504733120464738336728479206700292250406120
53062497324199466307564266981956547364402662827682955152354514250691436006600, 10405538562472664509481696816929144216763384042110080354988734601472895414240
31622141039872232419222334693795260985933379032506440021963784185202751143504, 4609933475936451804616301917998035702433501103201765570013565529509995717442
44641991490963251945590549216495365405713546921949659911784958996895827770080, 63172050276836183172868281689812275684086780583056452818060702083977807296566
41411785756147546870340056576579353806779502380009273785426452737120625601732, 10823496161971508850850837442609939430193001508461254777768650401550414245061
22878740013225308726846439797500654074657175562921535240810478560122354098730, 19053592680385628725918981949937817823324707660476804543852236639180933139713
61559566514960005998822139195700357441047189259900677944743879040393763823333, 72725216903537889072631738031226835196788305293857224730336488948101160362237
51847122146610508269748256560995725438272786983887968338325895986559577494470, 13103152758791425769377739131996729874191316741398583585709524963676581819058
30108256253613936678666077564477379691050945690115195047461014028644321226873, 26858834107795464493337541943129976595122230845642968028228975674951265386258
16560939402943223560430079473966585406796614167160702474955693391991907792951, 46803544218714171773982530566146754685105506067584366869040700908818579536649
45132377977791576510368030768320018482200677828464723569347012810125612630796, 46596682795341816423478492200446226889724188946377795845079287697761475725627
30576852451875789284503790410560316740235892417588136163555378333105993402461, 72261821134378245388491395541441776463912204476597811804896236846255333763776
66203809550642112374920955120909912241128900471635791942959157593447015674317, 70378914563774656129908367276641499133916564121095271827099559307356197566364
15512414768123796678264753368488270069231688032715475384049040791309241121349, 48824044573463951176598831139229333251227381614285968473972154573094972932471
72941194562528057230917349957062760888376266506438733196096995510914790798113, 31766704832923825457646475793151289141664733628899186430614842785104660905434
19551483150869345022114487211474478691936089765423557316408631595499247849935, 6929626895868872661973374254275748215542875053598239762567389674536666040227
66999165563614023013252792427561610967107532984697132240589936242809102861378, 31000849582986597442100687833772479036168856336161457833449063914091624793592
36712955558549453467305477584347402216073856765957590716089624499948799063631, 10689181992436926349458594792732476935372646096709634111449073934998644144622
48429916716959099818218532038691486056234323670996196962475305561969662265781, 68198642205501211316156746311833576119887922589982292056738509384948031598961
11330885710410764551210963795267834215592083343537903708841803000787454426435, 14823606706069403820425259640797320432101069385349767891369385928925404215559
