Elliptic Curve: brainpoolP256r1
Field Prime: 76884956397045344220809746629001649093037950200943055203735601445031516197751
Base Point: (63243729749562333355292243550312970334778175571054726587095381623627144114786, 38218615093753523893122277964030810387585405539772602581557831887485717997975)
Polynomial Degree: 9
Polynomial Coefficients: [45, 45, 10, 59, 42, 27, 13, 44, 49, 40]
Public Key: (22815746927912649467403132682279259790510584256436773348249150336823276541343, 43466499763978905529009136826439967138389379946176832365512798753217727147209)
10288167019904368047504926034222732611680527191924969206104961923571554176905, 5238953825744726809367060345510495247645678818380914603392380988871019931719
16967249699562583293629495483235997107985583323868400888810644589883669734502, 3268691614219095352200801902005781807923568098810123264099586963849630157198
63209819336993487918885845767799533112161940211422156421063785675702388143314, 41226513493347942631582630786851391056785507969945309254114018500210625571683
35738843280982660226519851890412901720095358345548329697507470795402746107699, 66427245264446485767253797722855731531715470493834219768447959775014036481367
1913964630774611006521024950290890353141991401221283121438561542217111173090, 60496176364996577626562831267985614524246541591400669654496511846749385134094
75396748253395513321005162309386339908723433716525238656978092072948148151604, 76465845314809515354394026072116767097450798015040836568122972184886237825369
57556544346444565733891643911604322791690153124309209908382105257766988739286, 62461133226810445825912627279902611143716590943816722524749192554267790187127
63680816573036843363780442672967947925478624476353208297650702614731284059051, 14221259493802053970956657475433413783125180076977370893117434008858276121623
8635647606262293906285554452385550623657457505081445581969014703198753162273, 34932521637164791862744684911443988390072148846104079512518142537380235858286
57664263516764253161049325726142672405831653785031387927989010381843921128964, 35126560119267921793434140823536691946142314715279816771647058733779148669798
47291479603845299291193167264709497993833379477558075274353187644033600877477, 61842716019909090422869574932459352123734500135579293593468041474752357355160
18047447049804976931391003568554017847290695137732647368979587214208003366788, 65226047523330371747597840333639376369500627738726949017709508114915020433249
16788837545983389574918658754666092058694617434457120836499077215165266816532, 27046601571801103090707339048551775169426431636294913035023185773517639776713
56283449112370639747304120920974665153366291662348594603980030482904633778256, 50453298685776936702712213890437077885235306375595276812811416809343209618571
27250415797508088804006608437129360764454560201587312916686329946281065007107, 21742497929510798676761610590060537562971563822137300113778572424010588443087
47969554890867629272320479891743549822265546310802979056955401422298931148701, 31726259116522471687541995175952517278462287950168787984005680008266740137838
49572947732428793111370464151300072660363993327170564703706004451032704271710, 23939022315255864107842895453072454299858080518482716887278360199348756716859
25299359688986205589208312068354430699615559478692483858002474118558692719123, 54720284801620186493321649171347769054697086676270861902515233592151916785438
55773346038547490001194782183733159246176183134423535819214615218125422975600, 70188161959039971059039760723793144242355065187920299466772707915089183956246
68422920358105410353416003328993739259730371568301113592621051163409460004722, 55428519495945848570125775558840452906448003519017506888479886690748898485159
70968359661540369240361515917392069524530350413421334664286039721646760161012, 2390783753181942268978255808830710590397109277412984631881532144555267739840
16921116211659197683558124106307109057265596684361360596648662439905116457188, 40268707161182510717615670911286408525728185752922541457239143740885669537913
44831089259695663626390333710348112136154191281161764939810170147702900206502, 45317782879595276726522366923580931919267824409380600977522699910117495723648
62281991058770069100475997147119246747473745807302694767263543064749856816663, 57784873947505849427653928721202204066124373561451382805867203888015888954580
45886726585629907647803359916719013409594590890599823090292041330993810726056, 3335721361652720851095054954332044093609076989227386284789167542716060844243
37022450331719912759721085422943623921987246071957357934116364476826899483805, 64819152837278513274708877556134516920423438032351822050571277263627003156063
6070671471390179037878488003943264406122617382260782643182517107790743445599, 50112784483687095870638153080797232902415727717129577750141416381332550728173
50015940725090490516119206005146677301996933822614738740279675242435332472386, 62749614536723841237964195459309195498533573189427014360832013469166989254006
50681003427248214537445483989662655382893802116697173330575839490378067240881, 70037946131317987034705449414759465743778377473206177715134834433980143047733
28224913859897709762752700851635068898467985202732241008966807880014049101143, 5324001176308943143601451071508333356950268261265593522692866897009592711387
15365075617484846479423760309674831825443715057862873336963371847238242254297, 7623855485418393310276615084400631866815430995452346148645210181684070424455
28605282957492874050283527519333378082493597797272877624010259175196033944143, 43025951599133594712582328791268082298055476617865892695892490673685784537794
19921734227213592780485150024855497368817503344632925542479802811493265296831, 39661721350873734157682805670190183059256947248207811035694386501212052969614
61759864673026991426043965964839875199266149228325720308254241282222649911048, 60553489732055563537463877712198832436759178579446776265138534221254039785474
65820376505369042995805839471393849051276592547057942044958028805173917486690, 12116410343684749172516470298783325207304833927944295155017683915179134305750
23701739003593592478681637506181128794804896972448225057115586401275056798010, 13799616830112284156259027574617943503059481704924983515792950182824184081751
42355193754636405778342801416250948379565600468797723461150317551096195657131, 53110508653001282226317109077634063727706551500619156307286870697542687053089
29784683327131064746821818613834208521807443248423599845375174099094259766623, 28545378000658789870206402257042574713726338386805623888064500028281454706569
49827618114993578183794634410962086330679147127601299411197531878385630236837, 70293909248912401392214181642439568875084448894457015277708359484496120539568
36948361383558508566737107130754325964214215087299708003443816230178131427616, 72370409888862989537996827415705853583365069583884504247053799167292607014032
12223877015660022385848915231517326593984024795978462501909603542963074488939, 75960108288527585294756194698426715377821748482381552403302061744428134758892
70810283091958001361724288032221679923846679317241664671682590854347394197997, 23183810909958620979397429878960065681167821353670350060981652391886415467392
62876261087681237496700378000968823130874867366929942572981716623121757288896, 39436572832798791963253265882150414766159745611278003238387242957758882597116
77117366265487020006638994749629915684896053671232473001899290372528294035, 9927766936032598570170833714928435491749275251574531684705842380460513541569
75186344943499406081282495020230942974668896621672357211176163798946338679086, 5765420531327674824918716590657221113967010844691005363950641649857077473837
68723617912026002932062704448591697844245472147638563527109788607308792123433, 29888305878491206028560936431319444184184797839091634889648052591576640576657
11726831839619880913798721310482685354768501469196315014413921381912006965941, 51051601702329647745672034193275758686172571468350572691444251482745533204250
19832092683019498378030707272842874979779409143032490411913124156607360176462, 7142924509280343022381894928224577730441300207093450388373627803678971473620
64809709889513766029009645124852771211728127843760361161637445703101845495029, 7652004642751368796054928830543718298151472309839886343423248455627949096624
7544024031343146757051005554539248298173921418628661490332903864195538504290, 71840778136621307888444489018113895320117543885143952084019993291141783325299
7000250464409337181710209667806867257687896239178240085739299632150835852224, 7845514269337835560583001166926516733281722221162136391417179648992781695722
18989668930378865167983532035711481039285340206675646310699502297093864447572, 2323427445452041533271474483553522643067766006358444248267014726521639271670
65887855233858089871780468084498002959872293300680849254193919287271703429917, 73002373222726109327221551174577632554861425972811433203317085413920546665280
25437818734253621953723437248470242380316468880406706974348770603024199712872, 76051626111429993877403523811939497109676363394628250623634455557015866975658
23819538502832446615971263034148507456492910270432750843760554828236122545505, 9206561281665734685580220838447148506891576083880132152971559093569536030171
1935457310358607520559986450995752820174653490128779307716300484083709640909, 43228960864790732804934659617158289248579264473064969599771738216268070886514
40494297853517031683801017116365997012911145131862570755745470778901638616455, 51776609984369550273791163022685595852970860015064283399395545254253573797376
33994462873169945724614969402251718893255517264245269980512207310909217807578, 12338337704899786300898048753741965479023231730569939982372850491019626088986
49671613896144660943323496933195971518991864797900470028251265446858216647377, 22400861977141043942912059979800613159249187082686654537848522048653923378809
21119858474142867165164170957750844094444250318294926749866547980244786487715, 61530362882645243234269068065185589260790469349058338930762051380988568520805
21195510159045847576272725253592514828572752794415936698743745176883142467723, 30638358735273373839963790816149185730164322688439744088072378546626787289424
72378137290044760023687022217304391546949871645959370522936749195832575982871, 53122753950725794781818005617626775495946330049694341354369431949562463783209
66780638984681907179505349659437249621238420800321373633923080737322112802599, 9742702249375248041896455647824503887776993229348204063127035022807869194195
6139345684708175007062825903122746402677460424770454653272692786597855858487, 37472355370558806058542225461012116484676743791022918269454060586619430365388
14985003026118264646583069177624898991600935529473409947189520270608911084350, 15828896970398839582442906573573901163557395384978584782830164188967770662442
12401586708434442836886538669490695527835446255132611869896833106151507717780, 27220561935411778035110447030920948346701769284517193263857430678453213341405
20386005466338771439890577711733246697915594149032557682758761428055185366252, 16622261594568393914630424456713988295866554354091399875063362012514722250088
47986871956667876718202544205835898892130178881054441137344377828749775862544, 34300107329839475149521038712394223011093691160630128899515862381811879546475
20068194807652592395005821353300245739334006536284295523258706733472835371302, 52798537146469998796299363411097846883300587801522783189575952643197669907530
1889230030018328434500903099461068372847783853089557026952921372963218925192, 75207770058727445353365887837487816422665546612428312744262838295110388557206
13198321617040858784982327833357791725485321464497078563312422244902998201618, 23136221281272149452581324872591401066268584803276118612788361604273069810272
40701576085506603815007973011487836797300779413400258745660610143319172486134, 33857979501037287461924470952485856306352345417950868577337305169635205986033
18789747242844245579992418847863767651054231394246646030354725181607533153081, 68993441259300734446804757670052780221953145897121483390794304320642601677916
51995019793868332568969251843360496681633766146334932809141273404805115273169, 75282643954109682217027687384032744615514194506953192835220317660214261643504
3145269697835091970678708016776676319892699435438769437386908310748023194656, 1531199420649957605499749992894221063769404544587597395076078692823317046341
14260587534375975987053163556086618357044533680395570000801813583410988241659, 54631962270553750379609176473925629047915478405506558961804759241498388290397
71496383017529822572901396068546640015646049190765213488838831648683886622493, 74166065211486241468604639044561470933921868701487506822943139163697209343494
59479361292140633206795310862064011117404189898757902954327706758648342788531, 71919232994063193760354046924263866023164010405217633021201006499142109436811
6392284263949428637481577235830632576845443469465036457811253372060241982108, 64412801302813073616263860294483814393121319131677459283149104037500049715204
20111199217530804379515354862419072371598431883371269547447637285869935414870, 73133364658611756560180892552673249114673006980002808312238909560255156029031
11900375377733262663782889471997827775906546112319639036092923798045350381096, 16129065760363002960753080300156634139777378050934789943539446898803466766542
74689271996219452418260797927887404218362330085779649941618708960898255523210, 37974983028753883778600768977914817215429398134719678095980580075096275638581
29488933817816091870539346645034388059942067450489820753038525062772863152840, 73578876432755364363286497641502437033876198637682137936369124705068661764745
62822212552442517568604969934713610578286530085978323094529973303075345577002, 14397700368371016902847750206605985884815782210748594891994783873761618289961
25372240231718565299235293039716036709151544986417011584784408895597278007311, 24744964269295311762606128134414837780818989041061484088404865751149918706243
68414283059871905168107791351986673622419038815546548830974589912712639084878, 33460865677481895637780355338123502506204630529220275790159792297336463211334
26079591132044311832989046610915567489321329614870797380269262752362548280348, 5912972005370778215526237396935037452104161115298737820913681735647751470068
36745345389512345302424357896519169675385308988315080318050100668659063969038, 55075168553979479188911560330905411267202702241039074674069864739244427733481
70417311178613076995419666183593298160378213968661290327902123321063201570260, 6752856854601616979194477469289723709687242772138039808520865370588272567580
3652712429122360328088222837641146251812488922162872997130077145518623587864, 46623235522723040841131965304289250745105526451336033428191550540799661912873
23687070287496562362148206837640457535352158637839878956372669410847602115790, 70229986591782776432727254477141214498378953176978608834666140360490215064848
6285747615764207196743089771241804706418089232127276305488256057581095886601, 47925158897031539782573557168270422419313357353458671820100575014493085995995
74174381431862539034419414192957053652070779131200711358192028878160111749672, 43527306578342960941510287359023768547806073355925008947499122994605792726964
17436863386650977684407876593437715412057383859649250774479701669928118215234, 55495772612217448983557580230670183123772725782432150582806409904300936928932
67800088637150659058616459720910663116628093707302135283694361087187851627322, 67239414552035657770885667715275036404339831876697645695132582293492194770213
69380540072383160670738271098451327076360787913761397503218627400730802866211, 15712429342964466635138076814637952986655585777773112994799498361646809945888
74743160607005058053351119680191173842482879110100670014100172112853978024356, 74377436245449325475455483911354699868807313495790016173435457558363682752689
52000853001113670961607396871645866235111014458540761794986363008231458219691, 28128834466144292640134655080549455087546558883188146753386886385592154851685
28603724499062605189616571745860688328288119138048772827212246189115026654202, 602218535334863060249453546878629046518743712446267483304924735407575481219
71663931077604713428314306349030218900551415928026909755693386186397499721613, 70974935061053548648177725233431127701475171316329545088467238806838788873366
6363258871190496810635538782592789381204837101253856583177660375710603196734, 9648418343841099004123788685100790317675330467714414811121836104525151921512
25520737239213715922631260335935258470168183541377225485090306917386582774872, 76803587316049504058413875373714233052099878443728611917113060892804731971675
18583473021836231938896689149976722619891145835799832208182939106002533057772, 50394684633432540668463745286911043989265932537808014592525111750443714517462
35692739467148654135682293792290145264347469068746226968115652188950017733072, 62146871417709814742308459692645625005138490690638155370603970712789668147133
52433889921736412566326080299744014626605508165393658973408841280375744972842, 65995222632586501680456477945639146667037223504214560533120833581195792730303
64749725943126250084273015647358073465382627601745476725303673665226416582312, 37032815377131185839477098621814585163988722355630011228663550809740078556493
44020580568296549426845978871563788713684379289904679880316934742637255110940, 14701182515340316525775852349399086727703322028174440561769523240749148064372
40206695365656736968462480530041723109616952452233328106616071184900779553271, 55825323917369432725180494530101876296334403799120523689259651472282917800826
24283031035778021296244145601203336031897880102649107740628214746900659567055, 43178526300901164407141824951890585889138922826857836508549204275075163482130
65286120390447421831862601488636702394404642208885326036806631707755365216899, 11356766573391159306172913987665503105370934508422684235571123100312951882226
9202644646244347043032787806516066857235552766363404999355512024085961406209, 26343290199119274309449348211257459694527942224331921946764164022771128089801
19853238846672700836905291186981524768807214598299811374013162976288878404332, 48791990917880697361364220113395983561899206740561969134175812423986519366594
26003098815634944171890168208324729420088836023762406716008092500698714920526, 6830835646261336991916943540432996518059127250149172708001106915529524520575
18741503754616658442251664265854525243314850804894185569207112860421107709213, 6015167152003751528506839833877278693469557812696217493545275241720273924591
38563703486214759549030956285684860951788365223906392522797803903929823363083, 6922438777701903711189834142456412251083033578289976793587487620149113969147
10719603254223618446885679900627334844748162301166474545316313984907113786566, 15277350788664392916043950286281102605579278579586967554573142792742142469628
54225027171299663436473516509049422144840678345056789273227634476239006840077, 45648363995791821328657164229694046809437209262101561605629592274303057185241
46945452314711004558989654974103356594488378330259588199232642185629512392862, 60597562192515180649027321562569212670952731507834978979901659466501464140146
55726182566737445058744629020877891493241329656014680702527038952329362012965, 27890491267973464475049113696187948752306773593583525544016900610994588515953
31811868523119868281124022334735755494278127467634911589069353148381319496110, 960402578355028716800213398704789802157287778086132902008454816139015762012
16562807638353801974777398634734481373607391003514071719398429582561441204621, 68242136896481337395725951020605690290300816511210057403641611871529554772571
30586085899850246935812484489595332862644440814112969215857062094300230607017, 71578669430268280307054540231845345669802667496512548450106772325179581704437
67736093383086291177300987528316615763908113647179641728908878160884275238134, 11551696635520943121648888095992661935154943172957763492458312730241412933853
27298276167044024823750645157345975533420792951036104976759521851379207863608, 4083064145885884100941782144874903480679992778744491209795770391357972030656
47794632723093463466063489036758881490776035868264349750092902755224448543386, 37396779510539709031479422373555469650997954985934606295763812227005122985894
55981555653950952499210000837183948062937822780013986724875623455931619694436, 64530412728045787852539052706664588643851859130683791338526428113292660131241
14986410488351046445339967188020973619380573220253225400236103739956206468887, 52302736713386639434993432331866573256740695288554196482317134936877117254480
1513312576684169732888857858046345481076299821084265974032730117572807854329, 23839666454879467890056696300327901278583167210572862295788863082519058451668
64968750094162322278431294781419221436927432599817969020566355334674794676576, 55294848786722449738100317654046957991585336774665441395882063465319277613429
47174544589111621958206519290250887959235658561098334084552947020401619227359, 41624644924637744571513119578657963120709828055833123516915714632661174687430
39613935798737164675788328538430715834437666481946067188645934992818370923288, 18318942325734381634104963087651861860510160525232526697440106075621269029239
40540740906078153212957421743393840041495910403843518867663267165713579090609, 69847110957324824978506371829272867493537641990938851639674677456700690129209
37861045603911222396438082059395433002124073972549049190051562052922090896084, 20801447815949007233322762751341182394274287857521488506567297589516738635388
48502930796574405991297821086821735233329976630094380315449666770246083890312, 11799287529751783052188906264615915386542077044809467476599081979635719916878
71229086901794556716007825355025339296002474431533784880436544583043603193643, 9694764677990702085685958326635315458746562730081389218516236194447732935204
57128261708652815785859097395783592838121078220975843663134451127175220194877, 30314774286192911200128787972365557970829112966589566754681008331867365120337
33262947332938539671806750215983787548672726644163098149676611468286198681456, 65487260020770853113714521319405099191811863983606408789586642533437995217237
75774362567026127999093419169373748758709514113026099830251146789433365458304, 54029905201651817294724725986034570331914280902313462587603074843797607524507
9554070720307376873218350159832344612416578999847567614220130086938117761392, 6595697040526650879107359092433566078346580071127054227312068431181470912974
33155237031176584219497913463314341707565872962073377928499990621719973873903, 67015295717823449729930747710212829973063071711626971494964845731098764716485
31978326616512187826490011692132734105949929241326539811832078734083512817660, 31219054422739245426188512455991853887987950633093616785643101127477071631312
27043409652105299329700945080343223748389049435409740553144235383210603255989, 3678752036224115431366662968749831825491541323007210530866951491665167032424
60967041205654092106824781490590941682550495447817793312008816412053238104267, 65609697797687043516814083289293396026808999184465169727276084040220152693020
63590651312667378545629467814911779253668145857079256666759274148285337993815, 46971471378030488149253702847113756784667474296859443974665207261251074724732
15832159992373397535237169322614849808667517928631939644314310494896879191285, 45203216252765703786669724660323228780840161406444838580521661759830575156966
69870458187822700805371755593442193184672462824720375195827410595644025851611, 9879587169239284131663934210110389614287376430430763288804348848867558445898
6852375216191673096884474427808412235554599402581920434471718613047959775047, 71800609367160962115914092557058904861518114338104082750923277834860321853807
13660114223932812797081577206108088416948759411090999190701296281064618645859, 69171447610332106864241717314963898703391147887569971135317388446215177929937
24612252060377642735859951604943198644889090121660775874238898437573818156398, 26521977602150196896677942014394415908906982645451119268406499391587813638250
53166878671998926991626281686797198957055706482558723204067317711771755715207, 10567746680354445662815678416517292032423358756934856975976107891870126943622
10239137075598080211213398342356623227002989904836499396559657683604129599319, 42221706637393317196401903019141789186784027065815632767841210619606713508877
42355829706908495607389044427408841766663491087186173303064977880531462410502, 41293353682765256084088601200360718174088124088696309387326340326889427367540
19815157089173132055285608943907153813177768825277038278426873362174430243583, 16193686909702540333645612125355142324171336676361071438271280266992433284218
65928844294029227698631143775137610562455135800760142773095576429826456182090, 38421489764620943152077805593319146179872314220160435053236756874872565488569
23877960272847450897010655687729423255355853706205859385951649274792083965947, 3060948343943617634216813069298694356061353294872244190837299908658930104417
13242525627357406071058430500591345306973784312501177671383310726953102024973, 47047579541013392848248351420985780415503668781514139032395909776634605830718
64164282547261823678535530860855291415520277194295490132402183497017056937784, 55897995585744644923822632848848002903848353926908064414610838222280297012242
15205597696425922400579525199948677142549194405674163449580158074794968532085, 928480251922555743124812221752336934997085585089390235775541661425038973722
72995318983749525205965938993778028484604097136754562498867566780726470790803, 54735891045152629658813032772104342679309559296984107503314656939863128779346
49718836391996488781376666559800467827401807024949788942237134094109080553358, 61554870418319092502425694823652295204937603811621484760204560769668213463077
72600211531766259409643158153043714957492565965664802676147253977368809671038, 50644909616018677879495814796045565217051575660559503203540107774705338876672
29867102102319315867973029026077149591575250303228548766009690122017316716722, 48827872411576970232675237861402280184898747979472969063656288887604061941206
25985769522560300641487530906820148090019518005572151051565876622987942456072, 59305046177602835858199150602905053880008573432561173312055974952378549986883
11395078627663233223468705237795308037780139872869631589448318315518257338068, 25206933385953721502387602453839580169705215274395932517342916362397746984718
30513194006733569852020184967217261616982501137734258078990051189021911860533, 22126127275809387314748028305729625864365018766440070260162752123935769763023
43385823478200224301499891114401538332869274276483735190492408337236832618622, 5153351658722689088756635192238637468267986089140547098216658167852279055044
26399836387557856961768258666646877394208226831648568305572971734215991952819, 23443151820643244132582990679166237712532993301538333123596630263268685862811
62092646224819413734247761331087566704667313962203053545809131854609336119837, 8608300907435800647914602025873705191837440548236142904524547654073275316471
27850225203308417581256587120751250292062697785603471853228214457816634630082, 6488457609215774607197303122616356559648101020846119140211232325742578885067
63815230751165244247575061845742088430718086500017817490287135197904285753341, 68489789325259480683963059614301132189211950318247698756124230093154480078244
14532911721322305259278560884540555473435347423169060598732771352727767815942, 27793882364852973593658642401288503359205011881532102489564152856256840011569
20538356185343771893253131814124689221302701238865059645503118407424752618891, 72573512356322479470035028258562304740946081776018681785310394116152798754150
2716145079916429048864610003863310683492056871151821840749131151305917961745, 21661738334195580324303431675340133336623091991219379584344137479154584538025
63387804222200641568094261339424823590372594286514366810091004941964834410313, 49475631397996169031822905690177805755940032737521444757225871090226036759143
35142995638591669381608429121924449613492259471591605588667691831313804657896, 62156609358384915633654797105706172692863542297496757746377104968567387429992
54688946420157391359162508529891567704169750908716242336210398710366167183024, 26001938058072296995860069720201421071566072559629919592341733173666893175782
25170012619407625884279742191492486731073660966847197460075791488096756544231, 23556252560695770811018698575915130283289510184318903376993306954377470343822
64764132941144506799166946030515238346928525934827774965574512227689905304770, 7961070790569992981818489348813498502795505935082610228606324698853948421504
57058656196754171183393752728761365491789013005513334563828615916135075810213, 23905716918871638028147269534065190618821905492946571934658539173610409155581
14086423219695112920299884044516521924832306541464065585376014075409170479068, 2844168190690364334804848237962001098246531898503752196644138704776055041195
64104905090052541236531905324245200192374143257699724179353003881553014868155, 24311255645191160881672482776158009496757697649108473860176313757882831035745
6091797766983985478543470490025001622458284162036957106362643218713749972524, 28657021165935909795765916786341335685758385266321385451605547425345554857537
55433409190638317653828973435349891659225208608976526873809473299514465728337, 45072071990900820891950311487191281249877971391578897276184038634547681662963
13051116099405380018708194924077530103176184535597867158637833408016080398491, 18912253450101645768957703956058975229720526159326848208642005359090402983819
28046556955040904007408220349703446720911067176804978762092573325624868889285, 12109565971105081004038103577569704521093790012261591541671096671223925618207
15809239191237713204374997098296757276135586712100623527347004767076920683217, 1940266880194665371001250615276501430588358386927056233550903741066083363034
20761872579929923485133403936524157720960591162795119125907530497426792970234, 20892520984972816912160129453641863891999874857742916458942604217489816591720
658096719050406958752567050814420304460863104327245418558826849067752822017, 2228648929840591806051580187217741143089029775374990622545306373632770763424
58901900499638138235467983096986091226043446598311516383542583306119871148928, 45258685684901055424590621813564830470984902473263879956541728983341126050327
20070539796188310946385443772599331521835151980551339395327591185658890008790, 74719759570377655106463810674129827101213426066731501810429629858485608637497
11659144732681394803085561905168222737929935205791030084336815304797040078243, 66545445849788523606804814937562787320303929627483935714906420993932773247447
55509852364142595614466269759265692578832397970114713728973406165225167084020, 22168187495283498460230812510841396208519830914070536296706075365027505488803
61031318141786801522568242926915709103819404382570128790431997017247413985199, 53686296637253189048775835441459310037040447614052173691731854491729842453422
29993923279861310696767637181306426148528427958327624307129842079508670970385, 35199874636535828710694146722303151627764508448993804944429981814542171004417
27929250257794508731095981105640322769866907881250892859115517822639587921504, 20215748229873904466980615662034274804161928444255584115107334706606393275666
68656337829365039461617341572130753905550214194152191025822501217740617786224, 45204373753498884618328047136590610307644583285698079909659922551414325549222
13498706454438415282960489075660003522903035275878870045435788255393356697841, 3896905432382504220079488155952648580248407637983625328717091044589588723586
4795324107219474187110003663215061796643179416577399834576878900585850552109, 59537004033881876972328361577656429911206396627164044631096689978432789782393
35684810179467217360330432465557332609122755637063669319446075763626888667136, 52535327329190180407525696877003844242872127389180424080214433611959946902272
3299418985640209726378289803153445331434892312369223647962231930158624880665, 35595456379571092040469677821477359144689297361586395253188968990184253507637
70327948566390533963486430258296109132933736639142512807274240229354219680639, 17123343208076978647010893958223205015213284791587283192941943826463846728162
27481499100441938019165229945804699715774170444780734477112140659551663426856, 50034532021477022154363930765133153247113997671627269769060325176710552729090
35910582238435726726533907534480437569849970936366670685173812158629597113713, 8313917418922939485868824646777298670681010470344996350298514195468489253032
54947801875896535039098579951401487663016391967114821489664989781512679420162, 24899526855386799048786927907275378660347772766231660563079477816659302315672
5827275140237674444370988186706343570201810889545056136490359354960442134229, 15753267230922751553526818724859716032142053396823543740650870736802914458739
6817688741975830648876039868956729634649193279349027652676429368676294147307, 67967017838479494696044894358876647355953825504214842642917359006491479972809
65426455313982417922653710874797184573288534588468345956556997945702703585425, 39707187923772640446291510313601450965770264605796887191771821145364281379005
32290694282532806016202772731296280493036680510006673249815487278225551767178, 74780070690929689392488905769955963220812269694725519885435656871268140476376
50467384933867335336178720887900296774525648610505257902319738748817126204275, 22452017994889061867110468559315909550904838113027673764011418213417960076076
59362399298679019782065635708448323684415335109082394596041758454155361714178, 48357727483232257751085405527741723049694321085042408159913339888996140796795
71289583743667547812630888740447553706750508799303764449979149020813951208297, 5507234706634120495140617920527699105240815895871392436477837424785884700399
60309700287973121191177147483677129043560603103308435670070760788977692731379, 57148337159339081927764964456291586945226033370377941263440611309003254290736
73499455816108974381537392006697881018966049517294479812039967166301699375896, 64482892844628856492939740943867444451831838499714416578363436221602278797205
26111185841701622391056413044985168581659980023186115329411056680280534383436, 25401473838695684606366032629762318554403346870803425234853319969451578645161
31326497302681201189076542604839811406586944829310640649053671147610476036930, 39053512074617306219088193333925704730344148316271191078078588061549017724304
69129504824114181219811738358037217606988549782190805061548443558079834219791, 18664853743423107370454895470627397137071876340802341998354650865535066525936
29793362612351026640635108906741951009480931749035980490299977317643861016905, 32847269238971109157995353536527811924761780598136363083749627964174910488859
72137039478851317830513874372063732825576391262388383351380001406182426336924, 37089350669194854362935837116772623217769437315853146541874936681049810609633
25608313993315562997589495911649685552217077594762132726649907330955391240523, 33656160661966875753202380712696565259325537572048199132845250415190541540855
20696760199343659829119209511592995472751632321428223476297165095085906372285, 30795946101583054817753069362015277368877298416208642600118651996251483599829
74691295223187907897178990586553156736523735174601833699838992260430224157266, 9648532497618321046066898263622916688435815329104545874287568348648131094137
68642864567430283171771630682317322406942385828657278927667497445645864818976, 43671081298840202631114987304380251117312823888420417776338646936600767450635
69810050516290637385719183694144981913370474639648670974492340123001185855092, 34234818374406169850551422487843890249563710489971865545484761722458484681539
18504971544090739264508190765948730510012579459154756457458382934444959302132, 67858208936283874723229991082788573165809623897336808816558358211078690152706
60221320051617236285506579153335294597711450433449604383770769434374389101231, 32175722442446991028296296559103142023198102612345895698741155010265193713791
23470103318310173879922628569190614213127388386584188678835539202244530861380, 67100037191116472593176387214326840566155499433331418833023699182677947778490
1676676010661788567430183580365416872223405378390834490407704660332113410286, 62391391060732625160129499140879257901610539722424953415795443108588207688983
30150131106625254371384631310481321884658011480508661272345827633022031820646, 37810182952218996278965532726887315570866756951200774172576325438436973251566
58952025565994687230280051529487337550492716703444225696911347189054354824984, 38449449591047784011422734618686740928205222899879985410879793117788184111026
65485537116204330406740001921729100516618961591955470988526926445160435317474, 51862853582565909556348229583652626172428800570691328982138245770880215711380
22227506704517431079996990978891878103846803904389672748413162729424127648852, 53772181724139156839505637286800467850900643273793428444452920982442403812973
54385255637202635532001622328337550562315498402093353551176150022085387100783, 35530364434713325012909366291056759206567284702574343158803594277752447327831
57927612007721791048960332380108796179030261178802952326337041230339790716559, 50854083868787599715526742344155391091226599193248647322090560920437863513758
62482875900481764303815161048366870447017894040016534796294522251736968763856, 17705094731292147055173220706412149063183424595756756612238244179833893637821
33731972997447622262032921383719549470322929839276897969306413615176602710314, 44015147105165514633408145651436549120556676408068402447851924728209176935456
13856958377505857717512270721813615047526062928456616780334965377727473203860, 35497341083432851856771054459062682816431625713457402598457008654368209833819
65556217442344289281898755231263043502684605950255814257587859632650999724644, 59734930234111644406383324375008467466539533468514813812457396488343120077089
28815129090302692100335223182373432668833804538630026285763152741758163043227, 51359900530781663343024832580416582721781515770047192835728021479271768511456
30057695714899047498989935803758632222579160337615349300636226966074304583534, 51120938912849603595471175294847396707717879409768019007108257291931691401402
12039918993642763707584747132697673104859821176155722656160933164497886550209, 37261718456620295335139192192181068567344414716718877437043540485264735903196
20121297319491801405472040512786466267774194564754415686404899930097746818730, 20576237867798638867359245746238573539071318363474240135260276564410207573816
34313377187129309971400393609800411142864458289061749643681248262796841878941, 23471563586677714038092720624701195669144050015852523482388868782351299893643
68231503498545423103558112816846024263217849572283132204196811304571544153648, 54981655501209736329488211034073021151855332294917929300281550780798152510295
55765000280189024035692046165194307403948414557780135417245960445045851885117, 32474078416468896965551499883939327827973417114470921324234017956565354251362
22228552002800124410859039582881459046782622273068857689397630904350913118085, 22716158036185693430467788896321949311802984988999441930154513556484844881272
25961728145913606775489531804083054164337851689066534140342782731181847559364, 43954105630754938564334384285011362340977017284915059063518193436880021200429
9613658697570605854008874412047063114473843688034064894019129370492619269409, 6406066027072876163284918451764976751847032565117600622808432905113398659326
17516015836553208607408272342532233876567958896400163039588619893004539359742, 58652205215823968647326200943311308852021230770729053758349906895271909347563
7674362241172491993608215121012181959637905175035911955524970921820682387419, 51850103409065501379049838079015179072841901360917565889463528494194538201323
34252121034113683985318605007374002938560690500242098977011653630007070544089, 67253908552672265831682204306420074252917093480690434797639521829080991231752
14696489070650342096295999623147252975272378686270662883952769985985406368849, 56754197048189041941628168439956820805864563019707740204039316482844450087520
28282996920825703520479849374681799408324895640124883585663013427585700838134, 63084045644721539395315630915510823868018348221327843326055921735402326340519
49526005733795167064019475367549060275483132307530772754392817540507185527895, 47761216089486247812764179668783611785569983167772022997447713034857927611431
18620395625635080172000409090767046109748875853300308930753063389334179294124, 47556425346882087849106202528702009391499332191894915383312679174306719774831
27571826596155073107924435666815394569735321247445046265408848217996263718097, 22196559337735607648407375012958197710898673610070403392803997779594560071614
4553883726447526278049434574205991103317002301406122334248682569114377341249, 37592232395790287580465429439870971407066056107234915803202144914822653756987
31489604608977500827959578214856681991161826255000805386486235585297187652097, 51013635301436973648128347211749638263921017411800224849464201842269519851530
72840563967680401289986813403341351465242668806448477543705049136712014493006, 36007358205274445229840502243096543541670261786522291023468612270277170057702
51323765697526318986563272833574032197377523169076579817219687993148466730974, 15278015861154270777063815369580257434233730879756593632790441284622907233059
66800879938212493311980269040024071298554487054616915607917655801539467088010, 16898073856152659625806400511763406349867377511452472716875233650111139850372
9210281026568356208486401578478558175697145347633864726286919042291721127754, 47886362727668050900979150972595774161493950419849245860421165179180035000777
40228108124956413159209470760635593240450061839904939145652375632839594667175, 53561653065913373469193400979863408446506924793515806642027752140427510370445
56125506812660096534349244915743265244114327110465574349848288138262749528251, 49739242217542039453567289819147672598547498976744605658794353749929923527248
70472984375560674350831322908377062763391835838708339032465245178815962940203, 34774319756475571196541119526374276509242255472181033898601937854261529245876
63615810594392586510385753482556479958162806697082740751979817168093581891329, 47485028958233852431300931769588152486402280432453612133880174321007842617741
63268821879427037805065206267955775589471136332300357847067274793921717199473, 8997561669346110449113546481613826670760014494979463195621306038209428050514
64999397700138540171106983466064314324868353320803132866901426127895061135867, 6983907404746376931218042036161933238361186571298059205551741454346328624678
10393434180963800498613580607484015544333429028820755529379877538471332683797, 45444034505638248690271778039206793036633687002907431448500843956181703422294
69695017793331889446734439512522497587112562623491866498923984496125551266495, 22240971489223533218254225186567098075081492788672956063259387925844060482804
12484291621013080245283945965097096146305654043032889442038959423944299886327, 57198257539232414396142610462409649028796691265657768561199271899117936528668
47157291355549839537274325945441290345658585085617027924183730525961224853896, 53244489050901274624738014431074021840754788330591626926048871904651295013089
63318439353343022893182924312552058267569248254506114084407542036519187168053, 39914095408023713946518533166094700356130264616934425972592311510371194629003
54897809163303788386229755497355467465645347361235492207424914848087005520045, 46344168064944728696747130954815108542870050268387274139044359309953615182639
54417427474483708313556362517235003713822399100248277788925039088669003698090, 17413131580925418579897278797027022286340725582832227994877145066767794993834
57115741134630567085772515269680006654279563503447278249395095635941359148674, 48493066275622546869501920061367753540603945998940327086198320658145915434034
920070240898641744692455961139864347851097350207139131030320049589823296614, 39365919128292737446731625665856702660087133911469899916832242859063008304764
62548549282019085178117050334284575006142247305537136613006894399632572883065, 46421168714178030016976316218760489056954094555398280290983568334143210355533
38050388511594067229424578063337109813488107740703771546619492928745543573410, 17846081805816058922637869269761063345515488803100856610616558404808455893637
43271465111110080264315710614585693745791293171691883140831296910721684572506, 63883469499958076770722651073652599370510433727726631816617282235257738403218
1081789856647123216669799982975977111890872214689851864688508586072738123267, 18799673199945950624374485342710104237558702674372028484831664137357503761593
74648976065298691959165048903857171952736743446709999714123473804835636252342, 18529016786393899144126797159811260848250186155374394883831305658007860328795
20973175526752444031637326500528488250966180006081220266063762755194931958310, 48577621904765489309209431309746722663124182534876880942098935680803730759947
6685975220800564127317142796794371586314105334288742749137949500534715796388, 61784659903037072060103017265740430280224502110660611687085558839079899748805
75286951841561143216609498616633470790707336544501185807689753213258975397201, 24313706498224668365742379355473438711795299123807436451569116942144046828908
34633530099254873240687060804533309960276256682989948738560462025137825863974, 71501913058701286049550555521026480548918887851756325035954535050737301655455
14214760192771725877811878828730245643559493835636334028322877649537633033516, 40735362071511096755140078034886781945006023204994542257946611900277397715112
6069085024849211273590030146933237519016525668279110484382776876870914445968, 75765748729618199699314268680367540736831194963677996857968797179912016087065
1334799572313010555341421138055037899065054897933218067906956181298740088992, 39339201998829488526317505033539411090377887559532377203736222739410340961588
74488219868738270095512982804148753301833814294531948797632248827003086116373, 19948560086099693833170362513628887739567897040784228188781270862445932987017
3818646532783076832156315468747711165621143624403510922889695590519369138235, 60095044089186922984769595209965943135600307008996141798465353547319003200657
17699341865488636691272510970043697109000722070536043838212660661307686123570, 55999050756318580126039407274072280598433861626458660716466301652802727816822
69608257352715230253025798950143947776763195129933940919818763520993333208786, 38373363149007019313453259119547145633341914940355762687899806617513437954709
8169072725644260318741258127637080282968280540318972039067117587107993557641, 60022919923964590302688852875332087310024823636972990712317471135303609384668
5898484482311594338427443568710082407663318117270917368693176115507631227658, 1757613285898020234734644890589016915738593696690962899503568332408951439490
27328015142327274245973543127505063762221966849124940937869295985541614143522, 51114660988584967991192553984490889657129080147882784724943084281636787427104
3263491182596417833553462734622225179513258493088304226667601902359662266000, 10784626549496108515824022642900372019497298017464340709005845327439744577347
33767935332242870264265621505206836444451244627001850787318994970548904839060, 51159887268467697464244227917889503218367416664705705620436774395332970598536
75243601713261883315203735941108833660327942879091729484899429851742484119716, 44004439312063417972267169651467576513819417335101106335849856799439757351238
30588690410903492973560545228277711759090427672112016143322621624335987651816, 46911810892956721273121892923690845895141791631754640335197128275394086565117
17118615270310801856880533966912324815447178270673578654412741513898177494276, 34456097355810106285455472495815679297439769677954498131803815203661536120721
2685035184756551429602638278050932604484394466576348773051145371615911308116, 6048886166791249687448883279327138827458333206850005800396307368644065282208
30742275313458565550538485423599377212619542252694016594776294056295706634476, 367033612972836312171933092993977794453620034135252751373030063467996384074
8469935913310906564865437185146333489265231298113209293962839281906667751314, 29172490967620711416581627257008710857414589652324526118094738450903736791853
39983544300677973033763295257971278501151754041355573253536886533351146764030, 33083772314727384224709101924459478994170772991369265002104689564846010898959
14956993864906527567989928608279878442641313516530752796213872677258049698794, 31393225638939668820395369422342534627219889312755358403242917947111842505642
52619472854754690703929963125097800000976317010796672289275522670983564906953, 27934767274801003317935768925301860721628909904430117363950541548363204679084
4224685600361373171598098175079247948838869258043570529817040502375957635827, 17306350633324343964539300692540826297416666119274033417499427687929999011831
28331907103361156620531001553149346022155326475141451175007004302088683347183, 72933544483500167653066275253014379275234445246200845144994282846154522472251
22771188823578607701114185443672426635224243510459418945764877635293088828091, 6387878780992050451835356615655503565122306304775440979705980940057999025245
28925078952335198303285455841114767578570432719701309066522227049398418251681, 27180437616227489763592315833320065205944764976706714280228692109090956390763
9256306880891391079865221301333746875413962145987756432343356332983238153968, 70836171890452210228055032968790238002651863089519695274309673451426010968678
8450594908104404299238919902225848721002479958646975897940928924810272489366, 30368231029679998424344530394458238304364758889543747168051878882713042192210
59892104975588298387794565923466257101164658616511102034779674251553998414359, 64212066064030281072411743573019541712100469443883777294093029923583876424433
1786666482474908416597967007869070310831694897230334706909885607488456080643, 47862157128643080076798444176106689515339299009264880052317620549638681199835
76317860392322796170605051024587529440212360999752502195719979936827904585509, 31652928125641797291788426662782027958169853137803290237477480345900824658387
51108156399039519609991019909271154816115087290163798786696911629567657093138, 53592457121607620672440078388986810201570612410561597835781551942282738740708
60337516101206983856986459086676798784497506367391956647442103373066935726597, 43362509801490433375507699312641412695397394364681385614032179371037831820259
57718750214823411042338731697631031973920262836163851014286965221880291671397, 17988904829015905306827691668400252097940611190970133187506588984058533887772
43686669945539257364784032630178077706072124326050252839725350719281234472054, 6209610392686881246112230930276033987170401228664150965090813410373215705076
34409646777581858023653173912807246318973628014442839359880306138586193591303, 36582165320999337371939309944400568036262486902828600048125603196151808345724
53157725211281691079368360987900283247560081307144718437335233776159397795020, 2080794856285996774599892204954719551027057638339235697044049868810711414933
15888550677539885411426341314181835525509752090126049901610490069287057296519, 18236896793091712411007465557816452425018157665258246073290326380600315785515
59651662947773167040403327637953355303251492088128443644480939051553682188942, 10634462467593165457841697935214193455318515353514364364168159216319248793086
12483168799270390143203111710827179433114660726846238741523662646099845159944, 76033770627889807529366179102076496086245585000989128700120087600848186846187
2367812059708390776006289077307082378025146799262899127473711267641199201231, 18361996017092124641466523271506729229240100643237311534086000988778401058265
66389948242302135997525438764715634769667815577424500415091599065688049073464, 7938630589387753389292795527849327589375348619976674925449335823489928321235
48306917420777589106687041025056674794328349547651438303191684003019962795516, 33704047012190339576055373617291524340118575536895382543530454385218674145080
36490518281773066002799798794307909696592248002253375376860618862730229087333, 38335804074157647512242384248742865349413735051730365840229674684493059023899
51852208232308232547235672152263234329459850307284028186264654052214165957343, 68645126128142580524622796755278190378863535699721019413038954099067649374844
34918735045809467919785144645384821281293159124446745702094689223157506555111, 7928036075742968349495053292335321743484308505179406301075237513295329196538
63749975086322159611053329623809243365683073387651398189462961003362959093829, 1324340822203933385922461578179593699335409450979129548451813693861418253524
62254312208469035199814780523770332698798212269124020880620573420330338769400, 42409096340513655502361630859972120424822168248679727383570089179358372020232
55938718310599856002384102539081310867007279924679848397706113597509750761471, 58067224425525052901482423733994009676583108610624257116560495404203161679320
9666793450370485194182111648828869846933423479915403525088043097438026974691, 32025037176783912391174549303286244820552729195638667064652297474516958481306
37781428877263873168567427262709118920701141541242320002931067135331865365390, 12996764168708405705272267477086339619213107358471089990746448363371279205190
21834773021736894916722757419586440045190941947288406609857358140000580579222, 43890786366132079610660256426886016990627589110925224773190817015532922465104
