Elliptic Curve: brainpoolP256r1
Field Prime: 76884956397045344220809746629001649093037950200943055203735601445031516197751
Base Point: (63243729749562333355292243550312970334778175571054726587095381623627144114786, 38218615093753523893122277964030810387585405539772602581557831887485717997975)
Polynomial Degree: 8
Polynomial Coefficients: [21, 42, 15, 21, 15, 21, 31, 23, 45]
Public Key: (29855964496969599807021181374559066655995032999223178814698593940593438249376, 6831433122178775252037634652217016593054744505636654872197583721178112669546)
73439815119339047219154537185947795243436625309242972110822564774678316237793, 56193565997115508226803184569426044190137867560838023076890909924363122599073
49645709295893781805493835507907478789203766895161573349036161903826040198234, 56664211220980415441943144595102762312283946496985516088695492177337003688723
23769695205353283694866622145736479440127502675920462980098890472823541794837, 10869543283205240220705575210214107969059908334161849906886972609002568826192
34722911588235349280259236521168199619907713017994521717825808253328653999716, 57748129012584554348110738073656806104041918276295465188839685945115589831574
51850496162274237062863576542563060459322745180305169368085758884320738461439, 40392496778420468139434096547896747689136854354961909825070150981637409547211
66017881386746668495119491833148943487199082162099051781413022528003260430672, 45561359008055152095291055506939623462161886748865335977770199926233538801701
6074491857198209966494548364201573346988100144110053957037615484426265217184, 55776115013964091307027744388779190812257216527027320572721812174471330200322
68585255468073300250237787356903545396627934872495745415988003021627113924869, 33413751903952419676291508843549803478212005222743093101233279601406727652039
73413049581305650298906356062785504947452056859702244258621957978553359030309, 62260000480534889445885813025678731286346495621593191739020201734078583414754
47320055250929273966118734002155985710790032324716963472046817312285598680648, 44329302808083132041838381335868710551213207228776675490022395598932907220046
4820786334050478967166630639702192912777873132091865490631199933196229416866, 62015829242246258328655237569059551492883454095410653105327553321976765401939
19186096986543620136511390884995532389865250569430414671774313822973426150407, 47736327144485906427569874258080434746458193038214371864558779940946311726247
58094716062847827641856308150248304938537323997308071679043570917445562658587, 3345151688258466575254920764754422000746316690211767845642337077884821118297
51163365712113750949957947218549383235525789233001695966252150964943495858390, 29656644022229533874538819572131338328685504018978829572527682470622686511094
74481981207116162666601585959270680791782642550695920496423357936626204061567, 15246937427674983160827578564876066403560680044402514617573960619826277836930
34037645622436847439439771831949534247317085833445652605832902415611999466505, 1627812279864161797506116230386451306338987977859316247849506751149029838042
13015872380696832694700671826471185976947864230436918307285002598472508106118, 61209181718894445573389638096526803481785551498562067860601069074529198085777
47236344269699219082330499827745158552374836079555828499261318838299529808423, 30364212488878869487972462035243201803602245936178311769662290362301975140737
62985500292650731515416407427670236427805038367320850520233825780041912258081, 31836027057158620222546167349778751403416292892299163484402725505527738262515
12433304542851568892666224390738549888672017945180747439649558025514373821340, 60974079345885753992091094893748289560308272377453317688279246087246739179528
23971601937247142523973522963189012988432239540610267715325707694609117913511, 11538145121489032110105505226801826558743707901856351755057201217413361414736
1588859825428850869355610782323521422443728469106480706017718715447886764052, 15030040837192438479399325425389555304799616288735094540647145413400413891321
43500462321916967596282974813847342004552503147377127412184168925893344128761, 32463897812763229727014282895531126046281419462358736854132587123391312896560
47053457679196579072952606094473909320708364845539508961424180197329446196011, 52622414173930343642757880499388410377355216660881039577047742335676093668930
55319129399424839836582645728662386749323976140840914678751668388343767556967, 11563605297544572907642661952837631374034796988486555813624470808882077833179
19773830071348152515477604565652043507195476783988535054489884088979286180813, 12955495160033690770019292909479779603550651899802090765682231429860428354203
23082004197104925297125648821440469962966198705230629059739035839212918426066, 53925139223956538409635620786542860220538154911351981854228417596191830323171
18537813940121275958593869405177691329408363052285616825636331780642012396913, 51476659048310595564552860761372112034912514201588270048567765367379889730085
29157585500076020561247282140388391397823948667589509513176161318004926548119, 40871055593649588099270221821573090001720418385463133078473806569820136193003
75110673549590908181012211245188089761260739610616753380697851149540351264123, 52457173561959480100571123270605462545137480062099336188021079945086386141772
1473947909359967827948587353493259790470628596616202843429115503965566388938, 75722018266844541829807072021679458387789178890842110047540299419305622960021
1213901090540998807679684991524402503732780468904635733171364243302695825417, 71174518345494904957420515400760555262025120785873610595545849726603394640900
62872295034010883048449422943235741183816484250274592137884038675661868112950, 1911126362131923789968265717904403454439383654974359977622490093305937303241
72431041183022103576318963590998817755299350513699577672090289183984246786575, 32642280832267626560539329480447208744751247832198786658909502737578138685126
72453256381173171608973041362660490775039036081509282814062503309226470663804, 51205501356194401736734412790567571492372150653945678151372934931913314487882
36582762961721180556778815997506425016112650961423997819909774317816257959549, 14012142336699024951439373015038641468980876289113534762538376484008490217206
43231172581148733971477295396793156355957243610483838982185844651156669043775, 65432251965959341212880059132970116575245654553080673900788382907368896399341
17765782298560211463789226357393970055472969456562089075914427012724343593437, 33930466278869720576404005701954811435677927458718310982824607536955708640933
16112390561482395401881488610336118305821494293832614422683183153204171119156, 38484145056784759723163826681620560847662800145766586479013059514402187656210
48718238235423226326397301140018400539925906697518101173005131950842393475380, 8754693526496379408853511597238960030136357275822653569256646708395601482677
66794588412364154616150692091138273498896996089339220697593011797146036560531, 73091256596744212390623991313282958808082175303518217024126659879344505916327
44684862740012143417003740407359417674036936347252705817234912617359390682716, 37161040667128219139612275312945041801119163720825011584024589504433015492224
32896679212574402021170254727799333845525409752935602795022179560239804779357, 31009978816533637865428531270338747277567240856998175200124107820126587707577
5504962467321920165362736883984904205715206107530293963343978828492520156937, 19437507176845106528291214612923068169064546734854794229031340702671624930247
61200517991775958743863474560267249593750878352445340098760285289302346996601, 56962238468872332767778539861290590455264375689606903016821071907468842801152
11898653719985551379395696926798202446330576461054466110179737909419686054967, 4403067029653857807767501704333038168325216348997668174828741529676841853893
66826946847878440200976981147409729984027709216528834445463671065284594732031, 27989434530746453318405288002634437356739455535552856459105465376999872691243
7777298342744385039053364425527219846828070174411951588918466591730023088170, 71236127586209212356392657676159483769114374810798232027721153410960807382108
58143783105074691900841849048344790544245109123626132534490551127738662140126, 27657877252965280542232529776761965472722624442999381484597413388698766859227
4036597054304914128366231721932620745306002177370583268669499094502888818276, 32740114044533182547390817557066565551847130497506918372124965221760774116001
68062463882296944652669288010465640177804793790235723541434859201276035154077, 25171194518029752299614812919406162867218074046794157617137847838458472575226
71075030189674943546251094910611107844362010533941632372406739137571348523139, 67564486472022824703701875605440919566046878937459754059342011634517288216602
56843040078042318973419985136540234246169396763880299520245142786157281679437, 9058052025133985993642102185230680968386613927798786090061742103463033061560
4699651852742047661867013778193123697603820990196877665546035636085844091130, 51394101267048763484060169609115101214010996683652518882273241270158497196232
47144277347769668148078444481019987250214721646025813190926183696233287772697, 62752995345223419490415429747746001063997513137509729608330278627665265903810
40126073278599503232620842660486845420524264888418454442826380462008442378396, 50479055796127018390871837502459455408025467053414414339745221697518206137734
26122479514833021606119944846149416886890306218812020643917549826315617891102, 33195401636505173232458019680537113951801884360258314209511348028832769500115
37215882176099654831630088954642798282949123340621010833419910349240512727344, 33246103603062064353509601548804805437883817798387216484692813095737015919011
21876369716904238529231133152468167216354460964438055471994256885895205075398, 68066645470636469629014221624635465258217746168047847563981357685440266941506
40882339075233838019594022105995176335367696970886356167490337096667033703410, 52128473014193382356984537494225745979797989764878270836097738869820892700897
20021810885856288149451552766670322630434408594263655209562354851353856235633, 61377205190559755843939042612289702418312058343618073058443258119087413624533
19291292211597312749573323574038720148714661794937999255790051836274671767255, 6692092170592922517499676449794793329996769703142282150386886682099529602173
46040380996443044430817455785926944121423523511921364727487129884206379270303, 15654106973433882573105928457047099111453265475490271959061795881117632383298
10222463017702840873568589396863588642886911740015606099656853643021470875266, 11525989727370100396703862517393157532839125520342884516591231088153631858376
28924241979260021299390875456866618602476794457551661286126398406493076804711, 48732568229773247670695492368780037891935097097986948754301387323128123723871
2422993795531611829323599796449971683615755355904000527590730031191161903911, 27077301989806681775413855452169623781401141892539998459090598764171570169133
12616120957243622887646603968685542688529759336998907385343622402383454943150, 70274968418538047811282215479476619628977733914825736323598434880994411712461
5742344782250808708394288501799860982193922315959609789595609326818702504459, 60949152084999913347049082634878062964417682445423317647384148990728691093937
35140054449548606193849919250935769156905305581578348981940436869596165126772, 15273895515249891022557467914580177979795958179300640478956606143431277717863
16814427873277877495877715975643441594010866266116699254894125233184769305465, 62772975975815155369253500014954184618176546075095118596126296661165003682103
4214611208538762696968514698833609141083259121715226786505637520381884719842, 56387095534235978251285294802600715070450391117487899361502787113112673827055
7907094699324285315841563475648259681922009606300898591973107144367340116223, 20154863237059597574217391422019270015944125844880709066180472828279686482076
35861846068442476445465345078016204386118422425812139266502703314149680292660, 50528095104145574391956410856843506366980240581496596206177231525809476396551
59961657585806627397550826358625025850226317115467801661262552153546869128706, 4196358441367361866645149259512842465898838406716732537377668050981356511775
42469505751423483859477329736859127919970546696402581644524492527506050005469, 32472692026632643528882827275045705987261561209603184186365827995199475531711
40444217555193444933046744190638369044666795653861857988575081736175786724225, 61996667537151203049253976326604631764770728554440733217857920568758968665077
20776802012149507399384384214597183608435231485987204899133255941700918576987, 10532719435820374808342647961676490477274487481045955682756008239307757114423
40307624884376516882689073011018672224336001642731558417740636115599927988477, 12399448746989818988599181872038241437151035403912067742681548795694559962575
64107390031971030826608108283548956259713761157066619015096275883961603399221, 45543201652565410575518417236903240572965696232638461776347591870804272055256
9827040204418563138396266000892445556875069889288352725845856672696965050087, 15097718731759418871827965805057396098381428097222547648027117936519927541598
26971156050767027639595845134761920533400613533172276574338157515134672417147, 39528830993538415408877138919756473050249971176371009087444708369597503637632
58593358534696901542873623200463733088009200927257497633154583204363073130146, 61339614949278065091746039095801062260229667471992640921600254943774043060753
7554283848482440035947622285590588944181534701310435688433050460654712958584, 22157035064249309356770585296376549051462953577294991964554558680883217257620
74664571297369645795130899850167931024218877262005028809593545537361351002385, 24616651328892083789372050635564801891159228017501256173736683065330249276986
65949395963050176132673083545411571814039408730257849987975404269954172636933, 23161418826525891371118290782045498963379920019755913176717834645387194793883
63435216337921557184821551595322793380238566731614144179818977979519231438530, 61346816639408600085157797231133427787087838088735722164210270968455394243684
28731254842834158269522821821190586936916100610365753748813551546120328917200, 6493602593317710344021451828891728207031135589415465084928417108347978541153
58645549991298886303697501992621974232158156735682779713825081546966028985420, 42177760788466095748100351023379043033149472969753059384006143455359396347371
53401821889830802957275813113393641695032072017339386453342635215106226673956, 10065796109863188241620188972851898396197546003639708789373709836310857756741
50021113284918715237482096049280333384607733227518554237211690016846530659728, 10533093854132621320916714129688561427215096557167042290809966118978501354420
51336115948049117764988336726883043040963829071713625951639963099746992113550, 5120727384743688676959972585647671504529869436667634331269745715731818478720
60279642425320319007688026894829374254101680086586108780274292987893551088106, 25892569681545384268069368745670959958423798198590766578239118011428805469954
7044825746567852546563943210826738033515696893634481216310605701490886113937, 35741385591945622205373343791065642293135495615232741008177622137915177690882
35377260268352773017082121381574731782786679092865499257423299438236414044277, 72597401351910653905117256174014819903030072735778578768084442276228668365709
3465189606088874543041484573311986848801601740335084326666129906308229784886, 31283325833219262990986165587455897359545696137863228634889957602285025811574
2507656919826150502353436509068167387995465813322246392824475261102553370476, 41120290296053899202070359460132497502780121051195707508474723285658178327043
44207484623041913211835959159088811961701325778689585032468074086478671987049, 67832412098983422754073886864433463971916493066803538220944005389715456958560
26738071554031806432617465668423253741403466354431961806711962781183828590067, 75712085438400548552262205387960187091914782972040651002842266618485543619705
67382608642083618904833096850576039609812688122732879427167669605491271555213, 68009127399215727421439235264966665270396483668747940918740564153843848094207
43917934280679863797754770471924774100253811320129627982992384268871726617785, 71984940370048250861137603410312081512389385532260574144450389137804260497562
19928590106421411817439827189838111028629040111891384430395151893118763539563, 19567252470000148418359616876427485717300791979876922373655297753493849029969
4259203616730989994319583987341657207427723835232875537559513447839913657904, 47625949502534276660105806171900484536388283357735387507106193543255435126022
40094092237029597721767816857831201288028230293876109972463889682302284758899, 61606886771262027085463321742666614756465852382132239319273336587529167113293
17750173715002802217581659524074195415634485336188011512336818252658193098734, 2787800851942782106965629559859283426260448847998414064555555899050495242926
45550580722377769925321295904879315909495460755833508123171498401304699077007, 76866060775315431534233492706517659428356243180519746529278068462551328667180
26544415491316322467224903608153495655012185815467021801948195284722598338216, 30495240329960727189535898779628736907729357988716518049084136547429900252542
58256237091198547761652612297671508942779665640953069251676181293510558321193, 49881323849961936261314367653355574291699057993227833308985912131352034334857
40866453556756532588695090445590164016601857667450195026361013661035572105178, 30140368241389694302319277184301934655629253508173634084439590813310097893991
51308450518182308498501988661048635841408296846656928943280774905456484236265, 67797337535054744008046773371291801499023826300599592197701395251414290725420
43560097090235529466352843578268864038307452091998929917582250454203582436115, 5288846952500643000829505639015997554942633709045055511865783898996040231386
63747672990919890735645038492226851202696658751581789658122650869582985455978, 52929191156097316829332471160691869781304742938404716113195176551259949892427
13570450671999977863572763724586802730572401969366999758197979152834518628517, 43991370741196482338605146857427454091927361928715800845285925267703705909221
66637890793991203111600604845232822646768829408218171456967071766103979322020, 41948262165708449273715396514373342845623944426485044162051837910727646340673
45165492259507463292537028261853178770713095277427459320485078690448517063422, 10472500585884280675461554874700143795871798304710040697183311066650249262566
34725715340793134978681344080316136037122568037348642247839769674084503771378, 7859664311976236998453821401259651254658152476322567083578023145697704648395
15772369088935090750965036709568616392186831285063161890252522057054163065886, 76528814018328972897881635703494572892560371232741142098731896301825059089076
7360316934325468606251360738420782585416076698895476493502726590681182411825, 73365663187253052026114766836894043617332042604943665575562248620751249245885
74592724116282708772875178497664419857537669147625753153784370317140505328504, 56191506036092554115084212048134008531790318222017044742709450174315618265397
19956653442122986997907405842290839528684901683723797089035662721084598730856, 35026564452463453528627481392274437546214098629398312196100778155253045580319
7362214704363521557651766553115181205870012746631781890955207457823407583648, 72820155660161206884239017875017563659588450201132632889444491440564038258693
40960941894141895877008454857456011396205555482828921367311052018565122491432, 20464253806760181980909649210949802574139703657453318725351627572988317192450
51803594580196839767107026467513050844231956397808716029434491149170469265850, 43765294679252517127554989707754905249587308631097662686049531944420677403073
48682879524000196128059176659616091396723709768049510076861459561920114488267, 33570124514380325025723699526555066739467927009131030531341319369860525106899
64856091039461665731411257845429802342913307671366932455829292922454977911823, 44743026728090687371006918262664335626870173596795137824800314338820163621419
62670879192461604656007032806977304800505519789553526922189087041524611864155, 60016203406817392307632731957525879633820880211606329959377650438369255383272
58264583136016831844592813584660985822510283003447821820798430569522376834365, 10984144232302709451564666794406019755142032951011941078597132115966122191895
40940301302820122488145052932393746233098826120699597091041376373801836073197, 20438921056881357635136663351362462920028869792448633207569135142488871587978
55083171950379722652127714602756754520284190045424810371184649014221834783440, 43557330497569816527715784212413571571547353664005273661629625877849621166281
33994071080178309419376500870785454532604473486955620026614028533299434157263, 66873929251672627421210211449586789248852488934647647249162181618577239401498
27506432159653313376372172025353869984029954018210368051455402473215082846405, 29603132959359123283740036855742780986040498126650243905625815152653960496378
35102009550438910394497655033138826940995102335732463570498925896038199686460, 72169521902714238313145641819781293966105347240097253899139619728917508363098
69228907013561271574382222668408872823652937964415365585004528212591582012986, 45137781036445572570512892045863114300048015484202469044736328391095880735743
44824927024699274553660190376980138381648191848138788804578314113598341549818, 34328905180045724975856929733414133739015317905227043892412880428224807193300
54055917034749183518996607211222145092183050172493049234542941884607190901238, 10563582961054117827941256965098288372543033007121644122302522751237059962207
51434875257761661946156132293106358724449957122410610348321099714314258671868, 19913087989955672478452466811621909155876851949164974624558443071501468445682
21034249522693536673932144599662029541666013297270432488975453787921611713408, 74307670811174331477483043579944736253079796587128865704737788296223892184774
64913235240881514161813602337534538474504906540078926476045238023602035370557, 3743952592625553738861061494545172359121330318227227179173826054584411566740
59165280525576912135919923001957300506861880412115755084480126231817976609583, 61867154436852917997126984485494204778045887429091758990310340183322594722630
52139698648450547716649179104371455568348241767061416374117984898202658341904, 6619574188094616619176862473162301765951354123146473439832288420275516664264
76462969163891849242235254404192865338075810067071411655056136072727043495905, 56961351185626918405537043121535943222687465962599012011756811506073240695168
40070440547365580098746249547070832751229629287715474897685348800211528093454, 53358876134903012793052969138700902523648430656757642808335635349245433132470
73822948575010290540635715467102791525297998148876706851436330040586470490611, 61784827720004212462186949186477997597625808541064863653815605144860040131428
51551201064628036198553003212771201965881224789734713260613355909554311431525, 61040700988627989850565151244466664500508298826354559418420355439571645296622
54716136525824917600581210371942381019612239768673283108719466755029051653066, 17208834357470350738014133483377233636795170309836987335708383867234368440327
14377120671977299861350706760792954856526085455635427199280239988363030939583, 23084170966792286756127230801379873889301871148467831101049203808426249990013
38622797793793972773365621333340510512789935848788660711736087604525768652270, 70312830464717993707352231007177916637686556569070757053039204999061265062794
39528566534721689716298067903606384686780261854746288681011009126633968285013, 55439508210986428030667706647354897342524027850632866857644468734521439213669
42298995436691666390572908128951464050047497669160034659464782606720293083745, 46308517818267240715082519541531893296261603416671253390566144586213085955991
13345949215903681043617967772352373655107751268558178335127080827448245101640, 13605080821391864356143375804806886290437118236029147427280030933931221660543
72991550802198894359710782927936970180541681597053740829791920478781419659890, 16934763691870021330742121503849589017704458075022036143770874826232227320190
3948848979266164709961960697935943450926940395610589600273680222164160358525, 4519737363876996555857400967865024097101853147141914298261312167803791104695
26237237734303561482371283902083017246813345190034884694759840877349346807058, 7858627298193292656162451752401659734302449704522789273988784069259514453516
29714105880108092472568601590738472071620717005674522115749972083297581476967, 40285610158816520653503766048488877453326306308570682108933312808010172844835
17717020069595658439753361787388595163358408212385120451669063048056300448359, 29615244430403702879849785187617229073297431477828103731225869420349882432425
67892750209053854217768485558531653474846807939159470574087799573208242515424, 6652655423118372657865445317714282262619124546793276084385938135126783713355
8989073163273093023921434715608824110439360820790800594308471388277726823537, 20379762838642216610522710832830520623276142840174259940987625932507300469309
70902533909206667334071264106362506517676419712388939098682915935524587600363, 38341330111411923731617215981361959270634251052450913788780146811014328850588
4520677449432498177799001633517290448259961559903922772709234893335334592837, 489918447002505485184047467623114438273619782432388582951134875735174352357
74574522011899848106644603645305425600726930901657327044293241135479771026938, 17461719431816417275237839813906767750076086549647376424387072597898761600911
39465978608599480431911517104532929388427717042587412603475379237378366751445, 14120758590272928689170548586755797592349880216436806459758475027018827761533
21399016142503234722666269796723688067859453814226443587849756528684450946771, 74771455247029369050272359486731799671821932106621486976477502945099770360610
50177076626148972680444744056661677096907906170343054855869701505353401816796, 48427119541125196238670599237317699146697467547291343042851962914420826435900
48398250349294867280095892267596591464518061961962265205965487982659287590342, 51368164121681135217368068101276866006081337587592621412693318674707752650634
30601327371040009121197630765020128998016427726859821778872535715102331698557, 23161659653881663215206028694688905886158778433542775002433644300466432538237
76766899102896282900453082106570241460328102151925322857135384151029762973266, 6265251187457720361194139152194079599059099583571172480846387780481989177135
15855565062996348598778948875071774843888114055416864030511951021338703609132, 67742889880928290449304399098752830091007558167830273437832394256532006538172
6681620707485283054900931703370342765513257374747670592339471325875709365010, 51684108052253805191041491289446737194004486260185490781815608558858977051783
45936242948401036643451556724791915869044749731546943917853935876939843837533, 41060416653800983553336806326022367403654113698581562885068825427066365414373
39932711125070722208942894674139385657695004105802687150475893914662387829889, 51555936315654287964200379977398034734814091862578470579264032568039346496392
14284123109249385695294106453725425043084622147508318945188158595791703520636, 28406131117728723758338415679644459818596441320306804652181358779043503895180
48699910270734108904013759965010536482657676287840426988293192333642530557940, 2249695417095555949190359941087170860381965879880815046202262736138531371576
72775440842636338800803962451524442725633259298686766732725366060260400116357, 74091166796309317837581200910467069091464238839481400579093227651734579441116
56975099056127266694276164370502997186815361790834887638047022778862214518685, 46550918731058388799612074018319404345064894466809527422733420016357743218597
39362481415625817381840850091942966142378494411014923736544593602607654599292, 37496579915459232268675876474597940639816820743848606076144881441213050464657
10889021568669824725236708539956856651005485406297614670239858214471779629230, 46066913490105204461493128299064573429451601999935168944038393833569641251283
14014928221762372639761919173331451794968289379713308153396329237238222589666, 37776071753018087395260436567384700369405575530385072602712401151789612024035
41474401754638722466864883159577494717178137722566446641085769129404269524631, 6281576633736982669566794090923344539327237311531603670321985104070102216988
42051647115063672745948091381069653166523379505705182045675936253056132236695, 67048294924041884474606770336906504033993150846420033247201123614285985757972
27276487190443853183721497737873136831641178319833980713021091315630824584719, 4800514752422786900529117259116553021162523964959188992990802244319704886444
49409403171755623097797093599156214754219052870247262093002050507880093362109, 13250823947528622353709095914767722477178655496727672102279110737465711616909
38940727075950645760739856428110905143134892404820859007206577336211837572877, 70272834066038289780243791977328427994648905361204517824428494695822447084970
15600447639221708233258400842450524773768816469835118929598183709390269057652, 74631904720404030789575662146553521897130125109040760553590893747134667277454
32631007441870602170075074528756238386567349837382578161275915542369036065900, 48621622600883536025421045828048420284475631636317504547469788751499462671452
16626052956844624925344405158348487053842311125778238201810114287825470069865, 75703196847177553865563432275412761437542292608679740300282152851674338561574
8330059338980680727536997749211120394549243696316570985297709690603735484054, 24858619190723827586195239192480340986579061371223097094417723145324899776969
65029292474956880836580451970327566715333684210016327142384038136590702849080, 59477195846573519791713308441164489214097990729878965706077636091857929002745
20702240717022442651454854786886228933593045998212841040181700400331642103185, 19646443812612890385518561697394365183739673020538322074504524667552516632577
63444164755445305319656507792798697300653514315218666419216374962320454936687, 61183127704919275542300204176445484337625319886156683007726871101346129383026
75085943257287092641422636543052295591952116419304093292420655033407382323012, 62731813562057498670246315946896931731439458105324041157492659614112300969178
1275748136961151736783429844481548624587693764931558870809482395632605938025, 17256403341638286605861676677814356553669573183607962407333172906289387234009
38828032216296189519669411827330624802206933299442761220652573850588202562982, 20018085590285874536744232495645133407811739898819879304805438365842021528542
72183255637255213506537450652667007217375612270908184940995637501363742627530, 55914895574468438386837952259979213925182081577535676866615578167061036994978
38015760632069731604353819253528734224141908976088441942210210220572205128882, 62269392479186715784305477392549456331844032223756835208917841618335146312981
42898033219162461801961722448799842151620053865875756585016058823484102591851, 53557185803516906740189629808221682459143980486685242714451309247538659402274
39100293245242827387472069358576495787957758529632597288015289107974758304030, 1403472205163703346752001508892353816203382570730294896283208944525798426245
57389615556449929473905953647855702811064699510854828089769929057259157428836, 57541722675541897389465208316527753302748049885675871313723576227209223659293
21788814108108997580126405792197621976607248697054458755772443501266629570412, 29771196972309426219858078247138101735941751100159493369891656309662230595757
40590817090770490776693176105288701283428946549779454067942858249884159986289, 599711371309313653114636520246163522681622853583577437170522780846036361246
36591225080051462831919605633064871055685875359725038044117187718989585497328, 32988766764408339865654213312583520731255982754609596822171453022287220423080
16217898448031746303161728428252920247593314796261415449270777695364760875113, 11786233993058559018758718693135172799480202817020614392787536541310710845003
67008261321635890160632827988131793832849007696619469361863952951038370811376, 35818760746467779279077841986079304177917843148524876675208690811297608707903
75791834902873886916864878700691954370336477349399495539684130569719801861031, 50874002720394234862129418161623767309929764389768174066480470911661436280941
32421003331154438028113194368824556219796439813054933952822114857450531145667, 76867221336364921301981379281297426213417229797014044499066886828778049906963
56146370095503719914768389065155798541083310837879490263412967373772571317015, 8364056037623226190839467916165689666175517440224859275313357529356822875604
9097736782305544160089979632293339302092411869120556813650970866086046682595, 28744867587215772535079698776272263199556604846134345566487010907516766407106
50636789759208146935505221963740095752240685274459359019786587952197737961914, 53620425215081201565772219792799128470640706351829625139391016146138119855609
4739050475475477925724973038467356481702866450832058194977595752939838750835, 57859058539090741622731557995383588381412526347937104277018994424557552135320
11573074253035468500284827323842267439838620202535554678151898029004118655770, 25324168994212717943509295133507437122223243321181270324245434423404982514496
47432613636879176062697912585848294143883228946425003524468843253761499825471, 39110276502149498332753133940371581780061004913126002884109412323597459129029
9486600028082851670986321009525254144496929248126229840786105140329256923399, 70144278422926713216997729021566488395964507310034001219732357937989407168905
45075221964401004136882407455739263093403675611183908396051926616199791392353, 40283769816460870388151426225063330351879868715909614664166408618676720796990
62864551583867838277626758283876098878265764601527103565581084720423990766390, 6527002399443180972444980924730926150606412974562136019823625436565350928594
39504104868383190596292279014949112900718617268973496457915114177200827597051, 33932254507593472582045728820841647828041621248657050899496070950320898601215
46244297295820262597458300949765529506449945503133100042612621944860969505820, 68658204560555912043327774306945280200377479900405676702789248067513565819034
44434239773602008621194690100778491233010019705834266403838672021792093260756, 12590724288206086002414345944825042184117623889980250083538792933943146884612
11440940479556677146357376875826555629607253291625534074027693722373156205973, 11422960557923257815529753617743263749878649450608359341388625039336885529554
26870914920896474960508821383044415068805217728750463395515139418464942209171, 48608328721716827549691415381056363857429764880044821799503483620486884172704
29338598521493948524681914674869702711653859633194350410697448536421422793521, 53267542369076407211181490523036822910117177481217937963121488638589545115241
55039070290100472291395353599604322208402201072113354056314349659206108240118, 27677761447716108067439921759156073429682486180083344428179746265379291114954
1951101981100899329291133303914160556284063687126644929106863410609121154232, 10979531860638410758793273359741453537758826573611149442762072461844032408090
29698175939226660076523511896660434005750371927695169301722665100359916236656, 5323726302313131682412509392811653609579578658388436860766857879300574861605
70827517870338154687138081216101989220937249759140688766279607988455049459337, 7031076380056983734136519689695613146187158454497401314466521008527579432419
38188582866146396227580697311229277605629714350152697054453397358568167869555, 50813208545556538258632767789289905939956461798917810089991874383659998820821
1951711528969930688179832996535114672317956719505723842180601130309678821595, 799152865930961621885038175371789013965433714275498714155844195225462015653
25052248512430307953714425578930423138527606374802517456661138321763458914650, 72861597346448591125535031474525367544740540522321959261786790900707256021064
73374648638689549742664653420758575139115841608382845344894836588313917438390, 17052072724144258988553696824717487784980814690055438801748986065710552570175
30067215166432365117433314204848908021146070914991941464188857905729346791964, 6600157435550816316234222528318849877226391288640472403058498325806895103927
53382573764796647693934848584259392453424280889973079976765154795747601535964, 494933529104299448524643019191404802539405902222523151735884630457110115974
18826899497999990355948166462004930455310056902783405941484607151327765280469, 16961233433224586158751523228532548415645933522303268270997965573567147295188
37836749996612417309697734933386432680268952578453859197301685365503788828080, 3860145064456514831695186527890233089368307699169630934906396526967019376520
72871259569712162640319304625649693980800801331624669340716112637419087897050, 61688407264804476511526116385128999057667520285326136821295715740415101039526
40654241154172301187567242528326443040525335091511329188274425673481110562710, 27666802648323783187368873520542901463514687520969352508484140596715716176730
54561227392844893712150801602820328285970958526287167354043527897433217166225, 29043553092391800255638983366363242403166032151996773592807023139555290448335
26618385778754498813040771854239002209498511074348590832387991190768952915628, 27742927058520493293217807381605439654369412127211195816494914507078095201015
49688750971613146067482941196734888726565855709819216977967223710035010180334, 25705623893987396096086366493373997583483961031094622887007512137918664707115
46611554958791966233715226344359714699935539994167327865742998990689325155867, 65013067523176005253435116450990621253830327470606200686181035362849199973349
33886749260577834290360778919417205968810117028953216740669764061611932175747, 4107801111862866182511181302588566294332138797468001807248973550663984469917
72527871057278385670898068466164480971744358383413555257694396289944408145706, 28543473462236711253863965947990840448990008526208755139501664970533521520321
34243500850689222955199803803416361995314612022263366388160809779760930103435, 32923302056808292837863199284283704863146506654327576486629997218041772672219
9906383722098528269099177382184798547597521948894231796513124275469228124282, 24004061313963404545686742115663834162112393339417687705027309827107652330434
39116610598504488695527951695260189960563592683761325082725273996304072900618, 46128971537870253670668079262223307771130352851986013940015093140344366732285
33241607117757616788941684126138003466325932979031551078569291998896042636338, 1728377350311065943116069210645556349965265452500977624342336534920051028337
8508442967960125277829606173759154094482163951575532951741749990186355122053, 30540559472279743393744886651674118463882816929677198012892662307317497727181
56394351826426205986306461336270328014086377096276022591760077937178303160231, 65756042559062092669497620480056350134803370951491992742238189466108406047383
10355990325425486923203108102150426109617270929986493640521310735158381053621, 4364185622875423865699837900776587492579638030204410513526604729057352625117
52999493989701818207229109107003553024982445575622079537030422777249365788826, 31502133389568207949996312153070048859648952038682136592955889416204702289924
44289107664875819764151816688442901781670177941476631972308751401509054648695, 71973488502899832270934350035642352987757820554195415261227737909344805389142
9964393587113819794931023177507488176603920458843693703614101465005489611640, 7227502737310027177700785491213335522447901421165085142740682931217358954942
52352409726459010244289320732281333953866613835242807908173649902002554267601, 31712736068653336113322612087811176240385235595937136106201725363553060641835
587639635750115222254332773615767241483392248514000525978474160822606778903, 21496476466291856039665266329655903710659080808304566331400191215951428689015
27320188199136816555309307477281839149435725269566220170292817238757955213191, 17516322502581975535848775216134202316117134220289479299931902140769896086541
38116749129970761879746111892059773365034241866145268227030326769054355797494, 40083892239460275558563222337798443906932326445668749909854782539800068949673
74040096950674373536725987866003041533869025639810503203886990561413556057751, 34328422665764528574722473756051796672185040843587299826439239139347639956058
55475908015817918757834338373588327453955362568918117639148037522540293395786, 5486582970647211720803383133048497568194717503516628488622750888906825239093
64501454927596874048406498840620560450338022343957945451105123323416112973425, 76362296562632871336919054916792270606776327449798260846475507970702836992469
69121030644658721789979026167611095987236184827576413944301521138625633125769, 57106441736932637851668977094485236419856087807581464796116982184510058684726
10859977309211942566198739314147598267060472395887030965817099055279528199408, 49874669819683824857150738769651929365975110372011454270621726741890526104176
50968275104094751223908331288411383494223709496300827852677876176944134211493, 13908708374397713697874724943530310097666880004345734557593219092290069223789
47861352417066194821715861466078878569656819782601743400379225995526581787031, 13073130810911069424338005833375120309358751592026723489562927395456018256575
14567907964038341623184818181125695843608603534827540233166858729171994099174, 8302523275874647732628142416131118094639478635365479414970366593807290119719
11159593842158906434713990380301929481857311960090201245255759552903116088327, 62112680764176059562646900420235633808739356763548088373655068367412843135447
8395329931451795450488229299545873672538776960234279231371538758497215842301, 33875914494641584707587555563726098537632780712877386840169148531048903248328
41181450354516027243809230097476069243023179697129899274128312406298377014680, 40580728561093794829370139899229279011374619605011170935354426938307789352710
10890157887173883541049231999637009410736655625907186271285694774004047176626, 2347213541513331207584017733526123131035317964421995378979374584783509457352
70878616013242140118656651866229643909798783320937016041734125428136579174566, 57572175150733968493082173359231500777747579875825950983179852703563564761673
10561194629431157383503184098112394168642648279597864478820983741547307213104, 47923107892375324354645502132113247548295020725780872210354657640271871234021
38788102316353476965168734691244629227355560603360474938073238021170518958792, 36283622876298272548878893136726333181987440322038027432290304136978529892641
71428430773811744250857064996132221154174159735996982670413130027784422165449, 68273577455778968483125711621428673784619867768765597468515276427718021843712
38788575360630357108736265108953557476140872995843510894382144177797827154892, 76345820703206105581997547221830218682850395315935473486752537046025913164730
22159157007136175557415211944995986979405026721209400956185724664933823343390, 76749428035911220669663676564298113312768160118410078680070869056275798718008
43168828763374006276682131131400678257574614181978595856169298274951940331232, 28615330012703671968922032523287007642728726447748908867931540620665483100838
64556076135985819996907362424154902707671182940234348280289895839877806437001, 42077364805271093259958758410101930472378587457958189176615727003219747972370
49460511386425201072960189076680651581987149592948515182848622195359788199190, 56942051149754601346645863040941996950432124931176822192323380174873694324562
46307521900809914877942686760897627964337613454937143374867314122817631376269, 23586460140702119221893683666506594032750648655262587509785357360596519402678
22979739667418089197237335247814977793692191604547068030982429815467862166034, 70422510133853726840340685743808673583103115584895643724622179200005743893725
14395482274580529636105649151992087517216517797131626134766681881824618941105, 46442424607691777661715203816633412219831885516376723169319033837609445485576
25433751897139093857992071964897359104771053331888748700011097691565360678790, 47389925738898973711987764623933685832701652968269403146387904601734458115356
70111544057605812515886740603020634355465106198123707187702114993688283004268, 64725145713225147052261593190385241360099275571807633624524672413270343385506
24597929246445856302172280445610907875291507483700168778250603035178340903677, 19996772316979130693268736973090370154543984421897789090566210130201074089921
44058946865537408788985263020344777717718494391742036157219441164642901319865, 33210658559327325283253153543944478757121147168758587124706671108329965963029
45036405952624891447407840243047459430372511327644576452788183942621754123586, 44165093051826244639336790629144371448061401687049176857692949789971634825425
74906729295626153801621432359539498130292208627718307850411725110379622744624, 44139138855179530773792691530696365544053295527431861786230898978044863478370
30479788684409781759674176089095082628658618590682283966222191489891082909051, 66361008887023886266776802719109090221540994213885242999487092291525138917610
70973990541990091957734431617311475034898987100916442239560106625656302703298, 42263225500618188002775099910764990965022516498909367156316526513110248414830
53849288047577947183434335591801449305995298947171848719795804753677860981756, 71176897386219561761328214550697491714689954469348411963348727363185195695764
53577832119056532932089056416330648840872332820080635633889472919127577459759, 28080811910925846924681410754385078101139145024910723747533662679463256458215
56489371353558441769813547959966177659849995920610818670502894168071917502805, 61479063141733825161379321608836676010148419705593101325189307220947233807936
38765800197302977747516476801646043472893129322830656067668469948924307877194, 57666483301066660180503118779466507085834255104894560109313176252530359226123
