Elliptic Curve: brainpoolP256r1
Field Prime: 76884956397045344220809746629001649093037950200943055203735601445031516197751
Base Point: (63243729749562333355292243550312970334778175571054726587095381623627144114786, 38218615093753523893122277964030810387585405539772602581557831887485717997975)
Polynomial Degree: 8
Polynomial Coefficients: [55, 25, 21, 10, 59, 38, 12, 47, 34]
Public Key: (28112277840533232343268924137728256911568954879644107204319003735738601319721, 8432983733865627254752646801774741893914365580564716376769546323649626836703)
46328210879614647438674309769683570814788370970962074721357503879112310910094, 12760942307231553535905422133966209203857783878017733308762433071450043907959
59574793624611571654476202259798583771362936111624401467587240130477977475229, 37854615711826742626000458047495224630878921591445639888762120381726112379949
62641666815573282851319875996633644472645726153258168228917634812902599310300, 16430628817533385913783275881060467829670675757105791870544940811472959489473
41575881188750849521228228813378381899220042050955894953927378291995779671808, 63597407000051576965230171151920960590443616110481504108583481157016956757715
11379198030869660813351603143277442223060852938543691785842688045575841814642, 68239592319806574271698876194862754977991721156785383642932030197318060784321
35678447927573271443433636295847004069368922886643776026326135244030303757608, 53460472482424060645215780832705025891863544015606000081641836947263626776316
11493292027181813985623531152134495699998805212749541113700551815096111336439, 54798207784146973174442372399499525023651096600942793620735906648033023572259
71900277012577070763619855022806725398799821310066129980604396404038869715319, 18835974896487407144778040345169808469088315477102145893458851083926338477083
46868700441656332002698873273576533839511503091425802183819979024283879629983, 57689514670744827439507421215540567766419816444592403366514677713578244698051
28092776955885019249765626904702834319654948148432094457516241230268411344229, 23527424319945047331476228789866417787874500232333524667126020018231748576443
46847899948123793605194436956221800908078890879974704773686006925048624908655, 64033898621612297625667639410158602125626063435092372955898439192062231859539
22050244997955687115337283832262269727292162750898189778783225064149462984772, 24145356582211393025251810328342358334687065050658393963579104491522971491243
8366299991439568168721185273851641834397733154956363881354680352076438606548, 72000067466331871557915474810405085546464084881165173191648293464049543188273
51209530167700371306545556599280950073571182523234454763842369355658978460094, 13430170231070555630272496670340672549095929555149105990012046066798796893777
42800502348253386810580110196029256480307234707724554941108574491612118626742, 6046669840691551283106811701142588705782848723317651690472241607071901584674
593008784900777002616763046072563620185975586578729995936543554231124331415, 53365637569128766739473888095818022081868305130893939359890469400802642787770
28781231397418685334316334757352835332932052476619354861712830660350463111750, 47943774325144757862357499764942480124554695352797755129098638102544664878238
11034304895232625725505489284817113095152222710608831006132842042667178466022, 63562776864739822963355408082462505518422394849200082599240733987990676957503
56461485948106674219979648831654778333515404911842362782791672381419130176132, 52863979549325234394893388926922695869061862151011705727101840679779398652652
6935255972206091144260992810738306924750815766524723168489333954181906012901, 40363105099683966779564778978397628648597190793897294462562717145017751031119
75690657136174658051974691471940191536954538312884062297046886682767200357672, 15944144452137945556984042868680370155414084613263903674023271578021807941242
39255068788562191285751663777227494248777521091331462894620998703312177367739, 3916029449514230350859231797243232469203719788823881433495198208189631230668
55547206848299448871167745640393759505668153806908651319648485884146513173103, 60543248933437975479753541146880623175111142164505246710408428470605149041564
74632433687745386798546421863231683970372613151659064110281677003124516748141, 29683480097525041927021717963904650479342527904128697458549973700136220353939
32737323444835547335553399695991400123828291996650080282487376838828896153052, 42492915768929045039050720782541396996436067550185872943193427704623620672014
23395077148185146020507367046220036702796147685327690564413031348889447526777, 53731624655344718280803065314818847136681804275739186344514548956126033106903
24349192304745956405402478645229587299938954634780818740807442511938135922350, 40340493071051231005618468991743053293124498673989734014450325568467912288082
33919384009141705532640332767132412235111357206027171509421535987665859637407, 75250468944340852694975899794696971925318371743886417567292036534282178228557
20270405965935789001720878480058137993924032800290356211340486704491519132539, 75897844617910955026615348789832676226108521252834387503369617325627719941745
34126251053916899873061051978560465170276544890923818118750054788410584851109, 55373575230234722207896495864488235620218368286867485467792973958540368221477
29349483477035937555248732903500278729037998113494582125934058266048629457745, 61444217866450965986649349786776963317185658269270374748816151431927665423113
10906322133626086434763189360267151134155778325048692675639591357467415415542, 12860607091618769943166587895807937963041146863395577260628900112238212120270
71517533638899779019779906235443712020060258129726010473048132288750132471671, 71371501025481579168470590907600287085345610263004405526288534482433990997335
30765165026627069025185422789400751437387654136642319968742296704368898460638, 34980760249065051086563659133834255528109613829409495191452525464767032146017
14616411226942038005341299718286783329393429090837465453337440340336126962410, 70599062507107869017444629178254231000529774646120597893822317441917919051404
1538707933061401440837677771079627110771985566661690641158316974912249829861, 16223756492924164977329446114554747292012116945428126125789217432748359472631
17723066444708757633153587735699581322563402045221982738602453233295413361540, 8836752876227749361994744233052243397043679376138354195751932724305031968999
46784869252585542573887891099622508416361969349382889886647851849731927740581, 76446509085921691908224092775268697404814442706553640401545133511205541530148
38999809360849631996924153699593533735328010500538883167545603999915988434400, 21761814360312452566936126242020519248333926135606455248707809485826612927086
39312177360377429271381696415826681893947247459402628790186536703936702191653, 46536346376138176292003861036864145031290668763218129286632366982044403552241
32241234034249990039975673373165689173890118141509419981754298059054450698611, 26162199879789413027733665222178446406569962675236232785670073093834868536870
3611762471032155428951852614167706461687142243052421769817114826429718872295, 42642917767435138626364553051740495865072754774059121392608281517347284943433
788474312927986994658090663828445152297258991895457532307104653934263051604, 46154421144235474576157084859770929636576376136083512142521685311684356544032
1783398211609286684728948567774626615511841065871898489779400568392427767890, 28282601438026459197745159096321987792407119545369145907134840953344745807604
53034708577665650791420342542293751733371040654843167312571255795593751737063, 27345168499504347873570339031895563599033871674642772371549178172160222991157
66855062932832616292992185190233644812075224396278231851301928460864940358179, 39653997417399235183463851083937588453458262885490583038023079615715803903169
55336134071538201569619035044779293663895968087997190128710054317951123896843, 9877828008662095001826342661904018388485284527976716384147573581796952646497
1307445246068228850838623561685836386379221360528771533935551368327990508846, 325979217720945560273295837698746715971603145115036623590546880941273297592
58860366796247662670457752511319846908001007859022418715067381905845123765934, 70480531739984673801365335397147397063282855237152230943933154515963228910247
19597927861391295390194771256544166287681928123373886618391932670506725534241, 7883480567546975698682527717784524135527797418669349371952338980307868858428
1251862932433769292621219697927004945113682405655832146990904774070302511556, 45502825411251939952032396221556230053077424455266100739674454236089955973385
37753793355297765314304702759249281111677660827016578874195053052326976662795, 71909274419307886603493728733582146668739811216758470944394944030239266153518
4354900200012262762025122240943126887348676489376010712294130681019365545503, 64561063536568405751392300952716784555264041099164481570428015827759264409274
42084899316399745444231340127717042707213719769926576429160254329719188131132, 33019697623084587664559163416932274141822464955733126000603277895423137939001
69400365430053283127857444054393259409877111180223009625182556828465843612735, 59066231602966687891799290121073577540489898805608243617799978131852753813971
69941874769467787295818058316281397056062470588082899948506065706017747694122, 44924289681516961396702919404925736820043404844371141414246406443760724442197
40097324099505150079107403616775696528120146803051898566141783273337014914924, 26228354852223904456683032571152528911369110407378133447142701719554870382949
71151234574339931731613012839774141838487175283867205239829664144156363294304, 60233547940736765085772829846614231841001033134671243830262264242156021479890
1216223333735724971402378259157037942487010025664140261829416702088715521326, 75944151915267387862673144144331689285877032779158150857230697948382384541826
25143003480592483202938512900799260369207469287116124947460329198973698335956, 60176853624971722916355980760689716928715665598657069539465440558384227556230
61940983287064714678974499755954790974274989515842372798776810086851900593749, 13601665152825783915324144580008424921904085380410612458034570836471125342727
2870635283958717358807121117832073531078740455817627412600291719668887860431, 42801808823362417353122116827139850684744749690744763523092068624494010647662
23612251498052237334823099160731122707877288704539874610407965757223820714038, 64968808289718739034043936342520813929327050382429330445556881093906914863809
36263309725688133378133212354411939014946263694986650650113797705767115466507, 67362661218394500907487035638566920454359399664567745218169137107721813222823
19814870040662793711936841286270311011541381476979226572807295557237757337547, 69583006117850047473137402203545902350846894393095123882164720549011525799359
14036061958755118874639132754773611920813621231588058664427232832365497534048, 54094722505484864015823575123444511982313187101108780817047545479933309872529
5640687266900732944925817825032134177368380640938274638514376623931257800190, 57212301872899998981288785741612193421875862534754346525338850969533998260063
66066299386676452973941976441744569153910317736020465289173138013485681696537, 66310089550203195144058974678050267404179468426818765452321112263364364029320
56924735076668975461586440542974024627517450449775313849915133748539788264243, 68467958458320926095748537684710279304283721328820783208050480962751910694819
40679764879115828909856727416101498662570222685351776980281195694672428513870, 21592910704655105569407380006641396540887278350492030182635217035913168567529
38408472085474897872521798741443268183677537602711413161978358465430867264134, 71089302707187881760966463345104203814476764043347602521995703241471216006755
8157948900557822501853266489137576388785757786652375295916154751277581828499, 31215077629717857828633844924563825697428107053706751660558634592127066548973
11124064133807839637967085439305938629582447745193927812736324917137973246207, 49523767063785904516895602781237339454545209693887246465933355145140919034715
37573306198824498087398122615104380352032548786175353158138931172896541991030, 70682270852556342099965509630408205309783244910125291945387991818282068015422
6011568425502972142891389514839844345619058442009740230825145876934000652231, 38705068294913941436275023962593156319382800020652821971362124552352099637812
39959454164734300296977384025528681400529207710058081752468566945905576365727, 61029143524580838548205378373261210342617870735957604876277575966339974301845
9961282727031860387993511992015185820197439173722717037740463116663147063582, 12693273081089680584946838557605610653942507831530996310946456700466442357906
76435333816771616548230581074146155134842483960702924878329520558887618350974, 74306177855437028309381940125271021417577075842931912677185560560310846741486
55446223657347353515596674255512171704841453314837500399607805551145760731055, 59770352133174896088244090217204325362565401152326768443633396903268164537784
10501353268846544863630203063601713488881025276116765079091034401416509751581, 72621205448680682184744624026749928879974288513629128047129062988968909661836
49292446494925750112254619688270267304851097484698358504006399361895830196032, 58204310290291741309804099886102972953532201878344828497355623202010942243074
36356011616869657677276194011108720264094678411812169820528490753500007918692, 5219760009182824319238751311991863380954554602822640145110719473542939608810
13196975044797343060193738697830417783265055229302087583348115763517336226386, 69629253960959608496226219293735007524980880722320782325541995241821536164946
63817594368132457634170328752597533969714306197124035238064060155583900156146, 63270632739990851830583209934805660500751203124239421973444067906514654951205
8160601409976670361954152528857228969598309486619162392092839512094619478027, 31824918099605048313102703002595459213724469253615546360655833895686256644142
35089361553856751069022725382460310839805488214136739706283924890497176486899, 6223124243195569988628447227177445278947790309178186839646576437045578030983
52690519991537652882857525880401981783305718989364745570327161527192900964247, 11010211167705450929213896644407179107449283830394017094907151513216265842325
57257886795879497248528986021055844135852514744857720242160032341075998895460, 2313128335319888181022569546643783480519758871557264316906618233081995513745
44819760199180275263746862080685665127607009725138276895580622242288041853110, 46327407839753474297408075134116538024452524797507675343781937678570495115262
20589892890935725543113084239353455376177986333127282637343503126510766844753, 42333234622503891618564624599683675035179940775707316261224722941042734581278
9971737219377989822020658276190193229967032665714639326596544218267681803647, 64701289665989809901633768063870358780152382059174801718965079869493542641693
66425849427510200654488692124653448143025409133231137062921740058660131457200, 15457166591643132500154056392323041732171653623040199242516942561383384320690
47556288929678166989580531094105904021982377627494410843185131034583466885301, 42795550107275297541513087409319623419360149913098449419913741333784243989294
70679045419966723898814035407288316282843998660349754153362527202077244549634, 32100868295651701821382139752373443315613413136294499148487224729250634806612
16385337138785063357908882834875951353713639082502754381868681331903109518675, 63225305913154624713565899650223554932705732511555909730630152968346979253770
47570282561722696052254359296689755207248571182472512931804410562187433412406, 50926769344004197534755456818295933349646043496205432225167751714282573706061
31129528975806157238240851846270936991142911636402345924928917483261261840896, 11715127773218121256079280701596242660326776377720309117199533442835031081446
47037193387953697609584261903658214577421624986008751728550018777211664815869, 66840739094858879636028638481047059480396602743348024199613697621052603147007
74670454333271695716295838247294399827466833518859592881548205806323815352255, 75551519468341592323318401944659072037223019576859579167366531450481731613816
43899287837723690190481521310528889093487357365711276526160172258764380291891, 69673438381388201876605742653582865975848544664058982373064502679548453977314
72658659123065353207147750420962981075140912012914117303212625163801880524678, 25157603076951815896826209472231288087766657736371364910469680902015419924494
25885278444766272895412701370782804248905009935748005108548303342463514799107, 46425373507963584522715086975199114276472304788087330198206025013149849470529
20543534883700404336449679404391076562498144539129646163117870347053218310030, 51446649573683077041113187488912352445907166135549649656182962922069879926589
26035700885014608943627367343884334104581089654029474587400697144208962315061, 75011548920098692069688412453232983096293998402940125292108684814496507156263
14677786510785453631448044171071525398384303332701833881927604422136348044191, 57671414872788310432821395843369630201699241313211227344420089357208745818301
17440632300457791549285526167248048187761513149328448546206706306354293914663, 48720184461214173095903661334679445766108752428809194265528771415938118516177
74856663629769465068286906954887617530431290653202292328770946404751663745260, 4121919286554552578778389709798263605420443906435966235380423904478933687129
31491809624562546290821615862195890477552153536482827717025452382623786845870, 42649424356521679221119150110201768246924980920655022023089618189255683924993
39204125068269455329994982842155183877385896038783285941616566721905897053881, 71916178538414834142076222497899927155935455143770625881479702896337651937837
64678090962427497958449469791346472816730571488778180579487436855701636246238, 3767048136029291857132538224170879308349930893304923152459174614528709965192
55275580341181306196242896147914397544523962257098198624689079526166243471495, 41097083865931050418842949020842872893630494491213727855215091304549617839337
9065349245817750392072790039027775067548117913750895630453955814159505690648, 76668472360592859029187598637733106972035322465655794485359776759365622483141
7251398454812868064122181429725819055933972561038219335815516022396096453489, 5557425591442368238705920086536236416838647214195774274549647545451267152288
15724426538296391181252006079381787560864114085818316318371651158567726371883, 52171050209741612503318907798388960652423444388030357204056931489635364501853
30895308173273044501887867720733563915904985623429520394773059672793887074741, 43667658040393296543644125752249440400530185516327664919963942004637436940365
33417912198078685660110431252079675314292504004498999396804329760981047639681, 69442165838788570450878968391785050553618319245395670389414397959414782093699
74658946970610674306124344385159204697772883666171088168492852669063855922939, 73277025325856165770543407690845436212243602278493481776724248058116836216936
66869511521618830709825760778515067659072900567865103214947242956121715983873, 17088774337579774803792517322691377430919909951550451584750304737792612039466
36473322201607049107515031747809422300129817406456688101050230173514136250936, 29302483637003384836381237232004926798742803003114609553308144138821099655163
29938788249994037340571292610264975137549077324549810339718490335265129732480, 61017230155936376659238387282755985433023693452697750941055471746305382218584
45850551824775694724516642415711973475152795677819726012414872498367754048420, 32156117202390444011751488778947433191783893153829643638755420122409970189727
42558581946385335167582165303939550788674915034309358150941343822939262170841, 21549968894525868620247464565993017730272872744884487504843089337002274134124
70279354599839479158885086078414083179218979741928437866515557060998832899487, 16894292925015650651076913907231008750421996855692362539535222774241823419495
16843600458465296195559621803168302405870118639684883234404066651804637312403, 8032636029837998551933821452695066237912098208661134642391122004909635182802
56517248135439791849220864005668027073692997704596237393979710988632018343066, 3765236008106126283424512532953337554689946379362822194887674477396525515912
53569043735380957879308969173105770118403616121187576236166214825711480729293, 44267529844584500916811010951227728298896926603472643407486241818146704143567
7637011756422230328247745155760081193948727937150554672018162166663467215779, 49109122844519572073694504505656367274101893473285911439916894101854561360782
21730491526174271545652069924264000758456697791149968477407682043189759959847, 47371335931793790447895193126161427211434479913488214745112974082736013850446
71562615587817575849830449328983178757633137771146571793234550955854416443443, 60112204433296746330827008907879949154873700784847132257769346303873392530361
24366135490107905604856862071499430868151577970013755987330537528520344305975, 36060845867898968071557353783998943246401832027105460088714572333931347396641
9543475449721829217973439820915868399189545398027165975220491863873204250044, 56193463910528194271727177100423969123067228842660699357099433345502070369465
50893156017060396216919687305548830731875618123960049656035345714805603736345, 14309964413100992647635416691824368398444815934303840457914313385323256930613
38764572765892585039138867987963536285763933760025654365267491389192148467075, 5647723731973024456453434166133750991826940521341263080281433913050718376242
13657925685431827255123390257102998640139105201209722089279071362353030978222, 26064337549412948303534734916102993257243008087599259676393630269175485509216
37959883350243696606325001934680600535694665408212721827424672968327800998509, 75847019340653064501337125486950503268686960363925502508939649494405332077564
16824927503683599345087898885873455722200967046930046103405662798710233716449, 5630331793241971044045410998389025209537997922923827759171843604920498918194
45090393008070240741706564851769254380168158157189996062852326619767004422499, 14311713683593552308866177953506322209720446949737535117501473001254910903219
1959334755760305399904343802285730775524340099582773067436141711046568347295, 14224825642201283542143840888814746291160441119837654670378025928627609388214
13855515738896314876954750899556275538025496008291568411401184368478089527789, 10902645569244973714196332349543508248833194905440229379720984062347610158825
60496093548431740996567691449305135922696926764351982560262839319217513397466, 10853820893022087205551660715736276378298746284694323332367657803266261333412
74907674463565282171523051178202355104026666821248955609494315251967136883932, 25346783122858224721319243097364760836859680522013877947947823352140093991011
46494052140036375601238988133948719165352197059211392547807431306333050688848, 55056936074929459128047137351066353784176619128475390478833519608648880743790
58441087137345636397034528391082224730638076967074960928650878259569884124246, 49139268109058033421662380279173440569779430951068889147831847358740222106538
29429787305196485834328120353174077075565745039592075514758714518684469826213, 62307104987629824342846333965964545373725525640281992118921863196432704264992
51641142190549588564945006376960124179476897932298586018805023831010434325839, 54220590397194431510644599970614246145571647468034420956480666261243770939017
20901947282864850076262021791355875852347476879274665941919255472870896126570, 73854837625535136478231833477184813388194976560996972110904623480709746720153
68610462765785920458135655159747156768775991814217034307728292294339785273141, 26194747970529542727154380662729999970837887210159493647227626606105001488683
37139664782443375030239985783730272616246460929219205997275616111499618168707, 18191305012033259829020836016039992439374443133535749340068744843353192026461
54579825581908574126134909064374551840179825437444839100243232460811658570599, 45540678900137546544718224317905756178357675151774672434205692515486636338233
65741594043305027691834672705238945770876511459011101899123865009714383138936, 40668199787497730843980182005376134656945536964358368852439587255508974913097
61372700888222338302328587403003818815626524858262033593592342487111038405546, 12693190789950740503176174453290691966703469416961025681254420956934083300931
62251366945659964273080506749113179769014192652110323303914457107460053861999, 5864891490333785404431858312806962771041176262492446094022349298688995356455
64901006346715110354571594602750476537464855205770807349236626328971091800569, 56095901070486900739418759448428455354740868482650256717551531690142932094191
50548381747101333909437803407660950127926293966723466732461778631491756967758, 64378990059330655402080227899305797801229726429056947281271202682236943406220
75086646465143436581713759097898953378211834303518002481161268387513536313022, 58072049427911750120899053455525100811387329819908735310079585084236546134741
22155084678078409027575518101059589634575575838519961608336522708136818646895, 36860881753433213830708373959226009014200298789576654578657391728445565069925
35722878891822514050608511308781246532516452544927700719363789479141263185799, 51158386197570742070486546262102124473660983648528692360919173455223830727212
28398075949661750751819992813501154401345698615704513899117449621705524730790, 33772041760551509496946899650001538544649292910979532432435372633434736462489
23228681242984089563962986688278661942167884360089936822283900920825856077315, 28821575576859591050521967043069050041626617554138962675890401777005755470559
59929515178144301166776313444023063435909067138237948755382451298426437704667, 7243703017609186270256710207679927676824126885818892901459346639276680122980
5387975948761258594542211253725950553514262156913242506008951883496865484303, 64169690726165949462291972601272299413362956654685593168908877577215299314520
5337951835101722942334847639133737510873984430476788372309621446151804183072, 59367882253452300441478903881297136722991391875397030587910856549556168235587
32439093971030083131176122025324923995755549314465794978556804169245474967006, 38444168953342486553866920620308300135543054230035164278784646051985132931716
60368706854963748946235147963374626005173657185817025860134417819052919825498, 3313977169637950018699058530310440822489539743680424769845227755820962565584
22924060269103431844234921847923364578967331099488968470038400581335894976476, 35428319494499636101483750883565048689730603615183018381544845360790790203310
64007083857767609321590961594946948361368436330466565136246024097635478984067, 11622453613479994669832548738296244795362080953108539982244979656676790936891
15398946365908913707665437749006546335116735765784410821792246915490965284617, 5018343858567702891692751678931474786896074678296114881402408520299438256601
53022849596686787934638980989775172495342369028844685384926315575550059110317, 753660735058136407620391085627760979628144873477587370063408590803599444260
57248673403202488654758243826663539871912248357112102836206721986632777728466, 1774107695424965612496395814640324087277036877952672319011562230355619277765
16758982769757154048467873248613859997158655603950426584379872755718673850587, 60528648692013303621083431517477111839799394923060220812398668605457967633559
6538975816865072655079613293077640486355880291371333945318744902510087261916, 39156309220861699996505329750313100482959627110143431831107290263448807837646
49131881664035973695460982600635496027236978753264283665613349779489836197765, 38037126278157515367314186836396164057518306378907167436061873577243878528170
1365473740521732058114945043291150909825913934066145110376898143494173863193, 45275062272935272967860589657772074552588505663542312832780550621805170076963
17211971295011858135728124604103168559309051658706735349083594152948460891398, 41405259949106308959156511279722778718379674955062335699879440113754206709022
29002197073624121942480415794999982214643429816066150997923276005495225519640, 38340832357886732284282266216763181383895432482664676130757296492962082140670
26006330553313572615078726406589200944193373989789424254248047437374958102057, 52872674222481804265098510402800913458555194845609097637202732489932235274057
35076378767003990655782171550057220633061718874618861163835853367970206481571, 25700761533160620419690769126034021295103522047632285685163571548387905963281
51509781896626903252665276692011666432954438023521016430934935533043729364054, 41366116216264076396222526226286678150748343316622432173123282587486478842297
76337582316755050154922202687171563892187917235125527377398500534458232029685, 27563169111224763171964228046418368214043296524747953619727068064689864273614
31558084126293959612638588611662143867000087525490104849979053824785837913879, 38052008676707079297226835071683819371745537327051397034254078327330613086766
58070468826207727671245815630708622772229182539967060641353810455254376071335, 67298130311308881351674636887478261529628651290714058530238132450300998257872
7945007041564661927753762338821365765822631840917454857079558125767133651886, 31223651603297114933736943897737930849652602688139649666993247886198072793738
18656337198238156764053762810642389013607326769161223486346045043278803038131, 67944522613485399899289642651829934166776840994459550530614081835015719594901
41424892906678628815642959464032619868112233263893514508152767226913838068480, 32957770007902205222569772477403344829800800958413399356013635626617418809771
29169951944700826346758433699448802802097115604012581714091722271534258675843, 61131721731665514277440350152028813429671894671239357664887937968897067188842
44073713978767936538190931816967081457444690778502189526790973999835881940228, 55350357542643296510177775962778364432346590959025621576249503687382674892665
9869290556919828851777290686446876679445655747680205734167046695844288346460, 11165156186013270137877843736748634383667973355565109924739403010721239787807
32641740161519664783787796725840246391920428304611913497535638673077700886936, 8214962699259084924142677665118714792174420987346470983049666511262313606501
70536464033700690938919826989693155283200934723665612865793570166077468297272, 27085588088034807660853398639948310644500980840248078318953812516281249657946
3751804672254642209488604442003834621021511939543003041403131236022468506028, 607676080269375479225483080248772834957661551229050785701238793770854645095
17765592914222618687649501790930215934081091725844961033399193375546656651906, 50471449138904536855206469752757916551814429672092869486933082997080859944272
57757625280223569451071532863992706972663605171060755958119076657031620686067, 39146576668740523930217669335050849943738195735516497792304071302676042537309
24906377423977778576766699531116507583293135014203305924243614182922778903494, 41946196072954858738956474767131545729392077523439699288822731314211534212835
24978972032326070410501570878976631640323511700446868457124407123144295069675, 27646154700056082091672291505893872278533170430947800987033332715952145178919
21193334509983890458130759756285443685699092887763502502895229927943255614072, 68898495883962280701773454908103810910371394257170337589486259798727696292948
30722665119164276942758305354782833728982976156177833296063120767163579067029, 7841565742750833654554522186008878426832895886672950867854282075937739301819
55541720697158201758565328005720977272582552532964494906039830030806402847864, 41279471627008173848986359685428793641721522039115350282900296337175020806530
14068743762129563127429039788637041144423036337893259026934004202395741728710, 22058721595819769530355965966961372347817415470883722676020241159030033442873
33533008924322864431885394364126715225433760145578334382836260537136354146881, 1819530578167842395822576304340556563347062610058694482734882796348640165183
11095633287106150823502268552966476595548500492523289783230466100682150764597, 59568899850540770651518078285376082791063663822119521782980060581951241876553
64637768233324262935622901462422354754763078287446483037423457873074379956933, 43028815779282969479871115461954491898981243860717754988841210472449082835256
50810738132903648718170478493584997433272247603886530624039385259722885164184, 66204251928254204137264779979750038790235053683319559919348136035972949490067
39592424591275648085905627212037498220395999619766718525848982310125137828835, 41042517646009971669413674883530824386000088816641773675112864173855534913418
61586424813561880847050983707915258845857350778105377917471922873860136430198, 76362891474737294332660313999169828395279497662634757544799298138895329321366
51630085942233741586693030977856672983936172201171281477943668640775457658122, 35438522262121490284911504554298429290433349780203096214776839988851977122826
71716943989368396979479517279524669013782235072644151062960011125776637376095, 8922713036621946073121895042521980286228513050589224798403928319429878959397
38840657250610923712863307001199828409712242806021121608713252964746421436577, 59976781963689980761221096263087678998135503153045051417512681598155890917601
69630054147684811258712051927598059562102087073539837899270718894183117297203, 66914286414130917628291661457648982956622260399798893149046037824976793669740
37188844734336376951261092760331387578938540254484219076689677358094392605340, 53863751546110188093593423519950756249192443911909110998530676560821053061806
60434105751914966730148091819347407690014764556513785844672441659967077694916, 14452204497065889261842260836797443908852981702794162423558989120588668658253
37997917690079105139128561178360600257315448246604679563648024192174760544372, 11047462820827436720102017564333142954359561352548360226764587621370387188237
41985948145261264239034512567770606139447691408497695054201184581587284440644, 9469465260265317053689584201596623843804008186262173955145662412753557587738
65539089097786772400004127672632926729908078991271199847033859971599889024539, 70877598644535787932683643290508780938679432424351063380246583953292837129343
59158349779366863577635181327218922195791463500908169937885941204538182537959, 65778177668441980950364467906427604528864563804362855919886834697024888600371
9900272500198688590409016073814566139020358170251284218136614716056775876044, 66035501631866641524034552731881411394736978906115861929524147112849768185228
12375322155913138817690869567757044193180366763457217386337758549772937579182, 63183741139008443804328263805888413903314077518527874341942700641768272162708
41274981211172225346389021276935953337114696628990171989246435863700352360462, 43250014328047431069136807026771815237953940236066838707756805838272637043761
58953332262479948428267916114271264720259305840233529517365806021637731760494, 18510869188200720268468519293507012340155868227461284786236435119365342130737
33502653239831066989253964432755138741552653434480986229120129033280742316470, 49678783145983805918365622992525070098847376509351693911937090787832073143306
59163416529053639416166566640988178895083404388192497507976505139256957937662, 60694976889099963542173811913820248137230412968287992836381784122823788413060
30920489674344752471522967242121903409417471442204456187394718323589717856468, 15084206611464708914442146025840152815214014546005426377954557786377758216974
21427059156713182453849932040459780316855698822952308055523120532317308799942, 20007526606603606178310454353918925995601352858194496565493090469694386318262
73315672756292938190684995862686293836446924672725031331670210469761215980515, 15256381193394183201759488825563594706231915991659542690014328975797126379565
25075852677703021617814665099170920542694879699426956166411924731683500465073, 49778521155946410560429575451192837089866500923707009083344111558048604949331
23259526835127542477245806644053703100439483465432846281400081124801700763098, 27048541055367050948369435898710479287385745365156000701099693345097257083445
53367857330411206050379150696991737425002082761953473929246095742602659157785, 1017285736088105809545076312860039578402624340142849643427348637090957911932
51616230374240459557093912106671008498416698790119785762659363362375088150171, 54875575017369192195224866894875682326621925091821635257207724751194079342553
58396878798210695666397262530021902580014982934146001244879357173113183962059, 59293145366767048198920584335202072793674746343556621838909828787196598340902
40115199406430010988894075115133068198943862260879433367535691778652633813314, 20417390756599572534460057349257117069824212884806526924751121978469906018054
18896879761290034136637565522852882037805234297802018961384028334328185685932, 41087457727693336504597908152921026159139709534763937368431777582245987875730
12482780024842296017306900194765671555624056201266677216513351737991872839972, 69511586203200330144800772764921875841679134006202952398746880693086250831705
31415510943012963270249988904104078201912745416079874559805174741583796839299, 35798361132341581617367689068433867481808155071947799524526231584236390937847
67003252282562693848298571705566170734013624409261174617239832828749843044308, 13511258842519058294289630922069678169962796904110513513474035354424162020528
28844367393768809939487057450353842515368993088110200384985651327869025102340, 73456360727033596555078945723089068486513107298131706749943009202124775385424
32117628802760717243572247199495685316333720095573475725729196743832390918816, 17547748216703526766880244070590406340015665488547255805230804849356065693148
46446379072724529276824063134289213861804593399528609389223228029377421790171, 58775078114762325028385572277823180811462523689191135579936163209527783988970
31555520578920033918662699002311244184183195828623938319474232998546791202638, 62984733168865630861932648992633306722353242627821302385690519009627301094420
40502005798405412574916110979800149871816330718381973920141927895107696313085, 74300259076447207697853713987210219874996075989631275678834223078762857331474
29276320267019233326608381069140552974242703630795023403416173815638395929405, 44547782307219147414738451342828989940316595479968639859316817647328173660582
26438701778803543648652229462086821787749607848480490285714403715653017267151, 10694978344687738037136276344889379895337835049409109148692473614071995827433
29800841591392203656739932549375901961943739172749711463370948438407047417312, 53643051453288337977785752179996330793656858825016176185350860890293227788407
36037647288541899519600122609860680904063168020544148114337894486584712491435, 16687132252203440418691918958742856233421508513553368430601009027562180056269
51514263839321641070866649932491248782714881846789309192479301526040743674032, 2824030477708660902436691197343747977171993596228384138621010544736963184879
13033921797826152806286556116177844287251927502217767491671456201606314365751, 39336155532585822446922388959834563461583616174690136638784814681420998664477
23996884759101634105748079063118238204316533951089922773135939377002150221103, 42536328489847964638321873238659728446680954292248141135457313984712894536508
38637289113020033382649490835119885865474846810947535349332805483407774443571, 65645478208790021052364222131457345490953990136697205592842902093690768197813
57978047111509887942894171031659351158275055054483496284950236976340316580604, 71966664802395160151394819960680532853105875031032642172595242973137899644679
66619007629127113703996799307759887706809042953543533789642816729156903185290, 62179351116324489652165795831800936343925823768459176143489539090412667569099
40135480019838567437402194844192845864735808333916088496574267021028389020459, 7979433260549810911771579467929653963424890441477353690334243711690767164654
12711580979598002911571706056704522798498590435926314965622499635185675072773, 20754276209768872980010780806465245608808245387879043211579658695420122334301
45494033615024825362625786915286768208464411938062859339156979176511308652326, 10832492914819698644676784824712074947718678092450633712630783291008945151317
31371780413271987062519151254816981474666461750057758593880281936974966720746, 18973378839997229974392885135989770626631853459807166079275958840355305065025
48875801139605974268738869788904695210284437361461428538716641908964882681538, 52089779966662201990700215583244045093821962330915912796347486012689821856154
27863682350268618298788842881832820956906609566404892653317668382314461628036, 26044036171122024328267807443221811071296805381081892658388934132555526299982
74374051783693485577656114435377109367729407764073703278752098988435061220797, 50606273480257087125303322737607731873726421636116491227360502991104129572637
44788478615922101162007844165615939142202807522413361936193129651293392004119, 20462329430129285944341294074960803305804262501166873599775258787480111296538
20372687161779759254953333574288720499936441403703454378079989776642531067820, 17779244632189510634811073541466848711078474536615092778615034719311958472230
48945401767566797981983971277829218594848234776461455399671771552459265754001, 49437402263896208924503055530611267955896624762945215385846604518616606230938
51841760283958540574422723183005957029891600471975932598391481458635049851035, 20839053428757465665146979743733699166596889348965263204099604274990655765321
59711313102543310580892442148669518110937400147903956973086660601098865438592, 51722904761591593938355482560100602567928877530098581679106958338236452351985
494107312068435818248323911662080868561810557503060962942583488245883391836, 57477777876149880582170828978669388304613699967750230173532626934613433791568
61490321056702269351292765567872443007479421387398185501891585651649215332422, 57309576483747713736809950340823852437930353577125120845344224770462292075695
60843720292246633906753128087080285981284628913657004365049594842592783651019, 16745798147501225175537998572776894453594286544076690107568057704872305691245
39417736448931149959526524339185593745962569745294958683663445519561911742104, 1564207873641431727427681114560379504921235947245852079130454345974699497228
69929813733542111644661762665550143191522834113758494661193956183018823141564, 15496593861723758944083826775422713743588593713326381300623142555511908318662
41679461044611702832075717837983747008018913516034738435573865148890025189764, 43352158117801969706763167046132572455646680174878580898512239314403525437656
45463889196477941580057355466563632351251251865761053919415542411585452018329, 7864722418309907968145512204819839029594737342883829873694439660739925172749
76631768160285802035609358689620291955748590658995038267509489385884788758906, 74549304232765003891407182384649708941481131969882349583412057783924830125345
56398216941497385717708851498437209363821799830933302327417174804168851881580, 61198060146785678045565206414788358220064417470955730841658932251442612148555
56923194159620379346922303741266768424602713260985428956310838427367694096352, 4912682450359603152799352933628201008887133386655133729231315005042774100969
47914827713699964610447748765093698427369803040711349078941318718952871241025, 69908842716737746423242479765562524071078736310692067443414601768786245207874
35430316581645662920342330935284243779314039579670570377492965146923191941785, 8502780554462508950390386214415846241772647164735451528671076022714491048074
5664802405288741114687589994575867980843989553566978254740118907540752619328, 26563463933331009895287365656705077213498688711254858859109992924952263011491
75348946453147415174176885805685316853510700641703731249788959665348050447024, 28325651471917389404746843359144309550740236621632228272375523164345689125720
47320393337706422339890572866172472130021205782084070217757917257220618948249, 69766797200559547057540254215365779467075815183375165657524842348729998409474
17769916991032880083928466072069607833323065943142156541279517397931645449350, 59441242133132142967559591450980829376659326486516774384567109928814025691026
50433313895943171169760623246694669530317391884467552084592973202503866037643, 51297930087491649925529168709157967996103377592348730143081120381932276203660
70103400135994706049084663745405416687588467327647415514757817228842996780140, 885773216759952401468524416457861397845618928309954857388462256455480928864
8892801456392706517669933619996204740042737138507966180446993246570987481872, 58519647852069336331222836999740355981901431500551240302345432250412877308879
26799662990374627675036951930112015372196151480920562351412044059784273987112, 70563219640801459408784752924476126452462884939832456378838540856188581657240
29534905839189986116933658858287978447955852334048081203197317776149569952088, 56558891817452886521578049594690245541733115463127589912328475865581543961630
26009472719518821999524139661182902133710836401687959871652646238879279462928, 74113355433165012305895397132450096004589440268577186193320740929215897288591
3549331446516745853705659179904782573464650941789614806983959183063170934515, 30933109988337255429882953377592497174530290957142694425197599939356751216750
18102283001745619852454815064601642428301636799757889861666380779879169534903, 21335546900910912862509801819582102331206526254188523863967631522592014328896
61233493705249303816651510312674951059070261338790421292615886438406141816241, 33299817497952029865468387363370078407124435822507621884682012386941495513452
63673985888145779530134516553206349553004182532556737588371541641561324652684, 18449424676714452577463331205020461770606217668322544465081351708559956694266
61909198780041045571412520605076029151032363160231319249681149581532903908613, 1575499749875320506741276041925054724042029086168944408386701378351625161488
57689381086458385636916671782055906836659643895288050511034467082777140353726, 62900412765577703419560454712958284148190915341362272198159650779913604832950
31876266320937466127633179520578970447244969598234866775603973903663964143815, 65755431941438728801734720992179495386104157767979161059678048918955641193808
44022990111422623202995006909470882577410464706504944096216534696675131222389, 38745918845511200359448583052839346154214311954823529833405466836228466758338
57268805746205272625566204344561296484831687586342409503526961141794609085679, 55651745592360647513661525140670520404590083577295746823349015501932071448965
34169253308981129233088461722521819191848926576131741848120200618491095863726, 75494643469178930545754688820139561990981366594214272444718612124188977357976
73098483486894820999341208108038434112263006839918214824879628591191269218382, 26621440127118763291853467521063974086119747471058368029427782190911324500075
21501388058253217394930643311720296720268878875535685696670577973565609106548, 50786571505727298605894142188346561757891744754809022092658374257762777890159
19340492213091424040381701066880245909377272127292073100861538532713563065439, 72940500528610410955729005494587614162371536382288647820524859786166170811070
68900821721966268669257050231576400066415445353546860900188237160144979119221, 60194173963905490718846503078603054492653094241876385787116505011267985998119
68821340926854188764106303081675421581360177646349178726632517774120482515747, 28877362284469017705421385462666609888391537318236978531497589748424357084507
42530547504054853451344054116823061921462694644308372055518982624729472885613, 58982341428721273826533381347023464018742473289316498488277245787052147986788
12301890588206142578752384977627766710820031242120505342971175777773660098165, 24300193221388055018591677232999767552656021833347394851654047816862649484970
13248525613356963439150013723276096356219546453823355135495567710461291439894, 49085817198720383076537857538662662184741740539213966168970328565234427895269
25916042027155583058581440838545454193003891941763511329718628631698898572675, 4960881038796355229693348774123963290967387198090520152904128178887605367553
25625788696044135368559411435834518189555097042945465909242404894161095711356, 10771021061340919410943027306842643377832752602979189390113630429735888495954
56825187206733287088264640174108923626557879920373568640187780296587706640284, 8379112270930671332383209150235612340412376022338410709576278535096992765620
29819356727168228294683453095966127978129857429892526232906470003749999052252, 28566485206564466764579570128166916850584344260388691455998719817464527646745
979975997178604016058105662051103135949094185996794106734463654991714278060, 14029151606363221033381509032904530863669487050960482618836863546108902033531
51743532947012934937805970017827685882723865469469261910383928795739920382903, 53384389257842113338569031385199241894342871786361123082011141936562693682942
42938214446955926644900287988677235118404256542389118923078393114370829952257, 36213303148123722991561964560751295887161589428103056918737855197504128261838
43153348288998870178975121891848483638001877802453594047096653017865438902971, 1485434331235231697251138144253271180563800787824596716414699290437438800381
70798845137065480155016878784454006396901975901789360378795858195634415359633, 62064523935844909313741562623827919912200878022557995977194721970807411030993
47920812510211656041273046092807112604639484631170243047602363003267297866615, 35283542499538623561113598431536486543743451323764713831160285377737452217694
4739692257891919134772050047991142958581170929504628012014653009151411331558, 10401520769480778645632991897107877410422011228811656870260340122092384057110
63631046041284925711754035428902664146310868437652568516003140966011887600305, 6721575302372137007190055286494549603990059647105235611268728102566241985177
50860461031007060865313921491352458401756820465155451170058024931382741809178, 23784974821416883682133487975357338316813523079135207125411692927169538127244
20133742204523442512239733491592103494979572522956670728902624867241579555408, 39004210315443876202930684230182166919024114583230231205630961258374794931573
32829865426361777063295815507736686002118044572140041312536072002390346633710, 63978461055573756644374341840236556364000272797906214103875031255661327340498
19402129374362857277009231913535624282936634815378235954425258264163797821893, 13215392744286512257872693819604383971062562866942496782837088901157492490104
5285750156110847100417037655858589284578475530687512985917981315400395422984, 30078501478906739406544741539627422129615903516358534429695648872158772958420
8910951792830642542390888838239752222411057577437629003138198416893024065337, 33035072989595127760147099650517511020242893195614988142719093885098894535913
53747238771540035288746956348645116395589734663808943731050592571293068916119, 29376643843607658306648037685883637175548605619423874492439448855468496905920
45042663173300603777437950438123707849060127430999886717398715012286046256838, 36760071995342880080556923474059298893178709633438928735449413355576695769692
61227836206007283069626980266558927256462354490934977265800744456598696169085, 18661391057426431586727722111441322906364243461727619211453008463016495413818
1100412093719259637735532799987165898730004209699343396843495534529900898045, 12677289181669207380214007995750150179814723152168599065197674090968029638670
23086912349890151447898608758555967057318703993870095364556494293645886027494, 44938853221377116240429746083014011349426467255242751485037010600180157049095
49723736847074981609257776041814333960331972136819576044501865414383565549136, 50771783404419218515250433227163076119878909385629390341458645779675833324095
38246056487779761593768011983474147378063702937667755457300818680344006350084, 50895737004990990148032695094203966410188943551607951223365990301977405720471
14278746471092411457512762356638111074007138725440597442207175389421850135239, 64227433022086626232051238904496236316571833992604742155696844607535456336616
33691489306628308757665669879075331306733310724963831708760980437018348474218, 23609937196145682080856430005442976759634568438868918812446785230808240967351
33503270510461967792173113270186944706519818690564291067034406090118443772118, 41847492885881002261209837135791296092889771178063382336655590466197327769732
46082578901812901451538909543956247409827126151470675295622972253823003073065, 67754671190490177940490071886662955164969887866145147117688168386893838867911
5917557902890299332331661128051430985422978889352440086353965636947285530053, 23535794269661540170608368612067289522256015760051311586303678004085047821684
20132508523618507773429823508104253869471578798705488615060515152559947988843, 9726776988972573146699588663518072892740404778955676826240959449322724752031
39201392386736533987890395181583097757723800740233347354735169174306698691434, 7330246722943670104698319266549233621585138716833682217597379963515712302200
41467013361001410695026689818767145282513502205359460908186174437962813558828, 64577012320391383496898026816407112486380554897019668131810372932207593835998
36741603936759772672457133096631845535514798679526897155381342105285033090449, 23049831575054990368415417639206146510364813422259952720260324303083821896416
20256412347434943255622834882159153651599335630568435796951632162925415276801, 59605410164825272522021425687781897844268720348389783578044623810748961988865
69056284678966836596085948716470903761139937504455919986210504051538510697759, 4835643627339026999185966917003106491911200817391532617412222735215842742874
60498583305161496077950829267463849978264089406411696740318627399822018343998, 46359080927692163010665301794198836358381352474505345394031488382903627417173
45974899337956964834920638282931778012936903100049854714115243192028673581751, 25198329458637042321608263714968458717041231031354588439471926309113561925730
29538305367363965452037902859963054902645559280022246129310378866044452821865, 30393345194205031736538751888531239176185749858607599083079531423057784977020
41349513020005743594410161589401349467630915182927399191908076675667634371993, 800352575798705993637579470374578122654768286115480993897650888572563790925
57701074040315753922710992570630284565656471725246919550872789587704461951230, 54960746428909546297552103748514130511950635284203333722318447389036812982638
17093948455640297275240448960197041092157112036182758372248163222703480038211, 20807767188190546849199282574901643583174722656176326397001715978455780295544
27241637493902472555585443417865677545002879704383732131002965645402657851244, 76649808757802074614713015013110310008907029164441776860174668657778576990828
75856614834101607976839665808996890255241231238116064802603589587247948879228, 26952585875683358450248454226807974829487220258532044118849666828956783433934
54059621183112035401754908459901251720376065350618302188107210806489880606326, 71699659035777019546909739635273692641082848268130416330066884821643788960738
20754604424433059595855327834409931551794188457444818684927980819657787884194, 70486081542569836871937696920334503176640557252375430663067797754999680776065
58807669415581925360017218381382372664649448695100978387026066705982816693629, 14738025475465904103247603945038484886957935497536065345700860897580937179273
13909071089738941337606486578525972436650674220991260638072145492127056100536, 39357745054674220998917189708229892584955042138248643615021702719799415184339
31808805973880826163341804376767434034341644648786644664961284573381261910163, 34543666175977147906215078014155214315854369602929932882544251230851818337866
48962611100271906938051341150860266543112997515305965045052853890759741653645, 41567506275087534381506712574321482704923296435402074161675852893538284495253
3170532241777650736392190577442560677925406985884839131579810992687316022350, 13976936686978349550678401063785562059908719031887091193432370344177873405326
59867106418647752207613941500575162761841776012127130977768576289620848116022, 20634399288480211489389182810828699188203743577335161250142243893728459222695
14990127244659489949857342294581173973944170636385830984760222677778848658274, 8369970485684127784752938779224306889531402099731141415891076193173339195144
62481650817215718807878944998925621260551551968463785278130191671258198458252, 33846762486433915974440142145140668854202487784814282999855871534637616439861
41687117568128704022148438410220842905643003763356104655388685138215902811084, 21554449394701202067938215460551873013874140912747154941342078585584940615606
30692502019308193795426630980347980781855074974510050645819652791918108447932, 48852979355123585242517394993931976656955601204161350441660708459222335319907
75541682761783779721420560413883965535613676075607859372396338203548958425519, 19372492651232089408317334841728364579187412756976519204044136198342381295117
51168681923496260624760821656178513389174605788422924201772658482012906959477, 56026040500922991135479216844555910957250169572941702487860285753260917444532
69256379544926119129344062113104464636206974187141001369446278783832889397658, 50817117950724823819241494348365690215115532490732139802535978938007948217994
54513216525012461405420795300714267927418998406614930509187922115746147643934, 35992170682721969452856623916613126815105293126749964878463228548798382446679
52997344459871372242497443672504576015222232817595009635676461688467513142044, 13779878932446971861154842652281321980153338972994287298346814316720081771042
57397632424139881064168482486335676022289093462337648415640424454300956645004, 31014739489104017668521468142324472222688658632274062341009741201751835693277
10404282299625790019477949089917106788494054686188478711722692679116336837671, 72636040952674814089844475899020017227182162934391315591756906826549174608700
33178167651389088146937246466650506115462964870439573923695470367321599925243, 62993676142907194525728196503213397593668529788750907082673419424223614524094
14828117325574663514315346106346053550690975047363046941225582091993014472485, 38221071648819699809763796550946217851949437408710941482836982043232834894696
18686624353012286882028522929284110466931442120310173666242229038533481744768, 29764450852152777871704064934610132580244571287544248866073833044428844134873
3449698347312113500171110696807427631728058832397594240858522475079358965363, 24806230020994850207387449323821670560171227799426890857427753550692925521459
55007269284177886115973108383513512574684069292436207943065832506856965765252, 56831335724983228877164480836524770820055324247813471316953852066248910005902
20774365681826717663497265548696131875256769920520999735266511868572780966041, 11018021945862570616964473409041623285521974515581875803079456146857708540928
61537425548109312610253427514270699659396180002671654211234346932899726896591, 36529939636120771813003761531460538086308781735650133322532517888347487219608
58998797469227114003074950231431872278131340678357471102313186880691933436114, 19645978008016583615237218033726805255160164070192117230759126374118198192207
17675239006925695398277793829149537749714821079545010278664660803723942649890, 8379795895172327667907433482537929646326397998035352067434146968855778015437
43332914782310358719631218031383482229192609072215386787222884212839252859441, 59542656549697235900946764034104054391670313709350800741528407542267648730495
60905572716023757142977648901756571485604673892564795396063830142197951596897, 14349297400735487513058162895512259636209985512647912501585982062070071172063
74939906323013293217748660537053654946312695730271081080126187797506916939103, 14156434488272846213269388107074631788765014889154756295285186899806727508404
75583320183198495799073699105496596488053504441245536740797639435734484247086, 62959987832603909550948749539037039702107651900358889135185414886096494818285
28359187630859080827546046469702264241000722754612114451760162613206611749664, 8204703462421170850323315848875839309699163424049772086636144905281845583385
5679044924336232282660535554461992597551367049389699758983732230162087426863, 41693348386434991407203756896178737271303895418389708390379051091516689688274
68426422126294853345795730018329917580955633514033063836604229819779831534521, 61931124922491758880559751183483223295644767076875859176310129188174404125833
8245563806114898616094215181693384477458601055876090325300718244395643349579, 65526859474597496135416315083606929960129259741395619738880336307875355284946
2124588278864066725913153546346056626993611536163111686228975652766350753874, 62610358394521838978670208892582669457702844309117274458101409456657935814930
13655648281941815775671499360594492320277182168965089713292320485355425673983, 41146762549477708858477030661397547038946445035058804587252355875017179953686
61306304470719064375736187134993312664244385839458895805440566874371195442941, 15640360202146080397961968979138968724538420605541456566102555150196625062035
22310548185699571071591940382811281526571047777960459359640890013416175339589, 61609561366115886046726201175950894337912675452598230033186968775927325634055
24229759872445928332228912785948750008661292612612806263830671419046983920331, 20971046941701779985952387893165896505605051111927595466507057816665032505147
22582618110285413701572965510241217888026947608271331007166115194287906714792, 58477064285416809519390128817208659995206228595579798989852496824987810055416
70634349396868034419673968771463809055662384732039358184847390084665747235746, 76740897274981789865007116960757034393263478494138489008787331094412379495820
39991146630688657269618132810495555134721555362119159563342264510366159949705, 72274356072750950049067073339566608163786165649117774708224389776267255477756
8806974635353308882542645499506657580749192418363455233704296629950139480924, 49914803771962992330196684784387704807185313277683564746228344595223631095285
38189749873335068922362755323496393962531046285767666453174148354559952609619, 22639494010402876417398486976531610811596423807823415757932682195133610123043
7337840254421572655474104991206315531998866761394630820755693857668298714524, 38602947687900385061694969779226891270877749531190437725104051795924090537958
68891591018553484337370232649495703346033191694867606469343057032730357053156, 73757700735911012332120779845250466195968049048417929660484590630368129869535
43616677433580849824026413944060677521582532241881633569432386320243019293933, 17851700682430360735025923256789907307169611170457827985345764003036647720516
71199880944363913690007874252932878046369748060604325503497531726943790778331, 23730540552974785773682960132136525193564817544391066711139665281909236592856
44451682113904757720219684509093708510211417213354218542374369660423946793255, 21045940561825628884855192789604228088003414604117253241044325196284035100588
64783106549741837748392525212394598479146544766957311966185077343076849010230, 28971054625517775323740051510722628392203749937412848719546609238979707314898
32141239244138816430294654017618606552808115375734759605897170267300854664136, 51094201040096219265100722056794787483863778068276339835139651226660283216598
30612191277831691574446019964793697843942560972031505303620349901802238116686, 43434999436464778298051842238537001656580535919907153369449806417495541404725
9902993821348225175606306612134542970305144159210274458157395947197031280146, 51115358321849988824552701313681087892085401195381341671266780182770424037647
63613497578981264208462482279260511757312236903170721939018102042730947922579, 63604131750264889019651505885968350303296302871464989779016386705329285937842
29127879700862842703903266475597834026041655144138452922978490915071989535079, 43836243160140728945279342137932584128387269245726513596584184146139970752266
53540885569050456142783612329834994297325855236719127516587844755391542428425, 39772523611814421619256960623977970339480745712171326965998312874553395454987
52142561839815745109970196044003720085837524486621944980086131931794243561444, 23776851324106949978978308383796315437354774522393586423290166618429376427935
50653143119591863798103584380800135029296201491057957026399240423165624125848, 76483327504607626303120502014413520307766974169315994240523744334232828570263
58697080406716369522621875701020265675639437647163865180103943646962972771204, 74764013742230049407631016972393886808854294024378564133569895508462790857769
57723676587545878893738192936604912370277869356020660266357240808470407210798, 69193308154511853746827430236221798027164687298513682276946532426624088940534
65291317800663678266174869498277537545186822968094096651585593848346126786389, 55671484046351295185759770304500029904484409564443174640942484810576316397584
1590626358389344868970981649189553913209279749786166364457014779791431697755, 4854916914865626882139173780095023198846109501249436130950415158535839493241
20509035962307134915086030373010919408034394117011216394891439772970774986612, 11780487155730913037302642738126303594548273078111963314513160504393525412393
598943911203413161526282742813481612476061879977854648326469845777195387160, 48229695814277260677678867778392110141523264750038071613372140391151727825263
10912518115956351519225820403209371755306875382857580118306908811376337093642, 71672950529001190585831872005844620194812196237037603904072094604602027485957
51843191803835932704826970518461246458582886371220998233042364498072444391713, 17478167855424710998867991326954686031944570076166957999818373127109510033214
10467729206726805696774165856017769297561729942105531503328688718570309437494, 37138615164002572051274658357396675033021714759074486508126801768264735074481
11772151515656512621031565709494283742248375395617761785112359077032585647550, 66974911443881515095849001569020888560656012944538431247335078315354256569373
62638888887412866857191853993228679759758299970036214313080711622380869100449, 67392451320171458499225871001711228499880728103840798583461754834527986751293
43359187249670236048792758511811090739763103136646017912555763663621327600305, 74618480265673772763700326027830074013510834444603382413311041610554591547636
57108532879999269881413663645011076212060421950406031171098011561413928505524, 31751937104891721741728383262195534184864339109359966260961972759567621261050
6289890216790306471166728877439168292779199481809776148372623910094453349090, 54385782386320703896830754047361527154178590008355795286250402990092254501789
62660607239234588515888317413490865076663681664976683424867260068611292449019, 49997238845439941860672020332811614696898791432090623163419350846393327099184
72210610477334995965519950912703651065659995719039535688880775399515695147586, 37917561098807315503388014807249406327496872938266904250964270380848964556796
51996141901705870395776384043889062561839949496742550573710870356781341694564, 22886421955179418122050365914033764952118893032286178463040138239845399894748
31427087943411632007920005817978553790428492823142835941311320234667834068280, 4890836842004022338795626156881932263113547537534500069978226961859755496035
74012351458732801993317988716793516151924743746251925134077000617794589374643, 43455500569593091414471644083838480799806158334314613882145480009937028593353
39514231398904274075847679211662327259004607243893038989119525876995885351929, 12782752741680339782550534562134003395200739453557077880523159738096762127289
76406640773287423805626136000377961171900349168839486555570035112127254805573, 59482318055218570043706340582619348360872024018553325031198477396377414841423
56187807782593457043684496118322313893631843110702145292877414673254779888028, 14386741728101784208528193168090721542672661405727612274661051327600959451734
12682008698739395563939164179811024941360721491258043486044374756535595729048, 76303212555434007859234911883490486311163265268809359424799864587134971780417
65792915829815411600738727625893156644147885419272456950269796174036292423059, 65827074101817101489824171312039638166907699983694322098186236604635571921785
26726843657553726462204677026539396660923817287679998374356954049319328533765, 54439322317823320761691021910326918834668002962266396073427449503257148494271
39544602583185043650695019774092894913458140676186109094707188085260963845574, 63420549144829380730186515230245300220021109451139449391250538890568159706609
6851776623162913985722216468261409769784463169799240745088569993677805251381, 74246135820937377184322304397223722567948508803050609768361082733779383967240
46628964660939877777413989329624384921879288734052621775413159884085518978303, 19352709221075769778311283497346535712700254807739256071220277549839622172740
