Elliptic Curve: brainpoolP256r1
Field Prime: 76884956397045344220809746629001649093037950200943055203735601445031516197751
Base Point: (63243729749562333355292243550312970334778175571054726587095381623627144114786, 38218615093753523893122277964030810387585405539772602581557831887485717997975)
Polynomial Degree: 10
Polynomial Coefficients: [44, 20, 48, 35, 47, 19, 18, 25, 16, 14, 46]
Public Key: (18963867791571381104893309718342546515054997393099862870532292418833061526497, 29693106183706450341709140739037899872949965933708195321801494723445269816624)
58815678239828833891429473015119585495270567430648871155688476594858703529249, 49803875669372763455746867188482597151470643549321008544071776913392528812762
39416097838248990255267053214397843495858921597225118540191032802948805879882, 50262892942373306055256328072815595481089299996596265251948371435821021950695
53983918626965956236041077640941949336358990066063205643598158377146719916711, 69498050225259754141471034686871639476275205271714390966269997103214882843506
19414507014184170898030508500154955142977103634376413215612069744026516525614, 56910692135554091494827318095102475106440053235739128210350089198920103281413
51410490475155539847231653428960514000009855554112957345328356372115452126182, 37317500813155882479033347898180787117757785526241521897044535701015730270137
67838347523127063918064347286203757924678793961720849933742680648742704449879, 16761091579292946177568180187321672296240873739517651471248558228990603599896
25955776936863263675858337651897826683060911591550875155141940489282691372470, 38715222157327748492659424615303343203205372834177105592211566603177914747190
35781388807515664568368992925268923208487860371178929462854799021175213155257, 38775921848257635050228969934088656270865132130238960393862970300805515106358
6461726800205747960898317355617469256766647387723516358117775023409280598852, 51935698378086201525109540861531499665710545442548810872862953744526490223529
39875903478842563376966256102454314554455745513571803687377471221938120622940, 30215179483428538309019227997420947174711955240631684084182689756565921634706
67709882299211308648750531568156161025034107181098566930998359622027068783444, 40960203869237514308031533205227864586240269182213401973935540658753980791909
76038287773515369400404030266893928144996077648982589771190463584475436067178, 63857997002417824228945213121940348835096286465133540028392197706451896976390
46082459407914690279262758864674455894452055767743767044382137289995667772292, 50996785557761885174538044401957242266809257512353959816020685697292573749715
11047886653701753635789622099617271740755123627259733573108633831809422109021, 17468651275221174798352055762398318222970848166684185075002438108236481990606
36727419247522737804480256359375314303944072801154881636108530565783493872192, 39398427002118372087125360543463670593597934279640745735633651900187781674470
4395742571379971204213216467936518680682838113465996132408289661569688874593, 59165567289052592757158845678053421888348322674272670715501030704333596441848
2342176544130767189261013510119488287551028724651991959208097672468397184082, 4065289831637410667679181466357926727385163947970767730379235744423395865971
53708464230545025695706658690568071903172638194907865374023812202213032518756, 58010277572968592571792578787926239990642280797787069472660729892190590517261
30706607232783178604253962910225302369521073961440125869084377264217020408995, 23985855586276250320453946227790888295553210825156703205287575249996447046100
50797064017752728582948773150385112430773321055081564022579128176900766488124, 24019692948553516726064728646404560633394422592854769066595299929764511425650
35368283575540919866569115063382347866863223946693080408718262526434909270302, 63038379471384396399536318463680833939118646850158455090962686596877820279450
13778870447761888274759336724064775809796773427884494805155809305779993079784, 3148851017469255425793966035698618112460622995348604430927890973526920902986
1045990783327938632307577751198098177328847828786442240272382471214804302791, 47131179264131688959525485646844740807589729517924105718346175859576776665591
73512151647481073799285324538284323190909279974895365613399123228079543147158, 31617886749452121187249087089330636094652201228466229994201257666275387222900
47189717462168190363400775344221459983165819954261417149659652443544638973334, 5796995763575247599795637647868931241605405043570201618318750613167509084575
63704889180506797448095134316731834165799712810233599572578798273950894476861, 39952521575057061765140728354651716328218606626388023405963561878921995378543
11682898110718458198578073090496104511618138436567336873411343730960028361569, 63024775887744929960050882200970928565212687419074799705994320857511051198892
30708943809295681507483217683413841706896698522629146848159043519055512616270, 74187516732730486011872101653409518564942466147424907545009243405816963925603
29041768956952486816531557293132756095160222127184453326886175575028083716912, 13564183247396242612696153864907348161514837844082859753547905320689901878146
72481197242450113547260993836136351380931433983205952911639196415707334913094, 41311243000127176956622652708011610951740447119319967373621666651563405800515
21247816415146926146269443331740364810148456581181176921725849552612631162964, 41154997929689271251187385626586287548317389753664043212578506727928981580064
48785232397109498576267206255017519660635497034176052351992894399332819673765, 22568598184644993477285417030323145651406912776642779583641360180644136654108
19548731427163797470746954157770312477414712527263976762948770285922932449362, 58645383026362854789728385858513175635570198691046499959052633521968921238300
59107198621037661170817772484370879400995881318684348614105013104414840725186, 34375801528307951432063994480323600289081932735045287448340724067514177260775
22036468269765457192379635636628645167490707910847445246495563559531878347685, 61418044733815498762496907807695268192779284402539804658587190821759531050953
25608226997474367422478989287123302799002504614244288205885198011855430713902, 24538694511210309748112611104018419251169130797756438692955728689479556271631
58618116633602421326115633241015000851651593817627670974557912206460125951670, 48524540791409198369647776018778102884980318506507761686608773374713996706454
59409411723713240411717536387425058628404590537165055229749343914267158218398, 60692530354859630841922415589315723791307388582121205267903721497249959356168
7677426659409648461699601408222526386809619996815622114528626661752139807327, 66900907616492311422493232354727435541431126740849353840937520282999427007069
6318344363462455431879548400719806456963655748937216137337406216987981913485, 47023763418347838306906202732971377330360866498104138029984326267346664691223
45330631542408830183616577385391558757277702183814161504644478408552242374943, 76062654940940030700455635157920423156611753806506021734993708625729793559378
69608040706330384754935003842648142524293735023769700959392548661339241196115, 21817423493500994330105758083675883185327650789650771591246311890447476585925
60905982600416529694393081636011385036255231020002537287706614611859748237651, 52145017909355039312532613658973074011343325631356465841819595742481398849740
64855835802830361738026637482143490681564992882611364849859123894183779991555, 75125987631378471776729535797230681010832506821675154170128606974800840879492
70198946740993797695561749243109670028878734487581232131874430510875673094946, 67263264569175914003160759019717482856689632529895903208515538478501540505248
1494239801669765162292846563210718164304616840879060628965170775055169345693, 28716759304328147055996919602389005730843418646658182604582700304275458185708
69180575031324200987739336428148997639332969990673420925591643964430029292779, 10092466304034496666058211945861565091566027141928187553747262150020762058114
62140418005618300946410682858532220263866868572850379538276666330031989067882, 65123583627272204203611320119060277724208646507249936737377499897896623163128
56960667966610011227691692777372367473226920369006728004764133117633778253995, 28541845702126844247166337393760538646609587614245272721546985216421983727258
35984968519107067607657812839444086128555420188628948291658136649294142816252, 8038407614582778342713654795855812625911890403568467875701784547483419923742
71199452246318754031724545717088495588800327962181622815871626821841094221277, 16537619607276749165583740190297843282902862838107777384592073950781508116400
49949264519828509924220680396434091293108261163970129019834671115113184478580, 30962514036132940072599145024561983882068215643703254918804626103606985190531
32964501612984387850371669424733880647927169477907748211838945142243644976373, 45326821576576554434977919143575328653279913911552173288860314494337666421213
73072900380740809963080535407869592669619642082515436173245797806317440204153, 18324148078876445031242085653521296941914110754196750453872261500261806419389
41625519959369886787182291113381323010233171853150400451666470382118032930478, 75380530391347226968242147762476943601370899011318181829698345603679111947214
16813595176526102648414301598648088074787668857114485271625791708694133478785, 44613538006079165124471941480899970970540721403345455586897166934413740767615
26064048361483938087886755189702201400741472807075214639157403072826541532030, 38176849245164007688960798938255381975912296454540727249123754570130650994815
42583150171294183424784123329617613627065326616887100882300621551173721529750, 25583997675291010785957989008799168083022607889009040720233346570402125532924
76852942604259028481236838167818102569375150662763479793631512402059116305933, 31684418278124625788415524415914548307240050536921320081697869569573776582634
65158161025405245795542093515633382331804221630898915866197349607088978461491, 10882283329882855260736230647509689986679783487605717355551991281460366853645
591989825463218808644751104718257914909674462682877769496564901988475847867, 60689669936858397651246737841602378077770499645916441038841360988704281264116
57700100862508583701502844015233594055142768139925286798234014325775459341498, 33395704198656790433970818297661538051374255108137948659760564587979362127616
61799376549878232163429865249007904710366016413759214195656381680997526438078, 11940659466358303887343838530397497137640858463762303573863765387111923622800
5628424784447366912210708346439577631834249949349296607269952611889778961140, 28143271718263739551057687226288889279538396177453099952891650720567283484105
76170073603999952909711475665416789234308580965802197234218006780447477524159, 19512301455885388648144256142244461763914225418637900321347780877616700571392
74524640721588373731574066251041853294085021028989184188590682144269949587386, 74488286129262592718075159235407479639567137291288681829781137063174914249989
35729773724075262578252961521980340463160024292385686845024088170877274159038, 38811711875564178859257253302282813655584191827872207428550671695014887243757
61669901633069892929474123215365397168735119940863907063015535777479277354891, 44468080626686898933082810044545017691407496698910777085612355976542440907927
63733678975009625360065405883438765929556179449497708657801036557768578839472, 38663116568601757379977924517439987790956988365451127655799489809244085429212
47493902885637489750321518361218710154360218976214352349520370785944501498529, 53373746653746291858931249033502040089709620897250213619318199741909334506272
26664109069213333887774069751614630066852033737300595544933154242493179106737, 60362610776890884303939605949291314807768798119782763168025417006531924276596
1066336745877546225131055126436153459229309007083834222345175888181730976658, 48846623498140848291005557190515635150211902140771705109643073901709821374254
48404154319441765743196023188613322919615660868276847413469900263371673748592, 38030525010626713349377659009163046797488523920088058507748647832739327288718
22886960088124731249422754079527993758731902652291651397474703968534774665348, 40905694149171325019408759701431270139696494117223371518300425287157471287473
6133849507113109454685309063823275389126851712876867120311242723365187530129, 37513531295966084990897439106106260664924136120008189077819969999828746186933
62894657127083686243290115131425295283329950598158959256513746351445748289598, 57182804195446156407538969979113034862829701764001286310111312798954195886309
64569272182228120520835272727600361915423755964550688261785227079888282311065, 17519789157403632770328294808751952079603681083560741455296746247800074648210
34109278665568520251527243987653115726526586380408522122944425796585220476318, 38512651576391967061071717933047175178194331245499032779042661859632491346028
48341060604186513663867473657389811537810791015508129930807698547779858298285, 830109600739832979164111048131423148266875358308729844450047727577241235022
65750306780707556689829129709570138932840487347368869964307596901545250397987, 15766723728309504455382949340876740532622163617088236893017853703522125405759
45703405680721527021782736202183596237638285995427788519657458198517578794291, 13686158867135832694624746524954700677966623635964655085572211588343957046796
48980607408053497003864370486595807931300676357934559449897866005432448232104, 28205562070147718278517187697323830504621457453727106021957147041383354910326
19286392780500672421889478259917440880041827530737794605337033289454947505905, 21623011659507615580253452874371986194305897308819952636388719816554199783241
47770612939591756406408240405728734384792891195840702975973741738001921794775, 74373332079501700853257906409854318918395907998834563323225558318665054157539
60914840958027991462655174086310539580732490915110561923602085038975150960220, 4056422769371256497146689339932626178021450663200576576109777013919912328310
22567230560574441199169021294162597814268462260351808498581744541250997681283, 9289114841446428749311349580875500185249828065761592772177628399678161468034
66162043443288741005851451845930471316968055950375965438081755861847502003525, 24785255696939863390978308515707275274786204357540592636891960647632511473253
66885617252199815915654737126768335957153098849363454423044674144076134815874, 40754953865320733472302196751772654022983886899046335902355348748133731075872
71706155721234290143714185551908932825900112801609011110183557715653639542430, 20765665358158053139737454915763154257688820863460786168201660597054104685819
53104880169727422703846876878235871848602344765233276973048448831087412506637, 59142696969010960313888159317261243231671200372066200981712494760542786128462
58860190812938730031627262312801602153588083030817193008129915461289538079779, 64542657256640869566408933848561881043317528301184575147513750895402970325266
41419315920942503572097856112140024822324290519003951243423951739303758364236, 9587729213223424128145242057602361088586588937416519426382311347091818267985
40173929893407862162385973776145175710083876432034666508477698165478369287192, 64814334930887087610130353064088784389210044574566417990862202814058818307225
61498420626132652326030485434769413781300750407726712268397072604447901245977, 57446745373132543687324110212807448424175246928449878248115234431375137562409
2851738491680713108965710250474090040545649392172653688771613331021208379777, 24154118374408975621682917583850130803857199969292770025521794251298366890555
32280703160132136648660089398770672941876830091810449854275044765908704933038, 62786062570594208530682011096831782787569589793942387264043794553440883995572
73910345295143253021676069794033253463139878973399907054953745361076315970598, 5601176843221983329027567694944836418736935767521807845222888299314209077677
1624797773205470577284792765238201798283214012863952950083834749743249312698, 47277605936364718267750333612829947193695787205998614257413795906070316561755
9945383121099644724996195694196958891905502703917744266959476512694311324574, 32286391960688687777420463676850846252457708927307030308326259157962821285998
59616971320928661969953112529586652952261650779246827732067135879636883496581, 51683975037285565600005249581207869134474232126973868207157793781548962774759
47946047498985923093100830555772962706568089363260866113756258592769996699956, 25140742083218057754106606954381718923636364771919013472729068219896317238811
66829178971056750167413503420509412074310516866226093369423650364614062812045, 48017418407918736185720872593192710316136911976641632079533312210038152495942
42254982802447414248274677437279288192500409092865736347565488452890316457993, 65419427945202772670728921016214269848378666269385029809777506283866796191425
13650156489952296869608133658360693760046996789613895430739345128175427857868, 63902084896707842396201255968758413566616659991765445036505162970919035588378
3283475529673587180353245522781431871941143950140873738784246405977454403029, 48934980678792910482250706023899186385128814444709308518852936735438072341711
75437627166563048945526972507072466271616564777018309480551831301471006527338, 61660212679143098740321455713223198467871993616376474519004530951037832230225
13079132429230224762771777204659638188046067216158381018061562498283855565103, 35523848134505013020036238562420313138550632834456529649461098257314124877783
6265073147505264400605483831984087409969511817678206753041578402796497561739, 35012071635596756735532161025806140657968135921521172954138843276135672865870
23755084294255155084699391268755583300412149103114328563898414393695824952195, 17085956669020897409343559529884473465744363340160043493073425845621347652593
19518470523645685063936465267523346105779021002395385849090479627922792192863, 49195734629517833695429436927839000624303063629660631158974419259007314540360
49695028464450410984218461280553585806414722212836475207907545720207806051013, 41728222858595088192257077948450630900437584546589271091294222008853868013582
8011094318629038960503855077207335697156031568090203692200630696060227164694, 59285634122402802799775557438572376688056857095965428892705122143479690402702
8738356778848120349499565758285107960939186250576670662818501034050444593940, 18698543879771812696011118516913842797228899878653715336083884666583731050868
29907549163965979117937965612028308651418540664778338189401900482381303426490, 10248977583331985388932959000251461696616074950217692111046931444228138874012
43727768476549365171075367084728496886230336810376057150403030654730507199496, 13824507904182110395682593488504150924891950748046078872550219373461537761669
41949767477851497956004535436087517121691082273283859934136900549732642183640, 21229611316097231857082542640512147837843956586537576169223493267406561099893
45562239254896812812457227224630114241244607013165889407437383113597031781353, 41234280798207410937669039457450547732376635112303476656470558928511290449025
46375498956436381351486426083714285557234534536721030928857108666098580061954, 64577130339045791078698657946601621246808094613611542242804525571108699088470
74204666423618419058576649744586402275643571303826132517926236039882034042213, 24932722820624720993778660355309251058113595128041154542808484017973742965915
60236581231445034438440028201688402111581096287918981575410937114599070103684, 69429850017100071929217810408254310736761643176297875255832459037187023305924
33344383037440507778772291985988113765481261072226456589666891676166817489451, 23650480504767480517188737281271913015361378581894808413082625940367353083168
17098419611191154952217926600299832238551985255109789617435258570553211745250, 23578352693366084584826583246499981047201537248062774403636069682224889947092
56882285927903970760075915225414175813512373465300305788123097150140127534032, 50486181103517293246694773375612164098259570788966067143165733337946435626692
55119321566345819487384442540372834936449764734395330760153487432243564856457, 16853065149002995255761082059407306647299271115695854088864437512442680882158
5164776271459746675106375630046273284147746138194650730653244743822282028078, 65580368962676504787200328355096749244147311685644300378478726923630243266985
21547924378017322187318111225488341697342866697519277261254016038718314799080, 58655155508270456777655269163419920021137484345866872498834463340588813675606
29112860099633676821554686544761302142557395779923221781399792251573232309758, 23567754806179780651586807909787303052254196056859662832834484977634045290478
48953332415982824220649116412932580843491786293439417434338279146431804878996, 34448417668232866324389362988185523852641905586078406891207432958755500453284
71444629135155819571509016413983661338086276448007117770107638150131339050063, 58182802666898424228050961633995262816368931965086064719556615413683731741559
26620910147351516901589382466183315189076241190628623762887061794506774979658, 61281135115596050204675107563241883811820922295379937874188404404380349098115
39423271733699668866631610764332592243581785751450834058077235509960418171562, 31669860776876787202358618457740466487346483009906104023896605482533556368097
1929006831511878284815402745486458600364709422753327896493786522792272431589, 75066809383280472313361565108534628977024360755515434088028718702124853623084
11957281326614908563664005491887590217876791672190336717439858980216805743833, 52686487120073485839671443089298968167864309515007959248260052536414643943285
37046373722027322274410499416951790049461544603829823679785245389812142372557, 24712663853038652001904055355510119619918177153021803632041967817169352162633
69222535567935979759981964736438255132883909639787073159283895760253976859252, 24838382237086043186013690081403734008565456403686242262612250023615836790038
16042591589390973299173661145921164512021863821193027849422885099797270692439, 32779425189593866557373851386979975266749898195741833838883951722082644095831
63085773896441454793207092582042410114546668036176980744897665700143548845384, 372061982190067969069633615032477893247761866228337237255467996645342360840
6919996163242004382968345044765763235820688703436128167361110152242434380549, 52694030946449160225703102494616993109446118616598762050134469294776640579159
54454709624460791944728112404641415711998929356680777211675773411212550466330, 18069447909655366950841062123142870046525908270754725458417206221314176706110
42419302023017616656204417534883716036164373076270817566706485351947057799585, 28817324519401432398539877492741712514313573431516999167293168358423696585681
3656125308344233802314181116447962008415258511515435921705916630139786602173, 3343417099799113098160442314530900976259437867591439556404836678399795891455
56961915721148542919571316761882359855558628839325288798448838054694511245671, 7149279387372173434587860746779269550403406180416081115907598563049497503229
16981380746645249329943311616879414340465425834997904010749091944151795943764, 68669318101242260176482548415197709037368812116525193318360738802461723974935
17814828899815931412826584840440764934043318263993910748418027941116948704448, 57029436957992667327994567113264991241629389374451355165996029064553382971251
67901794028892052179405072642706728746436646907427285395124476103225462213871, 46496831385739038367203441887000383121141041572936826095316499640097687858909
42043737946214649573882247639579826451416076437039804347260283540489483981097, 40000074495799558201101465705381984925837979043489934474533570261950749309452
49336979620838537557540872661968016312563383000369050957660284268898060490951, 5841409490770744233175790604151551739999873754773984237806600445715395857942
31609364828241563551917908248179434997968668991075684070375522212230279058745, 8036375330613181073832882998137794033532179896472556252073452851690403129639
52813704210000312617209579180860105702282545840179613827421398201783639708584, 841231392021216619362829577461410707339644500046928622558445186587983372709
74539995999660265009183294042289975561729033921394972335279989425207480047386, 4837361360536557677339511496504436483158499470235693769239259689435427352966
57626039409200727058063732178665582692961205848189368665892366821679856139357, 51311567633207512604581419117336355748698681591174669622216689345580690827688
28032591917072156422219168289699655383370248610244227359937405524057480943264, 37706308036625829369538826351557859492066553408360179117240679361999528642224
50252752372722799204022658450500235136018162847642013684180686424626660946116, 33537089241152761548644017425162467858921574994168092697687539033149301093759
17741914845057685796388591652061876587432112924675894335339079407618071584556, 13009623984579410979851116274331307870236319052160343313970126097954045133910
9288234781877552548199196992544252241072558058256669813225569773952746054772, 71059883898852881992075651615193953734499207630201958171614843009524163754257
37734026979103341592319611061226347896528225372263437142542859039537348600755, 64275246867243075232471159112219167556573437945600129504457336795631558184382
60864365754110712478458013272686612325058296258276717156142675583122459942915, 49873466080442082089500611407426569239237628220076866618706159285103488891225
68666519025401901473565106136173898377187547510820320144655869148032580948728, 65495632830512678703087263528338982033563996801371095731064515616614466046928
35206445670568658646365332068154139863747516886846404143838382164635155350371, 70814984001246021792713466311553028856789988795833347905747989937104419377716
30948167373205322631435909041591962961091878574886379044366752048500881045166, 5974991618208640715666397756605034118826208489963173852931032976249764240848
22018569938590829797717050430676068696587983615917498068439664465090321449101, 74099189235995209051254331194992948868252980267087746675965088374051739347826
23389549774310835347633202562152472192960615211688423168172227719814140084591, 32586282597174430234713658260952948623428776590281141651688630247263811516343
4947328850159443883796382782864913809472003190193487615451665796513688484704, 4647579772543369279847177376219342396818901889230141804249935502297514803983
74610780020550065858857800767745936150851526949619322492710935338501146771981, 15359218850615317351155324330160087660320879061435588444337833882622361375759
30462194645903561245286121857762119480814539452011237624917351468554756349030, 35838147149851997783800138484474339180618118546378880853207883770590380107809
73489031885158836398556950926951659241680225292683002497263361874174430368298, 73632909097960813010752521497815589296050506908796903800926709800445537679343
4487150062534499550107709821085277192121225291336180445602909844018564775117, 20077985396678336907160872213844280889699145457157084783674678620998293014158
63960091125845318333670949654009568145168403727969632014109520724472635053770, 54455009576583730688916083623220949479658417760232961452285138272706502575079
51566032005930355487615234879252858929393128413625990428329782049924638234776, 48557855795232367057629218403990078511379408598390116134195975665823363477713
41582855897408542106887699333595537595187485615418523091769446627787152951941, 36865866686497243399095631745443640137042785837447766697782075437954691052839
70940006874574335440140212495317637538597560330284591403164924253081705864100, 56030273090524720432776444345458115701000608052821727049819157847053025247153
9120427297970581515233539992432681528540573326314921202248248288735116897355, 16831010413513076016220158980915619457972099724755009932585197281106112134968
62823927418166040865809154031037270892290147903782157583890270137391774638126, 3503968801350039011748257871260390633746448375865819798835133163003788962793
11786211358882543185638217678840622555776133528926382652121339252893368683002, 75669100838303579845787028556497906342093030244175192085573904828980140833096
35163925056002583891133756202837406098152504784998810892872362240237927352113, 13745806903233169177494657336346536077050118198596065635168413457491833411692
22310818276177915551351453947160586265030541298131042933757343781098787619063, 55323512118802017323040329748250581935241269793205198027774468853854547965514
34071322789200266418733497037442063910629540497687130283113502241057662447710, 11820322699882166575317739022895406899536786235258427875756668488595439759996
18225151105863710632546079647683110780669137946981380165470944868001987033103, 60926393887307281285276910099142604121502040523465381660248979464876192764498
10031745957617994324262846292726699683232828449478397580567754428057593723913, 67244885318226512162245956688097425516604507453235594005170612957723963110071
31728081097988735615469775030938095605287283704409487092328922144721987813864, 349263470982733349180527371315901118035903660781714024946485331769751694644
68229379519179401253517835707183236400398333373052123173847583871493323413849, 8537199421309893220871002754178562238628507496561833125561569290663493914459
29407852924604063479407219955868860749275468131676322491895689673969874771699, 10343213444398536357762991014058325157145061729688265824926821864559066891454
42973612158000089569618071367109661329529998016676742112059640070073391223678, 5091120839640904522327847192676089578157668957190043446999477996201707076564
61436499180863665567205590881874117348772484801879257184518265253853736703438, 20440959888659327113160444976178528462731488013812725808202647134132251387898
32909838066973621863149255677540537044839861182565780746181948628206429301015, 71158031552119615937900055112066570101246336027735966472304595791301115481063
8007586640673618599686268309999495652401099571243284974270739291826391811354, 60932563927364873301983735820004835644046253824708483278300778414429492686936
30855318608105557642966535359076837120653429799083204608142454152528150961299, 75000431025736880600119555361022998639568727330290185652808965141357707488461
33036014855173374570959628228048298988264579251454789868837483576197311443567, 11258037113017691122821999621609855552953198553954463230615797862235593016209
52598703578119034545272958327447391972634156995443166128266464444266425988784, 2661830468763146298585230299880986654119262214007420909431795105009423173270
38918770249680676943734808602093203774854759271563923348096108235880815794825, 2479678023528570467449555085612366786387594102307857235239884489153070197703
74151201628215743526124793030727706759152407770869425905890238787842335202127, 23542440500637128821345786747149937170935854488247280075036126500557510808494
11785059045002358911323062122244824919109151508706619677580336408252079009765, 71850713057334518774930206400481982160695055698294881110248914723449004139476
56381382150877842985449642455327234923477663043118999387233409740975312379620, 69833863458078161281174177709931070054070983042348158576676034513008486401642
76473907810603201446568234515670976595489484514717571299172961749436930313700, 59874082783528588954782217434172389419723689553846019181479540789448245539283
5500537699264792198544007911723525910364287541606174845889604061095565039966, 50858087529768318644900891846997343343625200085217987736417550644912426067414
27820371135860620585671220813404046934408612520021961004206528568084102930150, 29321826135096276907385358092013429498705601634616490395514531741035312140060
12426609008820723054998988937522386462404293148863142896141266670114773240593, 15691496102884771762448014398396208097335244729400090855604063905275934568950
57599137574152654631431514087293967649025889409856143679344251590837489904282, 51036668652031619305494895007693954170699103320610956219077581796235163590289
9333775426847765187913670817872952239478630197765336151361098677706504823621, 69933232479116946302074598546120677815346275781711799254717021315442743948823
45854380304665213095341539386729653606217815839244504544573304646520501965399, 63589222087349188014784585028004392672183329594417590506762433646338277628928
76179088338765216714891875032475976198264810914506891572090612564058943645121, 52459205574800384250976745513121040070272265798495575700945068516200421474611
49440868513951329948604473888180776777161694088270525522678271083447484288945, 58362455315003881187122041216965964456971034310624528003614514527532025061500
16106435366912999582720347986080565593783256549276721054295982625845820803581, 55449283540548180008364722515486763050405862971166251536161776768138754118829
34989653165675370585235818580101568781664821607199628140973188682995848281179, 34360463042760698918825974391668676546541087260570987346055571538688911046734
13914344946235037050505942397099442454262643069814475232397770219662535166530, 71291586358024819540121840613310274250332410220183291849449228836273791835176
5957369306487801142619235871793544216785743833581667178942836725156407504885, 3512431034078480711400586314414892205848335963446899882189751092857941885647
48941294902053134635919109667475303234790266500547739874083956940518491806147, 35466830316766969215004840803461645374984225381480234528561480359973964286109
6646907518374838043510047574615229663128826766468354169905093146903042541150, 27323460799301282776729842436479535890840444046862783507249921952732249991646
52901018366201381498760572119996990093376626699528022651230362444916094181324, 41575094180574478281494492148048102547317445754562793478963393678015410110376
8891981349997490009504406083092210619074804237366929662345036753688220137647, 11488428675440435344655131044253299279418076675016175415416486191152166109065
36472628685704546258294811061097291016136942029680080983053108980307776122836, 65294014449912868733034260331251689383488894593112076658311927840992044910507
31849819733060202176801570328423850050196101778923659088632437120057627836953, 20197237764561723761970475557431501832480308200692472296693903287386171684056
48965506197269273862755160394559410401725152353833114269379601353375616071165, 52602628090997297816376027350146326562138865342387797884508892142118908337342
75332345229649655524456030071648173103197503611106917308772123308817422737289, 14601626381627454663905302843279600407504359325058302852176455454249049911868
36406795056116235896178735855956270181230112095794786862816159918139244073802, 4465509713034927543294595334873601413586145273800413481842320462466481156055
66778520434412353536625802880999339674206934491749365675582637091882363742406, 66805404398302695669535587405692873295078243941559537298274390466799853344500
37967413592207661742340889302080952312088897572523251459678698821335487236348, 55659855896191410333532748717860946830456255747977894123062476927189983871201
41351443539612844993927371677951673803203090070759544773700256648306086470515, 47687703813642008265202984762278197129470394055007443602314019857671117560100
24163459822501880740321563901756506620492152314672099265554381485793662090489, 69367928147211820252326716806774012440919362564031574815848478950594908958892
40399621012439271207558150712720964660874249200799079563156198933367704718779, 31767127302324984583370978514742819313539896795861560501792004007783273993288
59586619973678862459045313948182006416638615250229242742573462888817070155155, 72894058520744202929169886763308881824190130990990248877030209908028276528262
15411460923570450560595554398846647739116005742709236497635001248946697872656, 15781896575719947933782201662254193975278827588843947432195611176564089167847
21294624263665530459217286966574711925853907363583505538808741221498770651885, 38759841732039624279194445777876827314416540229803111409252494853821569405429
73720691673953515524167674098877820843991705114273099532424968955849346995160, 51921322274946919980288615008253696215734628418746533361377147500043646440357
12448247813098745895730704146557051982914030983588966772532387266361426888086, 10146814270392597420743852448135293423142724231883937383945825889448579002517
30314540763706517385775915945422972917753786552705387722076190461946853913303, 39452625690598461724579745283857602785865471573674696033950542589466981042787
52990817926497207800494000118510548413443659172864471344634087215589976466788, 45169252591163631560698549037361281614640419691815081469147113143013093856839
20017543895454377976149049558952066821624615661668419790280054403486309476587, 43880317712977540374234279615527593265431718738866961675924944458810555647982
28788416383658675124868461224123896732088231953120253287589636700181483124929, 30622682185147947658299655614620803811001033683351302953261890144546194339751
17725455933202797330202721364507129017552763863024466470805523858846800705746, 30873922223706417855133123095513561127299896606308157347050776774160172219206
66348277227027040289643973927423087327066368137528503877001595187503983284142, 30023183789033487695659792509341549566718395144940279306181589916724934945738
72237142845421734216995136404160393897535326949668794682733977877718469471475, 23691285379525657767663445964702942985755715528701798762691181434706107239782
23665725708652364213630263266042674557149225229894869936864477930133714573128, 43974978713230344190430767244788615450967609934713666070453319932625265510281
14969394213613686200981673412338497059661987467315745274639968965371966761666, 76854381589433646940630631173495185951524527112133676589219825629413806665526
39798833436042937558535573613794967574776992277592087886747439051899351082810, 580844303961359952850917712670725297630847642361632675521660518566092688275
8323964370147599864676792820340707436113655367616748181361312570011929090237, 71293776178619947928772349317480677897000580871490329267834534313026114213069
44440673125192138301608585554137279872949443873820155766034943520792682508726, 68553582587283567098353774007146961221096056668758495060535779915970186526092
2121476713750324416417017254803298734818782006555084878205192649852637187211, 4058915455807796945816650634217623663158234893950731843735818764578494648874
28536185501521570597214722852710603834352468899663388397523456730612548262947, 12757614944161247419093403231302862027491146662087158197144213632179208118771
35958467608810257038808947821432197283077044277227369390901231571180272044872, 404181061681709820144819512641213441559252074349668010444984761884868519871
51853194123666979116580860153334682572734175443884927501675480260865115553834, 75693410110103086366055307347771579717449256609269914085885737999523534710138
39941776637345341453443539342396918558574149849679239458351089420924483338019, 43333364472573761959669156019654528668936995999490713949695363020115347884682
32021140448756751949987941905206045746741316825266769917546041433515970019229, 40631845333308263965208169520107722165472510819589122568814311853401080654536
6833853954240824401196659147137684314719371968554238434067574817589781933617, 46253625488782052403866374097097684982913614537552065397871826744799205236489
23311591060798704921288433025680247567184658970010726708620316422464701788455, 69314776693736366617930509541260592667929110061645582249359236007412408097164
19782308001206979495222699341989855408171867537556631147532057268704895677738, 3633385231971781668185493434009637232020080127850602499689325248406854561158
39384002805647874344387188424720330727161248755623711132415422962787022453131, 59092435529747299343628932742635482990987108102130614572459847219089209757497
41282805448849201009558163084925624625796493040726396977953873510838614127821, 70960393595983297931680601495943590678325602796585502163087131505185400058730
49423963983931790567814944963096951232075231531381510007317908849417798310145, 27608629531162828446827753927426199709125474439785595002423334957701337449368
57244084509408600190597476136146624084476852289481740133835244293450770604502, 51568248245879567049198301587378650311076954130713587270757873601038468262921
71372563652020055160942632670044882527404033983836158656198771062964003146130, 7359698803660945075676980604440458233626243031728630014879384233476232113635
53050475729880751749701317432089897546042470588496672025670809048108766550368, 42428683071529281435792781794660481523036507121520831901453429368387843014900
2287285947951089786819584220566976055394201054822257182962469576658442130288, 61683021091920639473507230429941679262676490070764039392883613954801872387978
73913049832405347863069685477343217981980247620535441450339480037087298275343, 23230634028509264498796280800428967290775374905095976654365334680407106641959
27215030299708191847355590712001434612913559399136919533234115810743777208835, 30078078988322288856548394973373208710076806775941936970599884542770362921575
12052732510654726378085373154606584598131237382336492792645648853285379681410, 48413090891102590627925638535490054047959274983497302384360505113714104135414
38228101952935208622584911279594736480199310586052930590109149084406343948518, 30483232015277170871596836925869611796472318806364013915611688552149069606946
4394438224500909989666602516630399215733901182858450743326454188578928220249, 8539710830920635232412228158336828234641982601870124195142244565394649057156
