Elliptic Curve: brainpoolP256r1
Field Prime: 76884956397045344220809746629001649093037950200943055203735601445031516197751
Base Point: (63243729749562333355292243550312970334778175571054726587095381623627144114786, 38218615093753523893122277964030810387585405539772602581557831887485717997975)
Polynomial Degree: 7
Polynomial Coefficients: [19, 14, 55, 10, 16, 56, 51, 25]
Public Key: (17961604344464621638870777306001490682182225845043434165739040275038246953016, 5567463589062581956585012871897142230061672234067247159856799024575307680854)
75396748253395513321005162309386339908723433716525238656978092072948148151604, 71116040214944620254218494616404891596172039557774646858170368698607943531096
62101141539095284628422219858482854898990479635798583647085772945696876900938, 12124449415370024050046452207388150608265341003375243870582600986608092757835
39127332349073324093040356446682463302507608297325808940768514185488384474677, 26876271706590150513553724728697542663287293368857409636710501955721587834678
12404410908617707736386493086564519461467891152232153495866054856714130151589, 33362048615179419454553207495070014892780515505713424994595441069307999188616
17614613395227541472795102007173330261755721305533083604568575017203832940922, 52330318873922491491312471141873454880657181697515482435448795904063603151274
48951724617409707852423949263234728903130466947173635868337928951947740302528, 12751080905277608467017172551657462133530492929282163352533208091516175629988
4820786334050478967166630639702192912777873132091865490631199933196229416866, 46627280637022102782814453279832747051165945745863452325589405371905711745975
18476314525625011783741482543179212458880537910388897778383444167053519338084, 42158687992573389725311538442222735656204401969739861382425096343390813732015
19556369488912402006601057784485567284342743648656387961745077252966285374693, 17568662076406955689934561407528821084297751554427721774778562015760130778162
1338197280466262789590301916233451875858884061757807225115781869700179244452, 37777503850111440306834637575352045117979201902050387706147063713419439713908
2339963477522365297540184141451949452573948534426904115150154090017214408806, 54946578337255398013985992690778049951216512557750135795657073249242061529717
23840608660655355319027509255239115698979496710165033979284735024845669073992, 69013825535716640217805789283052526348180512058105826243244831123267647376261
75499253495709364138141728279156693639656167796335940123367289274244151463683, 49245239889197109753481011253660766427059010658115306305577106621480597537484
68583813136086047852704820964468113473558463105446628640323690034360391248253, 55481291515404861091645414744937888392278068217082003435120775988590181378711
57514343184765867651358118472012833840491114444258021452986469541741830428994, 69873979037719647941140524259154193568599975716699967648651231195976938784632
76558324749938778845263405716964055916125709169631293054534650657651090436421, 36865189214110857695902695719689896882216902459102640594356956047756049911624
3300741705142958799538865032592850898102116006712765275346966104363795979404, 50300875266454843086022333453940058057885578343142825858029943468872146273684
16640589811389557441507872384834361302580035115300677020104102415670224603322, 76423030090298887962941016060986919072928053166455389159259713027315067981724
65163514783253705990455063312084632557006191745737663239489107453831792779105, 4449998769817097322345023322850423783614935335920280008940649705339583799496
56937526553730776806120018964728975580096114786018926266898315462517267312647, 18895083869419566853404981586125342564606336581052561051196153991873154949267
54699994624530506048137359492723609725129877333946852364780421149806167092379, 16445775064744877622869504523603206831394057787962475754768271348256214752800
25965451846728819101854353589955004979391124355999096278333509984086514957491, 68483538107123881852715734208818063766082180145758557241924870321104650935062
805246910611934137956762856106627109686314649645272566033642886667753089945, 54703838723659502585507389861820933959566113247105429816383212446579305551337
49519627580602924114324197472030579399872736921830802096656744166386869193014, 38528212279105188951781492321594971857133352311824849741951016928536946817773
54634490601549414226753411400968205667192528792649944809272888429041285444232, 2905597163709331239176644241619664176797580582110968394348924375627032209657
26930459350608901467454857934064289225496582316383995690564563375268554456338, 30157706670438844301974112101680841454181761070110679796806416901545025867009
76090658165470920250606713412999269373867511186934214574906340886454843441769, 39314054427351738834902578986004445819489092088661441054184452799310733490741
54018344138773897115701358788859346850466882339270300410983529314072786589602, 58031928233069026159383697938041092986781114219920053224097904727902681648500
63370181144526415795368112617811933009076796830913609572732439295927708490221, 51205039710429885287961492731954462508882708740092728769668618232079912493275
57304663879773083229725634254234576264410634577412669420071243162693556159784, 18881992586455789679831358987344011672332923490101961700022897521353264869333
56283219077409213709265215556527062773691708710615125906926948732183066153661, 46952273840142010617392637276888079186301326230276695206961545425645485424873
65280844810529865989385015011489508460603559913531317885325131195587632479841, 39552138310707121460922775137839385101531912247440860379312809467782971640147
20616902236337672832149286094341988502433139566501998430163612473644000147703, 33150431476487834808641511228691324459567834731552465975183338074284287744770
54264375306848024715025519347549798165023342446395020335122418647430665196407, 59835608096944767256942813121954699159838718682354172989745794207562795605801
18615198059500691879514332863913046884969012681211517634131638525272913456191, 62727441700918584715534106898322486137024718543349344943846184023578733012884
70968359661540369240361515917392069524530350413421334664286039721646760161012, 30340006457492332765575645359969139270549742197545140609348880519645282900424
11126190247290053429726010171123278974139434239783043210455814882553617617320, 52635748872688939817022524852293892267032198559589075822295757266907934492605
67079633141397338938628095124546640171025668319044538479964257984594207590317, 62923227618875565181214388936753702136199979041940507954666727950120314232399
28916066527955264934033513227614438079634552845963827845973831208467907041450, 42434730118126665472416388438670158737844249092955933702136489159428774375677
127021959386172715089519204220470144309450355963317159534043243371881561599, 25173843011479269595782090659222958543290995741837071337823227680786390431495
4245820323999204911383941022415895094545801655833961563434577323375626164139, 3557153484579577082395151449015434716275504864593211883824083381017424899695
63033775463720111802056256819732378164108237046185530185091968286843017434248, 1629088014199056340085516095720036461182374117032191422720089849308177959830
7028751332747820534750154177340883124654914513473686040878822924061385559522, 62083672599486202691782556186505005225259325086620069400585220353915431568854
64257181122360195249882183607245467204956354060578227525590547637936603073027, 56594977032494568646913371479636306267814024793597469748601302320226201211534
4307777962627716358465011921933192964367602864480171121752209613987558971746, 69367237465192499579351410627429555606952904816394856068810670317188161528272
7488204990291243608710287018447674691451036712897439966449776583538529585829, 11422819299503695649496089410177662864922856776647909584249426803489318843857
74304974030269225154049617941319735791205073570580608907967120751778285741181, 27760633249386116578002779026478803942163175927787448309644626566803019792893
26492671329885254185330325988296515829267752532920397037458815180722901792612, 1092187617845779625066076113492424565437994729950116213883260259395212542947
58629039617569147351634958287283858271460293183041239565651303888156167995611, 14035575550169146508079458031240110883867106189414609334739472373824371466777
10817204521846279444791790442296464511754691326402543747115942013605024872874, 48658853942213544034591131812043759665053810443005259489175270480888491766295
37975075734900509629880233252601453354902223185909534062589701087285183493464, 68422876944608165602913996833324039930030016106200030421964200547940108066867
35096743659534518917980600597193833139528877420967136927702581095978758679945, 13361969060113495384853613493297533016129492019027441382767453203145789142761
18084020788019599174800275017007663673461036795807921317961530430261252206665, 13600177806907553491267394646754554367033365374506295320963670883400462282343
40838544385020211902159445620614065796600041557083587709741422418114030437288, 53549449266332966720598747255664404967099882260954297873751493405204061451304
14028043339402470266934469427691029517361290888816719390040888418804860356852, 67110759901619673933266093018948709624842278115649618076181649380657935620297
39681193183920399478893875970731103645526878847243925967620565134635830871014, 27359256969080483531776726679675060468071910226603585637840183798575012061913
44970439132864812719652967475765125652429873431810708565425690500451240495920, 37867192416487694978493877640774573666017584405343564012256905907896242188762
29252627610388698516412681049692922079106250457587365417573959081070156475650, 56066755436261473796246350867506764145518853312961555964981414156961731094792
32821377662618680548934320764454312645492327369289412801919507205852140722740, 26038878883243284635015185528690945102748275947585572668066888246547355987089
36352882677472471486000608819016345188617526966029944153568064232447527004841, 22711975398747064941155543146403197883210146618845164716777587202257296845908
25787278638723492073470668123245170877223357564342768539237122955902604155565, 75171233071116468541097549313144131138485287385669644421673924208640777333963
10203389471035339805776739119870579692214048790366055282949460759201735189550, 54527032045925201202694791238457871188989412166945354665250920714240334867136
66345845567150939476020026602728364479334363051340996287928782035373217000165, 48875181676372322552421439278261344203067289756779804700883441711438149282626
29860674626860176131770135068078637093766879281171175369270066264375305247622, 68655092098070151351870925963815762898091423478252129281999736162583125057262
51148882377359427774270915825334387969657138773569020122568075773768993794322, 55406231026748059517802029576171536294676263989017209003250398146020348427236
69872839132847210529260525042107890169409364395981590451727308884827573736190, 29515046986628896248039795781976450296601282856384971669962766582667337424148
70415338652822756569811554269380075077654582216779697850813363841210856216406, 29745876461978317270178823595260271449266053517357640032922281615107386350898
9310378492627263265701164958398248377269035242356263158744432902399266691618, 5642357814379841365148751593466343044491696880224252081293049741771804456962
20873539686665945317959540810379091046060165664003028723545577592459049011366, 5511383256992288300344300650675548152005152509814506399438247894468678886169
13137023934701536631221609021423027944018044229274288116276396664480413375184, 4031794235205059752201139740073081841479162531197425103179283974859641364656
10738821620613491668340991100250645215015394706540402969689370576103417054982, 2059798849376497886452483545251637154092247681188869777745883535978865439379
67624805671532096164721107347560206233276961277166590967532127330462739056769, 70587437102531829869232049780109242820481483998486982900164999937120972865454
66326680470874977868326286009815273519353057587290282935906076231870607129235, 9493293809811098622054051774948039187332696165760965357257262233442062482630
3417785924353154139585232925895862974174454073438682751967300225434031761986, 52222491353758947580538952707287000151620030042760901646303327483366003891400
72583979677333227892145300215785249090975461655291294249872887949640742652428, 7679256191426091953991471408832411216758365094701797891942712136417883214321
74722860929672932291557309519801751898474268244819730965817042228238274117337, 33413657416903850018643845416055925932856326845702217492771471885207703680249
33130353456515658286290014013906398567294564906870467078986156006780253032050, 70601901693280285046979276426031972485719333032936207561865553620492986616001
20293258401075257891511791935564786698571782530328752377187723412979179635435, 68101945957491549202603059737756373152619835641045883876104738829104821593527
69944953872724113667462656522719857659042893325241875518375085277995524695250, 45988623971500078566418693441838113020569015170049999531949199362919144281776
11641759283472497795897430751637147321200926964948804189457132787980214593910, 15065084344619966335849488953175835529723255806379987146442667397149935941378
41591211443615234429835086639594645794819010796509786288564554971648260409461, 21756022268459301208262457106792525835828261342169828256393175928645016278864
7546049583133819835842912890605146752167027176457962305410284691403563337525, 76742419235387661635594112054418908271853337645777916858997947477157021124789
32527082041059165188663812128683967303900433752816568294851638750239956396315, 67097540481892885979215967048427281450181333937887253656446896583656960520000
61945306688787952378633478938269466520173163381179845254865583243818205774022, 66471402884741137734867284779928718027106682290044511345073253779852126791368
32649746076341030353071267793612740638197763115142377834496564075245919096801, 10163411898294142859892373870332462202631835548436333577321103441030642691208
19346838356368020415468148474548274833088750898512522649190406621805526002091, 72090046061366824147782805469779865604166321508212987270556632308754688160373
47662348827940368904129502736643623878250882780820345517459695205859522348486, 22802335646160885462781690221221724118431095046532689274915396606835590625104
38463345038840575507927110696238581546894836094858401657900700945139537040564, 40539010756325480824224369261316885112671751101669195823442584269863019444378
21503992703684300715590514238953758698450139065315376796012575951219867285255, 65218031154115999329457226807503646370969167106295331426301294469035933773174
76590097029882687007296918654195366463964278064619527841157938290544949188734, 66813850351709338020401538449702118993458020838072229892278533704621139621248
44960469808369616023203364615033974509591269946848293693052235603616613110601, 69085925009917924795863607742538146784440723527657512502374902901582992001588
59783265420525065242460615271090535958841008401579309826574013175138627344725, 6726828926639562595689777244219438570178675532224167362027781358709401092448
26594988991291722730905475727027509120130123087075701591326448199836278553648, 19082537032482591456203766258467882383389517642278652705089056883138768963733
5361446832417606727227430769113133208689939857381236570437303602711321222167, 40212913040027381949676657970299715273876537056287668372578768759952610036082
59986740110924267448419688365985747797371843819064210983062043136425638240806, 27820265514673931617344172016892336673896805217880822813700078083425032143966
74921559458865223685812720875946415285580105312990855435639145301055753286623, 13455141067210221674030748309485306956973525526075154676471092415890733182209
19558104547585487760085035365881056416286339090171911673558706090744470120688, 9862911424681108118841042782332572045004881347701613868514971421626850599383
49500586986649963216249060391628080189948682270685437203994335553272182121309, 5618379367587001491875904533994577616365608742084108332121072213922533566826
45225686793711286241309327392484886583636391699921252699341539941419003971232, 65592679151410123765637558622532424564143675234942456200625363229890678196492
657011943041551275855331110539600125348466599563222274052875869761312055048, 13798585576547897356275092521554993126260726307016607886413618277200718516134
3329558467778813807353036058051414321222050535000264757458503098659954681326, 11165541745439973376872777853345349872256399002734436578648691482830748896422
24400791547426173969456491627374276746627150005890098753926305300771658074573, 12227707879418926607128930836977358886699657699473700182482456775898948563644
12809993686431419344829014734007135831897270396502644626136652871823973109596, 2058872767511461079631075881868723031056527919810178619258024200677246212367
70070481584126529055098505658732827277594860433008453032206930281692969649338, 65626752786712961588979101663603803605300062041765601657856045181476148559239
75367459985857462611423297397960960609427089908032726294629352745225520009593, 5943628685463149666260978044741384589975221050954278043250200727896388626033
59764827246119974629480803102530490824831847800811657439276118475077392912990, 50754423963123359685900743904196227602388287024030112637598131477568348693121
29037872260700590861788695615220023554908521780275437776556592349117141659453, 73761578327039469239210823841511656903056433598998530728551557432762977550434
33644862131952557154603874484728724029004427877114844557287057453895800792728, 32997625630739393590108177995692458444923588082579949687056795663590112799619
37314434911992726065809854650382934541386108255969486241592148980544061230941, 73889661443654736813557258429301024155629484469335729573849880187093426378220
50222024096901145232236482585501686256175107594196187289420194393170469734598, 65309411617209964617400965760528362546723393925461265156901006425048613798317
63446168357890213061610534072229271061696766740387854363984879173988405556474, 71428431678038391521732038203920456452822881946852126879466845512446935583124
60706067636672182237305273094295915981645996417419510712534349866189708421325, 21345916551757156698935116393231432368754164904526871320269961414681063411676
57745350513673717816347400767520417418826402476912495929888222011868518318148, 66199566486361231046215366958270375464770699399032349190810278142276819402399
30484307015129977466725946306411067497780473785636737065986321659322338683811, 39352778184060866381881181630037758046665932973922840187295964508128083327777
7343594598933465357246083757180135089497926357458864604730475134657506746658, 45768799213502992903910289680066575881070981971787023050302019209266020940155
32036832086151099921576594749542546026872926780890572022642404118767577579263, 27642614361366887316568816723996972856698514717643219920790200042862342073797
44727204696956401248449426494243389337125626857575529226855117414820737186175, 37723228749417575301090790950887263632850935371942130277764449645899205975581
57714742640643344025270120604970758087242900359670669142448817625342403160625, 73463780511667190708660337284593793482796027611684261029009499333101431107343
58347864184324274259851829829617805966231461435339253599488789592646159288881, 31420022814796142721357303300659031364123629078229245763944783412541774502252
7863447803631545021882613983959315752206512555701524113519375885463687466972, 6578761367554138909370356085811445627100165121975129913687560125008435317145
43471087392694414105024199522263220841021225124599317411256996494032809989592, 29556504910815653068429339982802509439974880436325063908464486872933469834005
27191453418906251612481215903182454192980734219101167797644586408187047862970, 24068671817391425564270985758445380840938384391228327178799779642140059296123
20460301748563789948010397231262754665813152276455356799659963069894354810228, 3713480731435922594420142266285048134349084069604548534281580859696672565139
41210401634190152358433907460455422011249846176995511194019097245427083592909, 55473021369387355432509344723558304230367256667347987344793666943797770697518
37110465093741283259580416048020139021633737919841690661252712474592804951000, 20161756766357283815309776290706087264238778364118738364128720405743664487001
75360177281374628638528653425386116925752627746772492747652606796769336638171, 58943499957149585570652452867149252894892624796893428522189558787564164251822
19493248058891703441334083618160518854824800224741402944669245424807463358533, 73154010660257834002574268485033966903224325471303961940466814015565271254422
68582444114222429523230483165043806177540250383894587119348964809694332558466, 54999535639688964082536912525673110194454199341482344620304784344662366590981
75851535764813935947030688218346794314423232141685804482212563835719855978404, 17045830754119010114200122710685590357161306501660159598955906904094487213124
54392162947639991739759828112411425816982668088074567572954406690610176689879, 22750008252931804319747593535259294804178391500888705589124343896448487903456
35161359478810477439578204901654649752785076936691580169701283359186009799100, 30117833868690542518476487859066379027218625231912650987282470973965495024411
20279437626334638421582555101999958696603638854893238745361746493459686699715, 43712382083991120864259845954495130427530444278326311170244912187768630345997
16046715121559749305440960250475860889063467828401568734772660059109390329934, 58825834772723856565318886514297477746795173426997021627912736978472462380877
28990800235262227978243121049606805191083963260394215503497939861898163896511, 14643688872447057218778700691149382218000670483300007233329960094519636394818
58352695299448852230711415390081938617081532743514643984232900672921664548049, 8611886645368483514798060016288556387674051715176370394347450740017324783048
22357815508487629746017928873770587607429095576861817999657493480229835535895, 30126889155495578097176447682808623775884128312039616262922722191581463363682
38418322789416580475355485049892476342498514868394025283368313188598644049006, 9349822074012985180752715860711282443521057210685552685194735908119358403988
2508659262088834822093957308337428952323499259056448399243805274921074685407, 38766131458759467295637572391508651934436418451687210717904302753656702086556
73326669650895021062646892559165997395818687468384697565271211993483748482292, 12373777529508265090180661288261490798378834693996653044544507162294688339355
62625016230653588968259349990635594131577851071082113969612031744967782465908, 41501317612158937055319046200583278674644127073788023928839257470612355083224
43406772456677974995371154602151948257310662409521274370699180530144385089153, 5396780699035442085829951256996205374293067235471961118174203206541089021429
69347818550027760630348668987296158679042668178137630088038122489113545531533, 44108838222499631904535185668099085246475190529919105268644770665369851254497
75338207480378234323580444912823624676970640432121694842472714815480412255442, 56410849862049075083988050708162222678666237009933907247607957144661259057854
46311803514409043136704204040278335310468543711044020602140082603098854080398, 9519346682873722945476255139088518704058758058119510203268370982522836042257
27828908437324732536244700074562286913759933429673522977665202776449944488574, 47768095946561559520714221327784510780475681810172930889127566260487820999884
59585199861569884246250437630074241376765801460865199894002534964371411751584, 73728818460179125108030446287380212925553683301650692537674699692420058039851
23885080827329631868479303963673136941564613710503573902068268875963447413280, 25412068168229965239317527758065529715694034393012833001570424891782407724754
58459035780480341699190350901606982035604624145251080122363559968953555181641, 41159572346002162095515266859201090699618946844409156243123635453906849905599
35791543957514914390327498164029593527729644251271420391522268354589578301689, 54556386502269993844423177443582332964885277826981418376030906943607591295391
37854885101403872576245513552224202860383412842675113687862562602635993615804, 39491052062529073807287825391674869359274804473014939842805644268320218022767
23652784821895688547101530526853173539871481678579313353183827900441019430954, 7724297204428194489459990345592587225106235306838330196118768603486447276126
39914186914128141563983919993207162061792317818706547009165414064392004553064, 25301193821512861651645599413583131468625343220803545769030325746956655772074
56443488549077219933261711986191440983127248504261744667929934768594239126919, 72641875775323007538991664281716622797350113285425478571289754832169523939642
54738525677899553683435972271697828314712525252646182535401584295711105548883, 52978124769692175990834308143912438142269779386928435665884843757996151065914
33742050482465473318944012137962394317671952520836445429778064716474352020634, 55329754374222667220969073476415041820812740783443028275778089151512807428059
57723875396646976667285545259345290212002612899292718617180727446186739809294, 36317915052412602101912512920746293260347239700446991234446489309378137021647
58377697241487194414555135708220227171939383918813491602331776671906444171754, 32667510992685372769692805418676091170546110313932500043774064037736451565153
7422032757238465139098693419198309342473750867984471410125735649347287103566, 56391905670232852623760143371429115107521713149353430472885807929956860489697
29723087615161130984364827885427721488414306563561753894347392823287441674061, 39728068655508307285721180871000399375510066365506235657509199642777181472757
11546828667451339260204372555682700073064027350116850851525559471170782333539, 56139488003427340751110122514081843444852171494992617563970988262943784097481
52956506240323185501034849380961899256624093897560746327788915306854971374774, 6752734791155912866199633691821036816011310752839989850810659007840894013749
27790819866888549397095945248249942083595427999489938206424986670565347345428, 53484601257984569760848764233921201961345925240995034336286226737080556740403
52039734918863695093157279836523080637956969531206156758053837313421422887418, 15236399719383515811976748262658642575288777989158643311244631622419666637835
47465541463546056790529823938717455021322174035274031469610791916770091352563, 51926080710925240818038088821960968539484050545958877878359440060167515418024
7208011556507887183405476587663175549132316999957028399052006391397131005227, 72446663768252389521028064692000125933524646723863709041556649387787316036946
9355230530034651664610087524054631340423124698104331262111018939151318248017, 2511483610939806441078869126961602158384231797476400307453959933738029123041
46913500239312095168486720339629930482268168332700578136470540572034772227623, 28126648730971328166137475022009813770160497880101414397703951910119350050838
70509869569133165378192104328323177409842013788943617218946425381996248584935, 12237450688128318946868357675577912684597873654163426139413284178163012858950
56748805468993534804788980728793169960238010572766172960500466372141422221542, 69394334230296237542463169004084211743488445008092019291283090028297911377054
62629886003068730548074771230837380770594305662376918844410490481399108110363, 32522288047582013392061882406241009256023146246284448915359115171357670522846
20976710844574613938078585902528551119139408397177168860600876985396404991973, 74767942705823219952220314791795675669466526179559709036679394029442191648771
5568849589311863578887098753917676341708990660032738852109667406053871985169, 70024332053943858235183796477737705298424845860819902229233756251709235966802
22901368552512367896072881105510252487782120660484757263981556774610419634429, 69798300390540549970115445423887240504287698355005679114116903105576329442594
56562608890087059385615440557264416094361079994621436137840685358752256658596, 22621558128461622493132391909785587672640035861967226780937895369636139924945
6008633384701466825709394391084161184609926665831591620498536761021824141597, 27926076694588437839551481460355584130633406702377351418133470492377688870063
72562358519314635056074189441745505896907097702994992483102311223302928819369, 22804713583733954227699151799368386266896171413124959143308484104900482090494
62534909007504146181062768811466718885212264422132899143349460607427349016210, 29663002357723665522949159959353316606434908487686733685360378618280034277155
29068497427732747455767768996720514118401656021182244763515712981773116481211, 52124590310030826550048697569014913779304632896532950922641886587958892064249
69960922253519903707802334764499943264366346631017320625632217409959626114969, 19118023415253111903229800465179389111591023758869427872202976821235452477908
1140833690540410073969386783093246108719894021676080250926082882553261626060, 31994958918500710787377941820105793421901215856806765461816695791958796716124
48864889881798802104247626762506995718306533741218008639171454457783885443159, 46098179315936187442590185326532785870337980180027400639607690425837726919434
66392487484888787919419712488539668602115781987505072580584320267472224601943, 18091986847337535207569940054247013048865184418207944313142917419438705766953
4982718647926941316337861968448196342372403132798933746952821210578377806373, 24037698137693509518218679979815246856816129600122273809448002167367429688760
17120739464443296885157944936773717948738014223697875909078307668124707363369, 69492564695817093013521645170574477964458152721265481734713421243746112139836
20879984524740951753254809744340768736629172451229442089200570039184730977632, 57661530879052638174970415336894089665881620904104272138225411988638695233783
18057011412292150772520763208322072713344049402446629522787562065860477784106, 14530630593936340766835066613477749140898428678518515950425445843482974505808
38574578951839249593785958480724334579156491023546725491285449012694794283101, 2292846287547430573383401090725654947399063479029564321586858434958584578755
2216623829432496665058097444526035204589071809243067024683659421431084606375, 10798411968991500851896026256367968447656959452035394532005847880465571378665
5833820484032651482215536302224257244398332508462225605749118289091129885027, 31715748166193512581465580368813786080277643099137176810555680229541561535344
53489846322351569722406760050173810237057969202479964959397147239942470671259, 52033123583060210724888135990090774713825982138817339140780658638090063225855
28127258500624271913284247503788520201160026537005255096005933522636704165106, 30408587044422315793050067596369300743949256652563939474933255055122694077487
38377012225530496969713957015194532628205140059236025230488132144077041415816, 36770854446203316252304629628195982283403994025659583715239059779521246063503
56741697333606550732894291776645877156440282190607331594680397219738136131718, 53054025064899804611839912987803737596821960688734202229010090416858241761421
1794279824716623177869210564001331789185633267884796909436213347847091057801, 75340529591619854759809817861507588422308361945386677434174921464022976880758
43826390645310480897755703806538794988674091654438955556471794938151342431284, 16263627783762800683224092030316366468021047037637418267462553402926714205799
1798814438365253390111354846288570114952269158560512314730934266952459067491, 36230800117918770530305737668733417649471718401734982735103974758906251687636
14763489919396845747177323998820753369009435964703493417400849659945458253408, 4762703220968797016045868129429110147130730770384202754792050280251723446759
49765292810661494942652028014197131545491502993364411628063825909462011016101, 47465248796778526244606180390745617541886581355748187959775029449666504843741
14599027994324914661190127840229513927227374084671517477169519892030633064031, 69961183963829391113145979721872184645885587850187330736115810643695419254576
54748106066619425225986211757107851749261222511934234850019383745239109356394, 33833309976955707446021887977913062157097188563875986596395358837764878840474
52165813212290367064854863986800508395007663151654042714989010575473187284408, 12839813330247209203213106440237664165782565883503626257348497428724070388169
58640837298620973404638001500803490482314229664394652702447656994394412289398, 20451357355523425387692162749799781099498523195950004850431696711846665069314
69212528176388387505331072130777633535123527477408058039980484080389713637917, 5866033582502560968235800659039618642254703228069932822903681985178246232933
14234825904854931094559362862935876808947802081909468540851881285044308065426, 6877222958545872388818110226609460625639102337392913038265258135350166742991
33043029107656651719599684961532322012125127572392621055911980203507121107210, 45716961745216440943766432615804496172004674308354415969052788920238985668365
74764213578170669979604699915337461376512141198864207197545370586806159851637, 46686451556770935644219588031971250360181683962603233130172139322106128549974
22370586877615272897166686762933047742711393219950517495413218282285776356330, 66646316175587766100919760026765625946136082163664273351416441809842262593526
28577937489841329764450011876193327966712203746881457433801270189763971201787, 54558707719033759853530261648143939923450185645641521076542402649003704548358
54059234008679574109464188616820188758015160950109273475442037833961936220379, 30025526670478586346534049017827842616426693120756545615464885269534124154154
57823100095018572273391427887453458340715810615291778079478237916216998154093, 3099267387027268613803276058812514588184008187979715689255577115269838646743
75050195715800226498894259682807729865097272964835939979945608597231897436594, 57911319112118145424518503842867971074887332494747440730936990703921526833648
70603333908513759996703852743237448722812560688394442068990842625960864130442, 19515353992894679013522867849216195242544639054811711006301260851349827997383
35904880724602710933765612829815502283316148048306345034274188656717035831332, 33266916114251833608259947700455459126144171944575240484422798459749752014201
19414344710417186757543543664971546121145509243331897587360344790785948659269, 17519786107842421783838493026245228824098788738347987341099099924284538128197
50393571281513927183240754397615728470293377737834485504110931425266171918267, 2180963162533908942029826181723612404956321781921304271958773286632902115838
11279104724679933373158834622958923135664593231261043983147871486448580496322, 46720460603424984531848827114347515260408198357910723707599257534229084731843
76883769201796470019699725200970982501699636007464409474362211520999258622317, 9139186406919523194433086924481219571301016887122705807489247810225303969229
10965574382483891390122153262301202823954747139945413054278659474101607821107, 63590510807819869334720484697684007994317801068726768597822245610584525953193
34413324662334935870446582677839249694335792523114320945116023618145293065208, 37390146817871324173625659794855360465861472360895010207780627988912665838374
69592534932828289817739441403988003123974120690326533393524338023804464743596, 24863844312635957538534928981733885774853999488676683855042402132472158102073
28873643469759177518955236315697134291428053695089298107654437491423642224891, 35058217369593396746250151808675893949326120476247097199889372478688676999568
61367837287037801729596433238874400168073229814731732380097937281877617385212, 45281083228205411325884769281793611893249708000822839531341117778400861261952
73338794705504367855611212281359100548978066508535867759879127861103338236941, 71931574164023181555648126256090233127763986271273243405591607315334158056038
7094247042953276654245824746272299350170703637520347894667582580073423593614, 13767613058193944395821246744980847838917544842988672106844560119412306749583
61612336534132166825691899351274130853109881090593112071046856938365061180041, 61901533914315255573020178496521538388029668404948083244863808575554685191537
50319926512726709154592242477574998418594578907903213289863631124540322136133, 46664490615846991830162568876037462390157193591943915547741623354117712921794
65759495956980708416427258803360864517330874972953576386771884028481435964196, 42505111788274310525552326013235044575822457250507969293763058580898559678218
60191702788707439805886349336892219265846554653658629630141939791202808263698, 57000427442577237845481280181145357072097903227897238379722916630221382311512
10112573095660252012541353125198979654907185252413243038136223186754999509893, 47869426869442602962341602370205050317047651631778258895895719468513660241006
3496861933948930593301480804024624808364533477061173851036072013204006407210, 15823093455891841343103786982684254692360560443584289711069532950881983652051
76128827875516196931456447479754226586042191184158477716659597813122160100588, 16883518151761431694002641854773914940896267359324307154387076924094567204789
53335007652042972154998699452157744538808226110617218829513899255442159211250, 68435518003490843429467265992424893083391704100147304775688102427644548647616
42714492252238311594932375022305470659836674081043152179658867634286066211351, 15168951029333806873993212787613178031980154732568724750125448858075751752675
6002003520898217290952413554728890142071286961560813323146624064176729233013, 65226058952250137545284789022613938007240639086343228096146102894192430623064
24515103998306497415283008517246712504563725221312276145732702385601365561074, 65930296990208083665389439159742493027392736923888893914082505155869629135525
37947250041652377267178585961431330939347734531415196460949001646399894384953, 64771563400218136201489216107282753772642009005252404835871506103168688048624
54513344150818631629219976192129615813807297844857095590348861609594620875982, 58406379002980822190749677523842631917642614784650019567897663120552812467106
24150921073045092478030887064538665343057252789631491386515256195443795302949, 11431529909355349359026172247215057892332089744320125733651225115465316477085
37484717460180851583815610565423096814173304501384146496352481963972980414240, 35343744158706180387357690687534113565365921524444297354645627819032780230747
2026672346429725388310426951496747080502195559304281433483246194395239760134, 11888415098609922147789970488253465699509699714714081861701800849651280565680
19269680392365597797134675743992703067143926817480199569941127687567690228196, 3019002883821803389283057268642832364769077223904761938208247638407603623343
40071738155942513490136105040939477559135276376714959886829878250171642986915, 70025589495781743322537386702659470740484894273460238606426460323626004329684
33897189949207730256191470633637958351158344371790602620423672067799806472129, 14039466866323484342867296181865848409146556983814793779406883425672217125163
29321889717630433764110051060067294307009671818862793973981561531073636414019, 24598555361919405352928626823115152127262093154405907234434344326638380341849
22076081166986974618023936046578585050781395199310993718847477124982724032692, 70826070581690695339516374108780468000830770480331503699034480974851295447480
39436778646309244790361843513336797996570685869067374580377312026459721247673, 65441699737398951402008386556987573453999203019790006156551706122064011427650
7552432556122086768749658107990928165838185221565956503035326187483262218538, 5557887467665410393233744181369490109389167552973307286379730130847010616936
76792352900404798331707339384178709439707865488376239206683149719555736376542, 22752834707032121120043380843143947940435211821838547071207753558074291203664
58094100718805102540005594702998494973190945230630273526423717790073653125133, 31194607502683157638200701395921228392581881769516977083145233941214373097382
8014250255723711299407777980800104004434110792113004566774124669287584070661, 46164259338083640584046780971105593587536442067525048296913179105965004130310
4507213829225756285337055104372299588981392815914443281797094043885403279462, 47187546054303818132218820781529545090636511080978060622534459453187792612735
22013206332017054314708662160081882777731871734880972783513053733140281235843, 20180739684413552202477424290122273119497738486261817718117624017249767879718
66577953002339452929599660076814265401548580549455929729226719400822062647187, 12353560131784071076618550650411400289236449478479005731238812438652254499155
30439736996227548551427612773907093481942001381408883111551857936807450917828, 67573999896643306898563807039096639107202231475778708585884186838995444196789
54039770207535090710080365855214574884426572048662986126888980464092649678406, 33537482948979035681478729798415801101469058132558125968641670866322521240881
39778862671637018802766671892378327391648232480292521504577890435707061670592, 7943300936300121766806098468470699000659491118845276219694558359895832685933
45050656205580242632511390818485238320909375508987777958604990728930272593622, 36072501097921816074550792418386494648166782650687808224463762247962570151097
56892823006953364630121134728137666465449310860131625730415636419142220985460, 71738046306918678250101826224529717839648574045885764338869027516760299975407
27501549672589055612591738145639256494470204750519742870835118025928249959295, 62306608016941621425381608848741218538528594460336722711845450842091086968402
34810169983414698098035278939587545840823264346001953892060700729850207282857, 38882111953403830617079934305247944045070605194754895587304056284144466502177
48096875098803109981523651323360132150032728945712840433514991650429056616885, 16675103638474172512423375115699092272029896402583500573169667369096994439361
2498059968956625848351254200034481344459298119059566744601624337978478013451, 33145220007229045365944642222407468124280857250938192302947266519700375037239
24452556108953110533570780191620066188203711634474216164701448191771797989455, 14495345076775598735181014441484385759158891086623858680423321957620715246016
56203804542863672821168089947610259566398514341108544433168681529122320389025, 16802211743056304257577504034086026380348442506136331946322551558161043453416
42367754777686753469377312436168163889156421390988784556906040218075028863245, 73097312764521945404442741382767497890083011481071061540436216166611842919292
13690707522292842015384001801793580569377197262247988320242271608331305251911, 62510725274357738923538819643715872504798880548042657417231409406291155536312
35937759878836396127446484901321390559871404944702970546252439028197476255298, 41350700012077358364931621326873309649978591404279109326322169464239466852200
73019377758313226680415513083815316795789572452203081669675661630429663473122, 54115324207460763395278825709297358332191816607616258374075435244034173453370
43188325786985653486827183435007527232689757781164514865300534176489779815721, 16529611230678012123537776619606237513347879697469144483200233536769332753298
29234698764017670385798484490173867285447929380188592606635530294340409722620, 8784536278922688239206399122684552198774347594811838847263454541530141277811
19026469265347752830028829116188504240439737786525505036874942177299476289503, 45809814253189487596343487822824341234023505367273586939672828503531979563451
55717490035952427430999263911068999620612032625682288188402369750898860239067, 51196566472596367860235020817262144986430540379705499354236166478327441563662
21624325339901554281521705368741323870433080625563628313103504821584144444478, 15266045994025204862869637579367183049075674211610248033254941737877580036806
48522868827334888640516120274213959229807352797181981354665705951804206030850, 54932510402671058726004361001823446990709048358058710772592330781734995030310
73757113420800188329290862427672764287252430072645155690252073660074192125277, 7279044089977355749907450595602509791955422743600530703307859641607270763648
68056543206408795143894886767668263169088663653413892777788930727957628408502, 67205219093584990508721705862029201398348156366770968286251387923238217138171
5012295716698973728974112054818722568549026150625474261903211958535205080509, 27002262755316266526704690828205271124788354971621894603301595254644819847757
210717918995463295684390493646271822671003087979018777968077088813082499462, 18903399292343862550171898345013200684116074470021249712100199506197212118087
47550237206749922755404053623472504678266019991900875649874490126377262412802, 29255492723382338519356456351472774809155144854604029092340226256823846826615
11183849584950196917344634229644992614301526584696240743932624113809928820546, 5002048895522721118025471548235486646176918023594700809120913735835633692066
32784112984487544086840770912841212486892314035999158700751480951975225600067, 30879265636361402019611057699874500379315775110620805860350280981227897687935
51688313192951243856760730095902091230097997159317302223221718196031394198272, 69282093781856907082417185045394299285561474145632693513051530340162052068028
54862454660118927475270749562615564370488709521118079995850811783947530175120, 18034511987027092860702905714909185162754680224421989251675456202361867083196
49016575495463216181660771123772871715017827481177033156498201417393939132621, 69134171814531133980587409430502747924926473494008786546630264048780984602087
10080664868716581543178011192425355316949327530501012813990608029650256108081, 27891681474620694179071615294702255866137774946042885762353911182334069655370
37852470770985992382496258231296478159929131483928599181899922910603217106127, 56128093845012436356660721664511833458939528016748100560175147528052353018165
23783154430906888376562358482131675170795122832537393538915870017683297205981, 18569651919350508575067762342683751330178954219601232369790046924162914723984
17361387573054522320875408284180503308718423535171623006042597752427256570894, 53524127805458632843522453665176980799739197506405722257995625749047771707215
1662133765614392592898460900758690198500700543604334669080137921488998029028, 76729161432949786612785845195614285239339932675506444151879029752958553870583
17673386681271190409677546778742948964412807334328502618992108456707522187622, 31934547322940016865285296939630789372978117277228194227333904871295335107317
30852333368152008313225948185277987710614562408457822142737726111814951152158, 7724584341992050629464866459869812149625481587977764659211502040207016617677
39436733316221704662832083664253739055302110300387755234236813034220835969384, 65807939964271342493295432618705601735181894670618471920417940236618533245255
29317264755762817251236788810789210126940461534336195679869329088776875203613, 1013217976310975603032626624712997745119985297886716298442260110963168202885
41540995902788925767708349000986395208809214470537069808598971524477542340638, 33785585774764928335547796302343802466755499386083268058447817958715406834355
14743598574077434728015778988401489023813227545326876704144543235259834226747, 44162675737058860954510985596809382160021980201061468569716027260651612230660
42631469443537026354715074909085692956441982164481704020660323925443886669978, 51332163894238707865000190967542243403405248015789723314783420654258959813550
76315704192925633422553598487919534406567529287977095707684150601820647886204, 41126838176344975411814500291765288257897204278112335197821808312158228392715
72202064663039662577505337645287133207672983554731042563076793941460834131422, 953763325957501089035522875864697195232718496287034425238196582207421207669
75640477086437582128325497149842565631411944622104543611160203029435289787279, 36007971463205218796358927359651399143446059919002169671932015494206015584396
76704170096152064714566174487652774283033837382518208620818390253164909483203, 15102353477676064577507431876010641476893515259896055789044338031143556496336
55078304550886808907500160827162509417384068649392491480919932168922893077976, 15214820961093455480895896395737244289052233691810733171759487458796585102984
20310150119351614696388517104045705198876865040088126147351954979243947343471, 58667979347837367362091561318657371850505293468736239707695305890152079828350
21299928719883489291407589811797667384171314081569525934456491542048760748410, 31298700945097447515910603492234275997551559182917608914968687168260423541080
64949056754105304652043529286137708092609903335917699587408893617217125241513, 53841466035251450212324347267756003766708143326740172033342272400053622018650
47338944104734361831520185001746198841185966524387808950953135604905271683666, 62424746221508694991514517475604591120200076894470453962627544838593875495460
60928725575431817234869595995474217795497388180618740911860904548119995128776, 72353716999207952925027969148242899180478306206647215545929790149082285505506
51408917356350159195379909447300932631720559964471725045761456415974422346871, 65440625244528097312989715131642350814979411888585660247327918182482408407214
19709575014493572454874677723300706969006842260906083328213997009751779801711, 26714570974157971627888107825753506071634238579567372976048998488509206772754
3525313931446070869323826117777449330395713844961781412751432769251984918257, 49930866217669768702751754687312450446320869943704506190146078146437235648241
25379660897168387274640901330016875021793442492348020424715800194106572120751, 6631657518471541684474404789727886838390200649304051587997698425660596102629
2291532794266987055091677894361713673521342666473767990131242621250302061901, 25508182576614532890788653389148507950346290304081746673028004474591875754307
28395789796884483231497948982913067546293221127466928603484317502661014974298, 11931671003202731530611785417862475850106606377753567348521641017197740947802
35219282275442194989965371636120007774268175939856344362905822375639668548115, 69105981031464781083462479827860654357774603645643162103158392839635863758137
18201062622882392406545973987267667216878140916844938952366264538491962628241, 37233511351194997029566102167147715116863408994237934210658212373917646038777
42743047310287252518655111627638235700542679974852580403828635224746526492961, 66194212550007068314960195918713312560010955036718112102272231877641593531548
53323824316142253337796141726454929499916559792055409945255688621708166846416, 37018437841257745708201185510579231188781062612706936159625406930227716555023
31082620308389223690849097607951935048040019243170654500867720721902292354191, 31854672346462786711500894490534666781415493380264999672729493396404025523062
33527117413343898208630973506985157129679631825965508864451163103111845817544, 17855622340382392909878150670352405295897655753876616904088683376409752934881
6845523308903270191413935419039916161584949529110818158390381232843764925268, 36773863315178004084163993964735126342810266800784707800146329744808765873044
70476853693985207089323966325816009223958900558232140203490364865604946672915, 19656294397018436956829486561144665148965914954868134944039629603095985426425
67193503012889618578204589615364524611061152701744915874852120996978090760188, 70513063070220539859560170707159921018100451270196625112843106259603674672084
71364817977739030440158056950420618397212537743862266042228772247150516090044, 20446952837271893395553576822338473802167626846306206199491129506945733301186
28244222191830576435980174694079808986051235869958044527225393741131924396347, 28538154399952290920117502605866350516126570188911690571380698989575657460798
56806576006690552828012242319417793246419542521550757834671550547381787925584, 62915557171012136147932163149409601627169336677754106919597282962773437888056
67679720438167007489907195986571782044529181263537063495663368036840391327631, 32566474926755793080324491199744033099323750714013790281601150755167729804437
40641230823176448700921371518598780155841040242578628168008623979196025040151, 70738644646699514031397796187849616316653481646052761052665555836455477587399
68898454426623773714352795910136705377290998666523826434212280212154347232703, 65302253600142430687284248781196751371291552794483634668403862466081903101774
895822840652861721014402708775024353739452482246295772115747206686297676865, 38986300754939691104628555444138398965544044262965944305917350057416649048158
75051998965590610135769377679100147870969842946549033877773289208398079437381, 18574887581364185603246696409474450201933113967963652561948805674888854120577
65494319943090333423787341733607943127513356427554636937492008769542456686775, 27541176064914127728534673181599739089989651364471410042328542803579096815482
74604456022312496531878918471079313895217863204845952943868677741728114117027, 36324166969246865932842787463282596954111438252701579500271473468736846796855
51872382160024814726483144813374010539963160865294116513091481544682679105684, 43869549374860347433176261713967319235177176230752265667835974518758986568175
14911779552096327720810146233085965643194598283514025276607116733143803884194, 29077500779360767957803144240089128004918315534691042272665320479279251307643
3557541675370026115879894616045547783609795446874260293766551134569851458125, 32513830549047868099061715930447919394817296600391773096623875153866444171145
59616064226175414934141731082299371061716832380959682027548753961767142635713, 50221698555424006981577602923242466597687277870729174041151882612459004955751
75478317556063952394956957795485193587709148472958851877185221337410271563377, 32681401750078253184624258621927487180865093390058931525730030498955125719918
10884102389804528947177753124897034495257551325147551875054479756536504016540, 28225633681276337307695852198558598339537014644590952812928390588494045247181
4598608028314863924015630436609383505407474339163833811754231716991693889975, 34636168277339640526772591819561495219297367163300581140738012345409414216658
22194552738448059662006482162962476973574514051670237382117696049969246367216, 1098426664906732733180204956516637736510918008036672508133600511924308305441
71514106492951389842858992003642754604392065790445565564193502827913032137870, 34746960822681251834124661035001108668520181409227528400648974905007384223745
36919022871533235049131188165203591252655142880516183628589560167460553473776, 21031472251631057533490671551458760885189024459944674728430785972671449551574
44118728704971368306907265902548357216596066730122625077957744078968703136559, 13321190417593951620482938880664756124431776920803531541533824748877177166655
3084239022642878480923896293591192525014539986026018129309000496506934439663, 39845071360438664983819659227336579412531831925972783918176545572556948573058
22559309563235451577360626773210575881753034999704581661982773780731067959610, 33470864734265510356058616053963374056618011758809698364357629091513026793906
20061198734912645941813888648170552667246501567885208074077484303198661309465, 38514974518134932717965739073977984358420254339166379834269868081490464633973
75510663251434834690024532727390785971586749157667409144411689658787523357200, 37305292886854278490022941640959163052594000129729264078900915276928540390751
27410303543148825408745116765110801344214862102396387875471817762851935231070, 9120582702812775715174206526161202155611264450430198268663386453307194184051
67149309446387108462212225946850877524478147004408443695609355674394792824765, 29493180712804133368810114803035276773102868831232830271845742794548477518414
62660367517311403288758150289939786683733246328377730448631952589801874970514, 76166927250339241001416474241198016323640156016779179990040095318404880580932
40289542460364603036886051180892877380626891831001450153385215470030835150687, 32991569813247380263444579057151243105034241879898257818285795311080167190800
57860658291229591447596770506615989936702900612304298721304063492429796005823, 54587668135884122040192530931677325989250060024377255294305670629940739634523
67241220883321311223465662271637752829821125738137183657706056660799138377371, 4305899318283253497173595699190217381948720459035733597374527353864309116681
53290789346946621889381183588532729849485043898680882134377675130371283404847, 1219781087236230380330564177104580218274062030093487992977490532391508850614
30652479326734972747180128622237224140692379997133084764761676675668550968887, 67043628193381104939247123004562522016984280782426961949788586879076682715864
42180390638197439376278981920719114925964202920598656828793010642370188674749, 44239437663199462490887737822532725157795498959816036425276236542544998515540
70233790897042324355827470663064765186773817649064297178070711769277548892930, 66767910569552681973463194424716371065948705595448972925531992826659961621599
74955851627285824056485867032915419914833407131458385686546750642181837803223, 38882455563371822090804783486902922539653904916335399472013773021659894872596
13089777429065233222085599437004722219529257271984742211374530711349335775047, 63791975611472583446446869883064944812071875425332444146511057077408868930062
21754605389170091558740504821960157000083002760805714083376776037774218010674, 32788023324961617200031511013346113107075308468497468723688013352618453236752
38633876606690047824613532947124843976576561476579931121477047106045667281428, 49524127177523949554845308515809957115292321477516963288727650652735027883614
60032060790794015705704111139632624094942432326528459460840222164002932343909, 23327315001287913247753032933802666289441934267468897657413478742309153603948
5880441198588852005301808486107898543598907008584423593961167905714015785544, 24284906835398198173070146734099808598518416850230193438126398283471329412611
19924937800380592381905553296949257330978237080751394769240591471612222446764, 18965622183971391796951164131871305814256184310871869790233868164791248516287
76118777282998045806953078757705887713825988280310953373795229112311196927493, 44512234664186045502524252737770150684605777403866545403479828362180467785034
7984430398275570525766048146696457353234244445827869265074436284268790886242, 39311799792996246043155516432395179057899226129572695552447867794161259993234
69331315542304536766911833557379192408776687193421031551122230032906066283225, 66489664837746315215072551200596213387371367121363977646869596804873039552721
10632108703166650838713958472967890632743047260065366704632190254678594621121, 37876513421636151202720440124343519774975266817447057663197099229047166133729
8764862243710470300728982736044943756899070089746564161770567059622934653972, 57465009266366577518559567013384737865995630487431981274896473264704240778719
11801938900291618429959761289212046445456073658080798910353400851926765078851, 45168649237085045617429127012889604625635516792645598979717826766301555591304
29421355281460461066219412130967883436886960743316614114099211882953669504080, 27717958477655547065479690951090640261123030039794268947820191262317979552379
11703835614018349698161800144124570317306856941448588844346654012346041532689, 37397920436955471437710715875965482709940701434356056445476989156421727021281
16026699083344484739851410355854854836802922408793538096331198314031345753529, 53976701276307084049680327761359773093200911195537070095159522764147568128553
38576609608174637749832513240298650998056209657728080319320608963475504400721, 20548578450548191651463356720156805361499207178799178776217418646053867571098
55923384919696293960670739085111793440553710793467612781774659790402208520202, 76645503546052738753457545141046148718566745784806886486975610779513554633118
73446558663214805917306489825586061254223971101046964471465508009251718114613, 33976178026163760795745526941661964843658791566391870743053512141741729639303
6017589151661916149016915422013743705759507021814684831430586876980480258002, 42900323164930670734800828020070222761002803148146145770728889870817500622358
55145594552165485443194889731873175785772868547119192953803985653197545062245, 72538245161886999717504279851738222379891497175359547748687421818782604224129
40880772734303710630202709660127872016253790559021885076496122957391835686035, 50112431667883269355897162359595963931750059930835526558867301528886816879918
66910679966384082354325425153873386059093039520311871890932797094705425975699, 365015985391951379948538617184678125318994959502822699751427332376164880091
5906751796478338292461566288075461271445767740715835597692148169031152817059, 34845705725002853385791341037913536048042395943025482920933777272678807099948
18581620291160200762790063944077280238939491225552749082017369778752044477863, 73187451006956244663820964063650845435304029328199037580773942074074990135008
65806201797059696302752026724287562537848468872799688659223223263343482081169, 69672072152975825359204097295039547473925971711559572849487730849943242921230
72709079364544869874713597825426058857923898359019530351018415232436499478625, 25069248331790850170481122223313268543679301050201418802238038574927664937398
6290784200760263643645930966083604911495250841970450944656409259220403264521, 25348528234669541093399299135084105379727597106478165345198857881983216499244
21514798214033488336712722547007196702156888416840481571807740537567985707866, 72146809655922934400556433500780211034333126819459953242439757991301601390267
20655422346806949896910787165862040265898577290961963582223730335730538326796, 8774209424929820267135451077586259941943753820199359216705747218802909733638
22786791408081153602940863017916738036606162034743523495018290824869310121333, 68618519322267514147298544235166520873026457967674941264312414591223376406614
12767922580449219127783878415068372347043444279682567776357040405199630058897, 21356116577654710489426725145078063539362104562981247595070684876403568333874
56886179699065989323192950481271883809501740821139253149506915204756351841165, 48264418530624836551777025402790414213541101582864204923881476606378240209456
36342399190617693237755706622204078198770640010165666627452903769955483918675, 21017371962753586536237890198124636094637611728945798231334355721416881428933
66099248903401592322896671189361136265030421664288095105136323791664407298025, 66091479642519861611355200436105921013596247376821906542530205081352862834146
4127765790111941003207927950319670314939849997933381088700734440183799612228, 49137828131008802074925758193554793274425394360621698571794994818132059427355
41996920975294162423592509638491206138004905570878828206335260818268148900891, 8802276745946786935722642065140038173714284295158659655288226346704696152458
24966071971128479135686592953794354047098841021672586951667957929881345835042, 47103756703862756294930919719868433136698410284541764984669432023579255460352
53410953385308615063474186397440069356760978956144689690055425612522595636065, 14847134952007799300530284731025287288196752807604090828783797540188558794903
13209234526620648495980398491804893546579422696398265882793130432240340903070, 24180212209892802913646338985352763169539449037423376885540998691713241591905
22380075951729067086904949610958024615163288879776261411831674558096839704518, 57288559421922188964414311063823432829053869243822102567180379910676399182810
34748266393124042555855140785717249080027081858853513941980406271187366247224, 56575753234552937793692135952671491299961685094714369107536577663571097002486
66637104634826319227391596687292082656613364394827570183632457746746345993738, 47497164753446539612204916230263893731354265164479067707086988356798836191497
58109180775089073559790131437466701290580544581990093960648115476313669299220, 12414298312244436492169879392866839966769784852781605732923093874068717936877
73949898862623791982732884750882971855591323407722797507668557642365278297464, 4307469078237350497552333266896292432913022215632000443975991539389446448769
13332028021687925576742011844357651615383651275482056205981454344363216873792, 22353938323164078929862170495607615070724176458043397863221268072587073601258
59650146301223125360588082726360684430894765621103304518815625239781262369379, 240438627590083578920965997734765433262319690890546991180330500083396554111
74432974510653984696800978975350355812234546893638044299350729176341745215843, 800992738440401379377185461583783628022833902510316121755139860340369386921
4514835379086165217590297889796518988435780539557766092549255984706170233606, 45985841203846578380083379707212734114059587448021088100341188566396218522700
52069922427954222714935671294313209493144806037742138243759423992371623485315, 76786780926906450681652496532934289821224945389309493925265766328279768851412
5450425327462671314176708451482926747322139536254071327179409621303515493811, 20126708725691902853173540864357704256604606831024798676981270907547232165422
14073800975150357100903445811787182682800396075261426793467828046644813235519, 62621048283274095293896347825778696366965973336312134503998642816272995843528
38008088147386957765206174753420639388922542937683047242568892813715174592167, 63676141768826743892264373765571774911920599381202246415019866977372120042524
56851896305767684769040436216700383926874059868761519405859526799426229700052, 36863414891105362214675166490893116039768084809089819805666082998382059393852
68323352294161206184577615455960568594011228411787093980382659118266649923062, 49078266502436171959331879214236227575275571034262349731939332078462326992782
22466617338662112209099193968202485468049860992428042403466021692716919395676, 18259990304606101010554583127119244307181670843112120282556835413318615166909
36676302110672967744802413444470544472146688208842103231850971451609099241995, 52219911996024121623096650976405470716222050890563186989455244461947821068729
26965891316457865808766604994943238598366429943186457691623163375100528868265, 55619096868551740069352855163249744595034905146527897751349284116841308233237
34438172417358504672138601368445877000077936004091987022522115752180681249964, 34634067989724171041458613235668794333227504434702930214910843794824550644746
67756530610336328675845194356652577061500544219698976511566674757361724815057, 41021898021874437606435496831315049146298507278035117820058785855548878411696
21114382471434381309519653882494978803509282296412724377300862151850516593802, 76253900505980492248760322153815707693186558615604934683763814060182387547614
48285738745644847847794609490659053680282114493469393266309978770925303895285, 45021935128830862046054346395565158056387194458258728531678776906393179137695
63147222264277713669704235290593470448182410019320781079344851395824222599810, 35296317553264842814849679855858230785603402821157677952778644584682285993699
21753833376499174191595607743697644719963523329990098470598670509206236289095, 68490862799166839429727789375348471372163733089482535518885137011946351481682
29208553088453117571191514940634559959829711238077180260415333111891084157793, 7251876045380425914315053343463182662975220271636445034085056052636939995148
17034099870296919370347947244685718580434919286888735682889937990404698054418, 71910174342187579126819275710050755174239830119237284307260267702765853981890
24113550514546160783555064857833637867630979680163983536480881704202667246568, 64781411853074363768073806548403738529566047664663643429698076040632755034749
65062176924071112555786042492990528348846701362720286431079665336493078316271, 61629678866000737720222648352802790573467571437956637725182870017974897018150
579118967391667679877178250103491915351460705927773924908151700043451920471, 27622989542896758913869424854975995438440751614195442304526666752904388214948
28748864792553718929803070348251997948854866866026817937577334196198087019021, 68671596918156393379963498780139057266371821370876154558756454502283408717710
63633219204377039388144702219235770766849616512854643052138792404857687424484, 27130793162895228178911029911515412690473226469986990228577942030263252400922
2900431980475479152186132107415155754036827633970089514377429422915825287021, 54385068432435406071029710104473985462350053272053300173666849110326590998724
11293158764557359939033400976177690296624065088914527977970168156467346786874, 32244519425994043569936617096923656825506321033414052030246313512556153981854
15297747617921928239774701610097777588072385382526066031081459715980412604602, 66367962179962359082758496094264519642528290710877596303849661129016822217355
7680484418784932899535309432195701435282555444996001937801893301804975283455, 66113529135203565130826586529266122583477192538019392322038006849047925468702
38932609286358950928679414149700722933988478593938030170108074096363629217284, 54993600436733960478294592474375169125571726380323548392798654640013629879444
20138501380804784112896223059327493228403088020260751715911705796828584794235, 61578630237075687545475675195105714300398766325162983019068235226871758534536
27080996386475794482949869285971031561905925332586278861335741270964317195713, 31163490917857808465919660482031314289617054423955142880361194868775110460708
51716733066407608508056526518999468482055940533347052683164520754938688106890, 50383140636284963694924784206567407955319004157493465959801653201360286738609
4360098424182904718575283799885221436027712069908000478298150653274283823155, 73282379015449606944884608342332770888062907057325744106021814716970542486376
60590092587510985137233113267775139590085713063198335608055022865517516544747, 22767770851892976870434791572419970704038005056192012817842413032505703396305
2779479141070217495368708800376956048824279181488834982555689508048736134330, 41835931097959592336319092490242681263719888809558370091779241954037153851235
47795921636563040551483986766978209034042722338803536501955697419269528963692, 63990102146523701263386370023730493687751296060094608659312800611653800954472
8409875706276248869162760624154479038037087542080851271751840936051200212096, 48584857677357535438392682920729495176450644160005972770308627764402341179514
58911963414362078829458265900623916270716854911509738303841694649164727535777, 71572706787465118559790800097129867149394193091757428649841336289560304685083
52063613424558518860278847258222305643142657514853017396373014786727054770441, 72246335602661492118788204875693897385227103349374263388372597595743178803860
44750523980428400484258064684600945825200993349151507100607758241130036646139, 19453747982626068601306092094629514740335623794397071630645342860748391255846
34631240903404573985440554702425309347384618396130459681794339659915485295199, 68998234355756054021154469184796305225304463043928651095014142477312438134509
44769146056809284506650761851143241717958917518180172369974072478386422380805, 40391077526817811686390641644694488276710628751644099725375416188461548789956
35514717224292289197452165036857915561070345039709843369583995774673172449110, 59462653164719166282242384940423165422604131984466377774959647688659421658408
57652819785777729920885540973327785736228399842482273552274122133444180975112, 54083598338316760015820221060153658727946657407042433548969102992311937783577
5547391003898668706393016299011669509119248139005791830376901570686980563195, 51959563862818047881482189727583573258904232725591722323558042556008263622078
6604948950292555423559458265810726788160051159291476286306822286413988619907, 5711678650330479185952892580387665805233144583652201316726035667763176084845
47058699350015588957474195849818227200085928421819669346045006530101853756195, 69283844951234108470283082422533497025035563681433665204860905197000954106234
48254842283855913167196257969585030843889950511743224901305409395901210287326, 22148794245584412412146133416760204815396367624814352708604830809539990535673
6458884862307357674646361724333019669274669833704759986483989217364546039662, 15305590878331769141204921792526480401349865849882270272807298228762372947336
32249886686196852874736892257465926787037491288900655791870065074958994944658, 4565442686751694064508811246477658087473156920449946635291786829658632975080
48246442627321151607391878086417853285779025321437162902137432882302499999558, 59508076698361271307525172275549377102306753978284558999602402728190879190637
24739899507979397637444794759338301979625029377864413167291081755735157427019, 74423231978038611140432777336712346344635801759894684021576381847520956287521
71207354104675744325957781803629526422749976747814159891947954920873176404746, 58752720672245754611898457899982627792403586545060224936635168565091378593493
4848026491430436432129685368226499270216113421984812631489293274929712996229, 16525451925042050808747673978079269088866329408924892083181838828940733588248
65484568542412689695305430743185617414322580329794005310942810821676042839667, 64893239206530318373351387172614153049974485127530375118583474113171625764329
75306864689742717337570387252236886069610204158184828529471970936689683794333, 11755675482484477017839664061098596787225489237393004159637839134514773155889
26501967706453698999491849248566431479352313199315565539609545253525975308093, 15962214901821898105072952002938941603828823047191340198668542916853460759564
50337631971252866003666693738361644340599951515964359813441587739014404020202, 1776889718567895541334112362131485360079091622045312016907072630298030623329
60607188506096891553032009847297551333488228949790304086727355894969393735926, 41964281678374776696744589100198901246879534302849163130979356588771661101165
