Elliptic Curve: brainpoolP256r1
Field Prime: 76884956397045344220809746629001649093037950200943055203735601445031516197751
Base Point: (63243729749562333355292243550312970334778175571054726587095381623627144114786, 38218615093753523893122277964030810387585405539772602581557831887485717997975)
Polynomial Degree: 8
Polynomial Coefficients: [22, 18, 59, 57, 58, 33, 55, 27, 59]
Public Key: (2413116175824258432478531406064804398883973174042562839838472367715543072095, 56132264019559492808614373906245088098533674807188046623098200567718803323730)
48248231307489179245398367165294424791874088033651153626466007124929587202363, 70002601931044208374460226113168687873148718898352330768181261762677242112876
26466469236832526617896423387368989167704938548526933377898949544201394310330, 44341914741744733435840234500146959499352752621305277134150741302298858292510
30742282795069148232557052112574215568645188166229935863309198440685982005505, 41445343191339097849730161541604536170258174704584869136695102822684640570579
69396840801914619283313176849870492992329209541327904400388722111082347206621, 41071727919687234052196924332223240960157885407009631817013346736276360927431
127021959386172715089519204220470144309450355963317159534043243371881561599, 58046345372898915317684192123431149514265993571962324253142195061933435547486
7221581355023180560192836530965899486199185779065734158995864329906896247806, 60977427285280370591686926406813012347392197327578796614250443032591770820677
28517310262230579107915579056631125350617176789525770011590506735442862172872, 31904738795076244780393870160651282567441206176865153794589109119753333026037
73442017602244987600333667695127250904827650743514023773023693911979053789906, 50010358223268025348799029230260619449941458858698378137333933864457163441451
21624522743436843449504445486362209945941641822886561425952133064170992270471, 31104689863941001160645587984045849460482570109029490745652716055424022065040
50818032966552598108192227259235017073761493759567428615815233521850363867709, 68226402471409928008592463685431887114716513695597627140286252353312186197151
62973311272081591610891470242324005873803774595219465016511594158846148093434, 44569148007997345868945898377898943903211022707419946131102713243758064778080
65702142536589776690501422379825653734777995257219121454071480799211627106959, 70513508714339128820957149792256423645566825902601706082061569257703054982846
42165453557775439973665057739113543990506786656887060903892857120788628845832, 10771996652228319499999873185919990270011338108066836951571926489539494074579
53421888157106952987577828779870044249167289439321493282650666835003979278781, 10711855143787487857089417060382946415021469732194153378775081017051850507918
6939696422829778226034644813862017872116570513834015692817570507336989194368, 56044444701586119954847730806918169984179888633536275550566421055647568209952
1094281522570093825730923820075210978806629279043138649395378121014948564314, 25769337822503377313474493340878075937268958049722331243556889421395624325556
30983124869237652690804597755227591327814040713775882662048726404061593853449, 12604808476979390623604565772607610336599956307191994617683642171428708033104
63209819336993487918885845767799533112161940211422156421063785675702388143314, 61769656394160239617495145480084161576702563292184239017480026358365682095060
31437311576174717763081571168464917947626351156444266769553642176023798363554, 29770765449783678705651489932054042847275060746415298378726561683793363383854
56085808100464727159180430755293092581844529523479056822992947144857853651964, 56926356285101966724586290631141265964491775782528844377515129431843811403463
50570241862267505031569349092498180533328552111811879672677530542097684710357, 24839266572380648948748565600745736027814480894233009660343234828250987562389
47735277971469156492201741300855451372923238358932636678520645248348156171084, 48761092667237773574075016545216905413311167789174095667567454598827550545936
18047447049804976931391003568554017847290695137732647368979587214208003366788, 9508103736186764440124446934228372506955425830818318007930895831051359777278
31562178583511912150595192830274408637835244319993216706653527226427571099558, 52813807524560585790609269442266993580417277539037699038766114912094313072099
72516726067456416132671411659173900686753481575305861460110516419144154631331, 60958954974374147933370594827104176113110238483824281429307752208618154129048
13836684840641017505789176258516373018662768285935861221184818720730364400488, 55265963675468509100467429760144758543193817216736127070289417061813343856634
6156029951659457838337437472275185661614907303876816527898649263248370477472, 27355568524185140215981753479191221490719470982126874405917772322793916117208
45886726585629907647803359916719013409594590890599823090292041330993810726056, 71648487323683092090468844608087772471272486258938605997895499583860420644478
10772431985276497859876525791637174207558391140887980708998444257045662369452, 59598111901764371446447052877279795036822127475552388008422741054928425004437
16694203816481115612137583035640744595484461296355336379479355488871775167978, 7636258794812203802297951171762225082238974187999222280951109904387086741143
41711491126486973924241649738904612950619204982396360628557811144368385307684, 42172268373569302293116602035352576839137217673580281438885607410381339115158
1985558467103871479883860194671312390018966278648550465494442181138128298996, 37217782106614323357406584480858730685300772229163663851948886253770890104306
19556369488912402006601057784485567284342743648656387961745077252966285374693, 75487482946669801342807252247681841171476106199330247498638658610714279056250
316665879679024902922923516879909628919553254119849429889370028952341388265, 50327852514502823677488956159076685896850976192724407077018325068987023866903
23421837264475376363038028982420618768872016479729496242278116899629644840708, 9311010119094903798615503624762539940568290956277128206229078015777610412602
68970796914100594144471507413470064130958404453869602337932736205913486685054, 33042695418475800203948347365929123463230289177315380167743942364188643217459
60765927475283873934257595989438704158280193129029708947944605523603637821471, 68178668922846267357128475592932634807320412866345887862366393311199709603234
39664109793932772004675996401536211706694870250477738495462115059330000823603, 11022135832088175276012019548961533998494102633655966615658371143919650506921
47808551367397390768909560428556821684148494415618536443818553780300382412846, 72946236647470069305396841983497090109181216902009383733431300210873368817989
9137994233513089636421378932630971743530766929617438217829831937208723029531, 62369084970291307629694371011273428654619588217635539140476682414443453325442
49827618114993578183794634410962086330679147127601299411197531878385630236837, 58021694981400787816750117477050637130891388716373820527026556664043536035671
62078744981861853679473327338230235725489429057587021807721311161511992326800, 337460104459283034223889923264124407434436781713096605077633751421735297558
55874743937605174320022437213516794037252343835542087842518248984500628288218, 2326618051992882266802526587135203309320928042565759413281568334638953264720
64784107779664162389775112425526926806884035814176340635917535392016080171805, 65768714826076470274328559711920904655506429941849967773262561520263168264253
36527952184335137779856132715629495520410888667430424300519838269492969959722, 65194273073019231867586008642320667911304294149009305397709503702992959685165
15971350407126830319027454948880272029179294121192505165484386405958640532385, 19253008462923263789870809287029399354572449199546169066006554489058078900817
28446371129342236912738973977510360585378873218805757323065174261750104858792, 64790192412184596824148505398009888066829343473271714901145146307205275717812
8862600552288475531883292964640039789900686432994336618171899161266226612303, 12271089694191820173711031184205997691836679783162582271414266992730884878553
40169685778709519147852116412884229881321713905665736554156422603882046065214, 20283419378177818228397421705275931170452251763613601215782049554294847487981
36979481034783635641777431155784493852106264985033085462188478165569454895498, 59875489056585333554046164362865297364054093619195665260815888623215161713346
23820197813253093923053692053665011423518189511090296033463126713959632096899, 31030465304326613558266307363109224541720347210474114968807532235926663480283
64804610970313226241058329160401395276673911119550743450361938050186246037825, 38437715283594364929575340300549444226914454658214462586202784501737886721634
63112142437472371399073903697355758489149934563370644466749123416576982594755, 44646316337794418773397739337749925819362910446869533648280495721698610838055
35096743659534518917980600597193833139528877420967136927702581095978758679945, 47074199177374067348116044266804431927251961366254908700713918693267475620899
36924720016361751203780840891182132643813164483442385052627489681851512487750, 40174142835177541277860840564212668337745327632698899456038495442794861602261
27927119370023918226525051381636572990954181360210412535504336362013214551458, 11328459814248116403767670333857499071987537309888642261349504217620703200765
51735811449501433965083919861162650589503113352282412192039375213469464681964, 17722655010168317051413277990156802675151037105312060648747768008454595568477
55773346038547490001194782183733159246176183134423535819214615218125422975600, 457489063971480960582661520424770655562367279666170836075895214524234909217
17554631971889615699897547343396377332543862152353635318242151726955930832449, 8437361880066108596866497981406174559294676996463920973752091316956189778852
53745056292192366443861773744637247928721282231055637341127458766009008715966, 63734328069433080808084667508205280368828186158541547740502777550079361110420
46429382188545656163369437345791567350375475203836320098150313771530981727144, 70233691413820160312979236287355797377098926712771401654619344429649909126949
32581008583826578419337582980501560616049779463245130654314149667033367534389, 23957429203750172054603830695667475425011580174045367608644404153136766969956
9054648217202230235957449943762445928096966956150596554567391904603756910358, 3763058140402997938844194180026650220063362240438393901732203009965515424283
19376212551640650554500182541330965624507791517302636732957000601590256022626, 55109233424693458474750074566607870954817796199288531799180685458471558769195
44211578366171025913170317766476285934324516042820139089736351935529813378149, 44641831143768437824651159189473701960358589296915927295501553045077562251349
16746560026825607604830382914395720925442068704403710476725160535173696354457, 46088309809896176861842791916323548698695749069995477778107816841051414373211
26927498026006114858282040703188007586140973347214407575439381066119472249823, 48995933685414852033285617130881743082018049249234917441308570482204485759265
76288627913564336402856646870706516618351312307959360887632548771099383733222, 51673810912462166433133810549288300615884569159864949677442694897354375761827
42210263039498750258104078066676710485647216361247534442418517182146386899822, 27857392308948065225192896929084554242020052173617800848751804546902184631584
25588704968948938323417166521865103801730301112324364206393409386656987719196, 24079010165496698307778549500808328000520567746037991312918649949934309641247
32551098786129281467372035374814420055083745073658636284970020058530389400945, 14638985982867650234130392765615859914825542262844336919377660262348940299108
44243183245955612703126664250108965957502905584063525014801101970317507257589, 46649046263418078540721808944004836071619703217247186680158927902069934402513
51062560785652687568408699606800565377574475436465668227995015462786653102991, 20019119166225199989160397866166671855495223568274414728627578467734038903496
67063619091678269140695625078444535769659944591137608917541814517917747277327, 41694548934547392044620615852493814429878944878942314973320392659592976555838
33390314101728108629599826066342932151796865155585347482786768198912657893477, 22600894743774328562795129187371034347918237970501019223982220669493497690113
42688341617925358944658948047244309057643095618532368574476173484987877207536, 75712073616883842125515766156730752379653820301164059467320724820706648700878
25371542757678602497852282087107183217077378096488102685669478575658233509385, 75230714365757726574195484732902695926604809784953317769756963540371432348969
7915239541464992062406862672234433989740131695481302304770302833843166142506, 76240297449700089119718750427834721671176615027583459109192226170979916108630
9421521183366367336931345069085277962015093952705196239564570479183384795377, 8096310686832510877814723986721937300221679176492497488720544513030975919
39520471911450651813146942987014147682218008758165183169830161878759526753269, 45047341867517105468504331050232516783389680797019894752446700443341191224520
24186187606254247058123698517465475195883265746396171947688885206420745430523, 38904661093424623295636490564728765475528382409720075805385314557911980532407
628993557277543998259762270496333981402643941779184239163206069041497127854, 68093915015800801361015942735394688382842578287793074663361421876272890083218
2693832414369498873185196231021586518246076010126668156273895783183962080487, 39277035320005798541730876986652141339767417024149657064863230211579842793204
58757740256910083820016586110074481048911321962370428950149685675650331363480, 29544241904049858560117185176549846197605032695055963987069330285358866440196
47265834728039644831077385705936115169740044326380942191693477348065318589374, 29256496562110194178814113882581963849379943135844323973497954908944539607239
26457871604194773444452525724395021274730507061597377780304111642834786448889, 21796727748094571466825034542597623320553349833216981223665366091765961577092
43494288362754738424456956857648580838778319038849752819127860688024872990857, 5002234214106438867469516572330862827235392362116222432680801744224809248399
13588139437153630477694678362615072099597832090922416444691803787510606647713, 62819716788072570919569456988697336900357383354379362023744034344930752882419
54963632403083799971897766151260222684851420925752520408514358432911920344884, 52279009704706201428358966218870697760516088534746113704725041452559519948345
12514017217521245568470873425826442373193813394897543599849420942028418658820, 18600018516962150060252001112492005933424737383377216857424605500385914871880
1516697427878856788051619890470178237534100451343544913127134511725077540158, 7672275213497267607209745210257188014643217577883052582497697174189776837443
1148287972569537824379484631121892792247100777800509551439787669669437256741, 2033322992411331173465485757573585927097457741891571308108615600250273776062
31955437197105451625800055703859140388985280667635877029068493252203711916786, 75455820523872200780868242847479752399263153761257825756688826332137243498460
29644379234494978055474074290972023889143319728147643697281532684999297153071, 71409999944748575913510075193851381485062689579512453065281318102868450465925
21451836335143907084604515547451143273998006207540887755433862936075462073404, 57687394168551622270793055956241023509907279237348728908190925822337826509719
75280434122645155566546613490238012972243996491886588913371482513489208670505, 61929148297124920713632019538184785119968226736150785010965265963053693325988
19677158252718672383629767342373865476096586578519609410503961616306597959552, 51015737145168755036264283923329248885396501621030288474372532989714761305711
47864418894908647588113001036010354716066314291983210714977466622771195427376, 12243693473262417516342036625397893018262213519000812583627377263189550099962
16148442046263212309339618055522523830604258460402942039568385842793023871438, 37391489227117172318712287380779947030024498684978053336966761714116370276383
37235288962707630662147539902289320659637987997730298750411675064945933573597, 1614930257636077034686336286076829600296387366178243641856357099339207335592
22836532267743736049711511419937070030131587809632109846129550391249655393079, 21280817331927543297305365958145437782271358861514404408575918580806594660256
64678542877322803702141399891239566662620219576128330345537012768143596532759, 25132773874519740234786019121807654565079313023266470291273354431748148459924
62787937353437229480733336447260630494158623240729176859978519126356454378574, 36539397410058972134342471590227825738355224991838821703621080622239420677687
7763552155631251928500240793455421564145787888369161729634226077079741110974, 11805320508558727851042285410196557480770592949389069385446805128717455876656
71050177920791910858228490735935482656706494834472602589590849389110715482843, 35818978690294446782278647711730446064753705249686785591696392933484542256593
55348746399051377032725691289130301318121145712844062532332751524211556100396, 71480647543807230630307250870473584499748958643834571961501090037377602576623
58624577721598868436597554312087326734559145015508616156061215481782290399739, 24107655525919385159634036989787785139462916021104189206026386322398350604917
25433723168103524343559540854135604616193044137913832484846354661593211153180, 54099535997317054918429987298641490181962880671685502938096513662427744911600
6440871581605721607699734042651912036801062890984706474966070373092361375578, 36707371627311881510667861671219682526114818636176478964232934928660320406870
26105638458086200706593875797338475402308039002338714888018689270230960192562, 46279499155184499699100817888301244944790111503864494769402195133018371180503
6122896827149314095230074275723518232595200139396323975316473318859920823882, 22431632217803464269051338756374017550115392010054705004045466970973990188549
45600255242650422539672550000885376660626651432433322714763219873481243997899, 63526005301676542561973705425041263538998692187264442682818441947343043117019
43996868607341277452860366557860214489163512181241277447334724554745743434808, 69136979968807761080676834716510874211600269344360818666794936824644640371394
14464760623693806743341851843738327236505367053648784610089953653848541261822, 55189873384581415866123282891563238200194936366621515890355729727597881761566
54580052442645623383179719867670111887847175954679470383256276601317380228460, 52774811391031893286728049134119441639913833887401741734021451689176681168500
7434169239795661794778764095906547023723177683060487128533031182531059062679, 50413446721283929738871150317125719870538772143527795140302618281884323895972
64390036555266921207932534274641032348363105065712275343245302841242181665260, 19632699724872126016791461724120780645832766216111560603552619466490153352075
15295208362302243032386087852211090454697058443664335546069699259755505969872, 18204290490918992641937836830154116855508027212920537756951657661153464182768
68983907941909859962321742768724575182558575124745697246179230046713696243444, 47748052627879674272088432586192303754096731611864588625188755232856726608416
20771839768737082873066677306175985864435554456829437844410220170738617558087, 14865849485494825235609121812715232088587967659456838614254450422860141028050
24401599489930196867940311257078780250108699068564363462952302840387111128682, 66417604887807249230521700244259313423850496238059161013295374090363550908322
63510614053975551952903031138959933397585967269610396146707412345337110749124, 55221105795186247769365927663600522659342276071391374509023113174694809455278
24972790406329182346602258924460504637577797327331359227339887386149418260161, 24658106029222088086600297182945946652189324945285978532532986851512712068687
1580564201423644269426683922356593405403772566894115030847200933368955781440, 55415860373430649631143984050021548076298592587625238253108279017556081137466
68183561341773365833581808379356389988827764596697583868927743654398843477409, 29881269149780619682896288461630784370567215076774197747836832031681387463258
4724868221870543591498667962911316991007734240025974141012256532042433759864, 40268262839202974224784976625891726838203788527510172751993365728131805931240
43007316090886159840197100344838986272596796790975070947345228154873400686527, 675333510391510712825011252086393052469919077038585119397588405069519662685
68142577703848325166980696442226898691275391338731913966600775247944987777243, 57387302641096632682423279645726528944025495982837212969332828614036820724546
33582684594729529434004118834713926957023394177664488225802018749790484194754, 34830911644631237661366091790841318995482960522765235029096628632915347315794
50640827998580613660370192604075065372829061857106430628283609315567117938174, 33153253941984732515575763546818664089669141701644425778731737521627392664905
61156210398810159518275548637258926024313780821679517365533280176755235981468, 24040904845933445756639059087592168460691613366984356906341158374662694352639
25687400452653800260146344266489243892153971082904642062924250450259683662686, 26880832872051881302373179352716526389974233105779286040525363621783722922666
834144856445754404246635359540369593053091017579942919374993036923311031582, 29267188889387126289308079790719605424771254379603836541792382119412801585955
53053766311123851204795123130745809679414387222404087548416169977750166390899, 74622075389076388113183099895362575591599918448544438196672098575594758167400
61622694458806976941501745146276074664381065236499075125785520195000848822006, 3248877975801239195595500099359563075545753913204101862108938838152255145434
56701187792405603703453593576804722564219536741159574278028801580942409987500, 9243732367560436970878859903873754126687728462449990891963886943016194115355
57679187906114594395507041113117428443762045328260452533493317900630458978777, 30516159623094378113688626454132291766893955120777008466649960464713509848891
33661195483209747700674239060464333009138929424543659846387698842183849202051, 6138498321464751565349495143768706694765436010593842704245742386226049940410
9860240259828500428557371532795246674395124595175237809416251715405506248577, 65286429368617988235876859878788545517141101022594844865589356476657324253527
18706207197024495634952186040540226893727507534083409845034506796736794105953, 28406599319271942101915341379837668329997241551189170033798919808613335950331
21155377061007639729755503315886489984778145552457557324223094223632695883939, 156789274284342838269390034934453660113001947415224922062645359080828801592
53073593796214311525107962546141544816229448746290199854812824311972416710628, 38707917941781111611218349600839818300195656059244435745888904302998798818162
68386881861522255239198145887216074335993070022163440302164358191848674293850, 63091931253543288056672652135868481750234663763855112023907762449720083858419
25116630438286628821581511382474331389235546240686202017523948587158868164546, 72436612004297580686195063479014258865581267290483511072358190121453832234486
8128589089900376520651941976332409524367502320129937023952029866953474619343, 44676335897884482086794984959267953449246744003935923564359144611554540823249
51823072409079832347457562912338166061905937745616359921472212116722200563057, 11360562766354263384159465921156773925059104910741765742219222817441671442619
56979719670340248132065864473573177571439696140469411169604478272568677771336, 31758194872134922043295267184740927866199794536580700550572852990352896347483
49350280380024435040527620245793381455484436060988701681523838344340218154859, 6973429094779738229026354594864262639089782892808691528294461459408077649967
5350443573244666163091824849142480565613013575744236229171612394845435660114, 41919188360833066086535309784846467039752467396880429889432653475128081194440
15683745921854957725130379904071677829458048160285383040691576671185966887062, 34698275163482124567004040912782438071510382879649307087759947239773468087984
37498064933457425867815308922600338366180399592681138282419978563824931175105, 1659498607741835684348162354106428484298055074897747684085943651225837084701
49270815085268378787635987306532313220939173230424064759373670886752832774842, 14570020864117939497871569626758935026464468791303390713613222989130706280631
16945527810439338182547778027567276952131847278919949612014102528215278849646, 31784455517239334591250785180651922991304530304319431193469739350690095370119
5323413516228954048698234424869460899187836457572824929012424025143525395118, 58108696450092565517362929596711834575281339843382926799805282812971306131536
62636957287989219546970461851445219324777985943928902241428982022354635084645, 19334269723727147933688740366165067024601035366170726463638016665372060601176
38805748429721785343261515550278546767901457802345954858437018036760430477285, 38215516852665818622824246250751732888485173016159729204326496332454023522108
71053647076720276997523024037127182355407193980825695125239278633388139122936, 18305934863529224539745522464593507351637143308602337711938142281471281126709
70151733251954006888680509357417761205470443702081202860883630316386267904019, 67831126181465152587222897947694348635503423739255105018921225497039242708247
64542266059066630476315361285175905823620792714364943401594576206477170986375, 42778405786028433924765620685207072747680259123261640250901366101636565018508
20456242335507029520119340633840283965977234914799915288984337839762352251994, 74772027183478611754052129583122351728916773181723946599425329385514741559182
595332385195575838817037830565827512798568397000948291685891071986420436656, 46535533898452553016461667308039488639347026659472945401493018161479104656514
72670876189527915241103374014366432594641643178094733445918096419521174789011, 16389676295041901688742023646781506401064701208112914592231545380218792945677
15375267680054373915721247762519985417546320868763417650025156725437269616017, 42527255235217191373229413337919349512659685694467909696637855739594603948678
19549168856559446485826808345405713480228941479319745334682475420967844718194, 5908693048111141416313872551221481426269985854049419177490388395981567035376
23275981735737939409198717998252566750097826520022189396649207198919724669495, 1153631118626306817888372576485180305620251184334246617578631051749967887641
67499857766276505370051234700754420759118747700321834248440414878547782930228, 44207381819387115879230549850010573974083721061249506531701831609094220439381
21767208446875422996943538620960278447898166591148255425740479273535630023286, 59903735491398231608290340993114088779608487988661156036962091706980164534938
61319853690688533679103932435140243276291075952732894778950656930551509976633, 21443498010889449459816510025258688591675767433943857715658133207323075937867
47397533695692511908185382147502982321662335825999310192178305854767351256288, 19945980729354317888567414187167039787044081632652240023333291803728056042728
74795673516312591232203349968253814601627431145306529068292954781156536702081, 21046041401867825672135663844217503937464008091825457957632037437730045759514
56390040197854089273857858050785817307392308957389404258009212371658464019002, 7907225573439535513052505539046637577929915654101391234179754093805099134184
28482426783840180846174548132596972069257877422623600577188919272365279389723, 61425639238908825958473305724544761628464412248470350644605182966824484170368
171685805913061414305366936223575748790492167226933741196880181375300683777, 52763033096198871629751853248150188720145516871992131667620078453459197758439
36153232425610018509237495785884326764818811883741078657701633530939469954401, 33227893352689300730327896307234398911885449042562557026173608731842223440934
44048157415778884509158918239228347645451942976768100131782237422812794704343, 9261576676932382558062113267493589376745067544304241167218138082706692444749
32394056766107418088638565256064351080763549726114318719680073905587293251509, 58534495086349072959885226168463203285861770955806052975252486353794192001660
44372854649349963707256563017646080427990507775764237757795915944142050474804, 12103131433258313145752193770376699085499559385325775574587962384347871107656
34300386088460874241615816325697182301252430504781964610766519354932839430834, 60564023558369956948551667775944701042228346290516862669627036039761842838083
3652407243704796436931014195096713311706651019479165632093454148289680473881, 23369950830692298697945183647134808856333174812241063654652037109836044577441
55462447626957002934893426182433195803449509311252943075116077194482031605001, 46546699820442898665388884500438248986464988799895208297582395010209764616331
75562030117743160947862335314339713630687681855073780991308453015943946638941, 38799628556292294520234538213306161947487085416198958986512336078270496507778
5628799687724354539810889765323827702626173986454854875428712106692564170615, 43068990488759833479944858863316474746102450782199038993620273010990094811813
73735699326704533612873681861615530593356021936732540776986558195287026777316, 647536937156218595209394253624375479304664745296234071183889320310380316544
51492529567045033964786991172572315403592658563935566205042785367615024314936, 48808666915719634051128894339879248143245208027229817265467686952259993027213
14769455771443976694722690663995633272923907519799439742781628040316828483248, 1792594666478697418223399867640071194670896955498659037929293618622666977790
46569329585976161888790111187510433494322967478066259114682966458555691870901, 10339598608501036660642931024435821101225518669019073482015445671973036343125
69749549749945166546113149413917648437523877016308989229359661690455092680606, 76438220110143059309541985708854647683584387677042483639445695037933802470037
49897474403800085574310321820365627355924579973745383581221582029218113611448, 43181655692621324199392598722274710272812005810460821417679265611767690840043
26712142404483429899846376533964517125379187983666664560329435622218671948158, 3598782874618393045090218244594648761059354401181180544688115561197108283466
60986826051951834472030284610792158857484366785676099783701369375718046724735, 37762311457091274888001540062675030108698697311892665131583964185814332440607
36231489023117023295727850732294635332499209119606627433264500272975557741602, 41765590036156782735357860191993697084221486169813858203565884031020808524157
11195023268777819285113659456787236711217908930235852080328212974008579660400, 9375560024515447092032458482207655375171135994970420101376491008323054317036
39404513801435557754092255547940653544481970494786143347092489667414441382283, 46234822088093883170039530396765305712112801972988837504154927771148286985042
27341104109634458430821241496788934287323744616134886354334067482943028850134, 33340155796496017842897638650363757378648138151390225529269722845730164429004
70616962347604332950842783341018839562517127008566270447940026549048937393744, 54773603316216864999202575276290720108691625647202790122203375104952956733107
23481923401111482558529737111541369293008743536957000013277578962373188525657, 13270453639251776536600185556260492689136713512651939714600184609825908796067
34620446047251866423468704760498932006943109770278578989989332533664119452417, 47394583524321493584164585689663015828483294797182107526813830228209469357969
54469811978475813579954670439166667530259754771351766874614790467077698796337, 20381360056251269877071098851920807952305562459272061027436348722235022567586
24390078878325158431452136487628153615204625529715952720390769933199732866570, 7187653190927650499488864951547700814631836748444724351174274957242434272460
12761529068899913284594615562552081559149418935892671785480904865606633880864, 44766606849095867528749329446507318712352273250397998750813839885424131727927
22047274696432901666414472402478685549854841760556237895332151571783318632759, 14903968378981630950560079577219720522654225518095333706722314335476345781188
3373685902663759845591722472234831488807403021874350984284107007183138594212, 11051716535557092820499853435175248121326504515247530858624310483384618672836
33674926677470692239871351567419228087413412531894557270269314235802798031683, 76865796542369713669447879008138825311474693342545280458639106661627684937818
60046283349125237442231232760335166804048757405511678279837424022784875213381, 20170416706513014378045462676212243844959936666991663807207874219380947641638
33160039659097320178071362365457656048680724696502448795682651719833257415867, 40534253704772024027940515285829577975875342310555019068079548609875219170152
65759439762164370559738392016510953958637213560643317943695561535588036529157, 47557816662836125934482026587704918895468090511853591420613741747151282718180
20527264279206942965012308829165742788160823495442845604268706449560573703115, 23898383158898152178161992807260401186254136733481701651025709892691794250942
15881511961734828815573514096790204986304663395596767011414422544978082335618, 9651000189498817077883146064862172482442176630638725505205647367350064131970
24940957135508197867991087648899336804829200681941283476500897768191981669781, 45370964853570365257292323742135304868119671833736541521617965128090660623748
37672660109819093092564909116704373751377764431206309438557740051111878413742, 37338522859435476223370391544782635410197260023663872863635285626648656954464
54289113932606122090772596880407350992168209384071314873896709028288843551777, 824382010702214309361088211675243385716389176559363309575084502620037905521
68388891688763547918872201794020611810470300389806740114582056713696019742569, 75044021533922598597952538883553308647443075536510121522072601879252279107692
33516956085646822755516271371276226694137197612197027856723225551462594367344, 72615270585699906652542697552419986488748764775284997456120190091362862914073
1826120154897849139008755808731272694194051742487822089293820435207348228935, 63895243879984684717695114726739839581486333850266124565531323087767468592342
30080263907543583102677095731385453814666190771118550069281210130837422122172, 24488788429697151309975288933842245635199267247840132427148272500873804638226
23943187248726615069640986036648363316492357635177925017928982965232976642820, 27767450503357126290157461836584406851288915783156996451938760068731079494047
39706347777774136442766675898274480596133877732457684505636149504610852770828, 5227098203657747082261136508735271934086862564438479331559528449573765777572
56588018980917145249981520745152825753992259428512726470986782641905478585851, 57276192976873565715176513968109048126262180928144188492698719574220541827884
66851514087760807071839258812183474891106760178231762939982314511103568699871, 2538759932571579873120240457253484289379330001931556684949024185066519817994
26887258722710402845443791940001584887197506353652090949623249648930369905763, 48416545715946081332496322966192706351795516914584143345815343280644473645500
4789983737604897441257303505549114367576997623173917680392314220306117960766, 3257071936180940586476826945793973936073294021213183625976661030343795186082
14165941502858466871713842505327257306756302477243346099635573596405226146208, 58869981110510868926671210563900910485199743570629640761447452668625131920385
63831331132223085798265295690159958484723025423951439353423783100742439164165, 20898097585390893049940903290971111062896280796639965677619933540595025074236
247539305106561557859079266094884258330683087883299625258955617112176805438, 1298156397605085587802289682207299833650313049962332791079246303926038433439
32709285438757911383280013199833743298684399704438394536217464984539861237102, 45012999146891055338777749308113349116955330108381147707001991142386048528114
76833945840193804568466525559926461837458473241180388870120782829803630310459, 32883930931222455407395787709748034967937893953649778693569992335607347156929
31468396462431747031614785202616898839008546683872699319568915281480765858460, 63948497305705749446555734602605840934193898303843781737876392555218064080823
54578249104415573327485818483991399655884359147137184690991087074652217200858, 38856070643430767012829262556327269345777917192193552927345527905663085190348
64184836838770967978526421141352824535731741407170494315147408583266859039777, 14932424910681505669786322741711948605222897915210445858204664576012920209020
61124750727794499557234782222857932654129863905905120464373770461647319351621, 2356390640455277397093559739963770710999367305024169564387455693126101962517
20889991279278018895414358827264916040785997860976112117656983730418405881099, 13461414793093707439934054999739558454882098614090549080545437679114706293352
73630005794806757400256107673107786710666074972784895907064134557904749547476, 14400329686677925209834407503331386242004131585538180592120877526540941622203
75868595142555030940741209283348161141738282906160615036355481539421357870795, 4016522131254430067311031303742237335472223090418430843727424270479263873563
43109007974061885126328070369346623161833729846325693662474930968574077679793, 25253099495182643332154835934372137585799176769774253339043864277336465135221
65011537024357286574442336484346346982158296829000661662152651857432519437001, 76125295920385623270930451709166252931066587427389323914607176702994103630465
31982602335262286942155167385259575164057172533944161627649074978574307657410, 19246112308076621127412145041371664423241194585750641526327430232555944842200
3330738969473413530337412580169433634603365314261201378063336038342499180748, 45515077170321779330333647037397547295798349838733257831510591618846665417142
44208130140545813104572398091216554483819826929130179750840912122139637059353, 54832441218384483433922850256253333119684525375366514413824826135201332601160
57854939093404976755859410466596292679300241504974614952285660321090077029230, 26343713780609588628161910563054795859474821651349969574483598844003257832648
21813942903205965363121650745960304649885910439351010434218896579088290993808, 8833049421583388222602835913898554366877820747831051710067331628359741531320
45605280258355951119310645386725304541603685656610806177241992266879343235318, 23569319791101954053669878527869930189918538433428991206114372475910147000740
578558071568100912356570811544932200603034285451947730346781816329329379292, 16151829145268657197750319795134236925429328805741624954670577676935023188953
3319091814661224841621576601535795022269790033730430815280293517965462841181, 71723279268819906664768885274577485013835240729872413002109648135404896899717
41131573588923385777092953588317836360981884684742255710370534053340857063557, 64616056080723215376197260450717354826887684465564730747721085136089424431522
54009427359229851149986512570946490154839879396540326001635682343809711171059, 14045785214296291966715623923135088205912547159282630378924466507754518626969
66919017938642135246824292340760007628653525917608905805365984001426675584376, 76092186616834251739625641956110557351910652198045423251929258024984020079000
6204843631367974029690712835913880148048864845328142587530604987601100746238, 9144795998226757512748992828445063457931212709613431564938889796436758599852
13808737600249775441476146211659096078105493039821072066373295388571076459699, 69277441237978662451317708320657190722081244614477487170649269544084935330547
30351516730213236257608181787176975434706811051247332035479013710458596607348, 33997198963856846184721944634529627490713422521494604851206811244802354907963
3462920741753916795541349767175457615999647060437932606375526446663669249615, 55941116306441035730292230416579007856534399577072979629789165236385450661239
66483028867347799229628545807616554343836264811768334349697482486202983991339, 49080335767022596462186266666742817919911816086167878582259418632256996750093
25439238286137323016949216901506732356270397748700489634025501816111500460361, 34903533149526020157771261170578715275601065719552287543825319293069376738597
62062434405043688451818190576433509896405160671308492856446333988232266433764, 5638496074908149628451993318616307514971204843917291508946472698318883617923
3550649298087076434246057439863567215791409512193666475848262600660873570159, 19882649812182778973155285321820156828342638393474315151500301997203840984215
68431448742970007866802835914409827029896455447077336328379688977807627345953, 6941078922382405844708046578401567341159477552956277477100316137443355721014
24091114377934383821385024241960811212244025366112164318574601637312512169415, 3210247065810016538361945192990019476619534985740694055468595540246890638786
19475884484953926303182144138629411265986580573445296925450981522707657505457, 28178850639081594817544921785025596001068426559139018256763684187428534401327
46407398129337069472323554214566976593400266854288022985846392212414617344048, 30470157357244891832884127364339134617219183727399754266726121758032642293353
39680497486666869452842443749796713433290834142183023485710901921597903056491, 65408225050943463955220971321477943663066075438266553543985439969913914319640
32024706019997363473100417962084619097972097586689801720673454402371686638831, 41865041427501365822759049483980624430958785445446374893692021141923905755565
38334477003755163060581506746199386305441867499338780665185018278900765906083, 75603596242445831902785887871273421738798884429545407056903091317273265554628
51336390205830410427763263895262009650255878394533045632122958539796872956416, 15479771646353789600835339361551499132728546493230002707468956625555336009208
48061761863306137024482041965597999119705289137581283161279913650704957391402, 35535490672864399784690892343040253753467903702491478649032670498723266446883
27362864490189429296817139267837489557639342688007424598490977673411224795610, 76826676756248826256480214037249454472035548831821520769879467020380845317504
17172607945156904654307757925622607866803976584282646793611530945328962684398, 65165422415793545028510904920223401661199446168802063254989992121486099155105
1425681074040464199124951134202318105056223399730539722940040702598901931561, 710416863924115364961362659243217437164807906759300193012502759423028832400
48493533161505595211436880466588059211783049382924370731442072577873963867681, 18095526544192311742937224393078554733081433019606350417879360828685327312137
71149780186014542489990257144130476993824733868965562245852431654603221833771, 10928648712739650666734966288502875564267953967335995336833257249934444413418
17018686864726803891433523409560207678542274011858434784099797546279975364271, 66930980756823436619468674723714560876498353261720313473458193927567485284652
38473425683151532512050264533610422158201418591234425892570993640448398204000, 41603186345521523881524661959839386345949966369396753936456505280287283282338
46581030855281204505520336462414688029733619271185261259918981007843968641632, 66653943847481244600413809194235663132279283314963876013984683398788116697673
7620041906439615678240864274988799996653738436502999661197504393981088914315, 8244498930430654700088393909252085260664403184579448826023433994127805425447
24851612281917860209627993791518168437580704852115240086409177183654189684971, 42601158948009506813739875706523860104878876445739702415656791082238866147761
32455994911577261495643154286198537957971695033530275400101383035286038056131, 75654242209499371223222443331293567553052308191084602494837785162768212362433
61516904523705713656691424569114753999777042003015037572748202852735371639828, 14907181540768039325953892671586410768189703365503040655933352301300856500653
3568612742529166327934003593461467510722442066881841157367380603582903491898, 69410629469864041531563074475090794648322436956242342405951330809231977517580
56306158724229014328005781621866320408902855621618395424121264215795952750443, 16349587918301046075213522305191819570746119241279181981886451931371961449180
21631940963480947796530317611079772773684910570847666167854693935390981949731, 57437155884521362002239412249753691282465544026399623045674492841829874178570
60406932410322463868408181835694189851632427923439265290605015913507837843096, 49450165335331376144969787225521650595193900321798999479656847815667875774637
44945911169608526419972341993936238088804353766893476385546088540918040953137, 24105371972541620160423301260734118422805625656429253723133786308962425533301
49189214876266400698275432523341815629827540529697275627145790881847603721511, 7926746219554195684389254233249991242636960886504503321312189438830060615203
3042946934957390797234795349855769183877437584698362082000227435185018269289, 6854092232156167107492827809216160368425726405837558938010727228132877851798
63074506775967918772832882361125206367098585549233695207253942670143004369433, 61745487620427478429794848833987400893975796240703182522653401453814911421087
15065713225513682730840760378848876871204385501255252858438277061339417696654, 76232728308850170694669492548812522348265247950221595708355345455831183839626
67188592543810486236672837502048558559473649205631021519831940005098077447695, 58968156987824570682125457199378134711451364128072118591554842538896022094214
8374176121764949641058514630258473255940665112579352719716551733080567440072, 25459544797415223386473586495149813969527926445464397010194216532279206408021
64744251267357441041784990240102752129001639660691080626123165946003944725137, 50335309889172926441583231538857792583562622097094317424678671864355393519505
72936017628225301187265223206622600100186288279088336693874295864894011255480, 50502669764712014336144069069270591454355207531865760860047280882742630009616
25185053209317736331519798564572049494695704437160756418500406935376684606179, 31839530214188512601156689867150787663146081557317086830053574254570223425004
75207879184172942504149405505741755874945000326071687313542207389463652590268, 19681493179825981869166333592594895716043390795761880636563511916875125526498
22142012341507829092586319524247554420822197076139484159436676080917586357035, 68713389877078467884714918145280685650436823691130746506738686953516766307014
6661614609849949393454145216071255794225693976129266474047302582210341425513, 44289298171053366595378769434040783278025274037788492396865959199213331958600
63748441529871887217669362109293594454589659577276904343852550496734693678548, 32030434009135648351425035090696370313358244804585996008388254416029056225868
59386370338851135627732274593581425760112197952154846845762550477505390893167, 9442335966203848382909676998609636587907150294758848411406795408659642237065
13663166397804243196168242550250172521738419882620076794597915202299883785983, 62173225562377279054936450488056382467525531522043228969679477205550932883383
41423165070793274900865680986493250429742924762870452599110616562018339590163, 69608071150237354381874729551932323187384108878336039247324789589508913145312
67669464891786753873859601853115784849779317454292854743617534975070990938804, 34917089542175961963526428365470662786981921217608854011711108601885022600102
25353412562097367601713402258220410139912476791587575167891907075504277884360, 34894143982859048675940017868300416199316625594485770085101350453301252560580
29729648824362055223305490543743719674071086313880425621211661619911248985198, 67325676288401636862647398099707281084170391196595760771702444760832822900926
38337518419435912973865293073335165195587253114970594059004471258329347692072, 2341515001192728508361311743851656700855317997845317088207015502536870887506
52988729889391798680032452415873708234767181551956478328414388715944143615542, 65615352594169470032977429780269334380452332046757979433844636154804733777899
11038482006900640707864210449075836287523503877919263487877348304763287268232, 19692916103436872214759611579893622125699055879075426166770895328389511692776
59498820550813341401843085582891273058591855670457204552816752867743690195046, 4560466328922573580725744215421747672805983092607545714131800390302406298474
10035143922541872345020719515073541364376055211692173010447118753229798504566, 56395806231380079341011640071590987497611858315607536874298255098917700022326
36549156824612337313502550025261869450544464534557828500342260555547374364591, 70626886752604922500655097688414005564922703340862275551222805553748559693039
66322878193747983118833427789933412849258088028982966668207368411531217103525, 41245409915511373836606939398929293307996636959815595145075500718154698946620
850931910532168061095767786450199076683101718214465123540101966581879371316, 61215631352382091939939541192347243991614296858474558666716290006802060061529
73286197437879827947290356313623986069752667190064577485823654008860270640820, 33898940992804388919320872346116291703411718207010383141194345659282970525194
27162083500632226551540573745297083402996824224996065266008538694723292925766, 15482895276640020035505981140646357205625460955978697711430982167958763795797
19096358932232982675196356399546895968611943099463085816126867395946923092908, 63496422143225155822368625163572034782576645407438558282334334719663325050053
46420705380395462937323449441668791438125767164234059289402212739168024445624, 26268045414203898502046759416089226310678830104269450084545872367679733711167
1218631377076135976135370114764072642600301529854212254878590042257726029118, 3178479617743922542929669630889175405352716310362007484132585864451035109536
8834952275158642509777675095371079797395592156608564407214130333418956838278, 57922368329291141705086076786476304855668883956804186535529023178390825105284
64225759612222409588949871073668639041415276238319845876535643295961434248313, 34810424285929745761874074836116004439998395795064553956857223844374732024094
44851295771053415197606008183949734310711884063918127381007315360380817780087, 15180697679245445639176422322995504098177933180576873139376483481091711361594
5842472904727965981331797275204032394569193742734876509622655225990487120313, 2352305935679806404992175496601183294516474444136550324678852766939234076860
55596649366127049340421769700617470014531818396459837214291539273113104865365, 5931558776247336708330065614516723223492560966857125597114182236512668521302
306114610594914965206482749475238240804554809826496120343025407725151074440, 74742768800921472389741499282436105432991280592621128679342400076088455065515
61341341033372628316240250337268766814202536677824624820170730060535370754383, 68682888493183706605272608906788539611277438044153269158657813377099918884331
7999631746641990653334949406746682297928078154690636364883142566780521081393, 57084799559119987880295144452923793045920527634753971029307669569757391267595
11345375532474615680693866223344739390955430940972110820351133369070052564123, 8604230990174128257749735401370813166187441350338808523911585650774684528941
46241545219876034203452732024201615681800011824421468720300566970781580592597, 37415422837343968657128591804557907394720781768067056120596896761915314676232
35560687032862026716958399530877413835693111886622936525414806686644790593251, 31006013926899227884104428410418358019962800084834889633531396504231164103578
60456013659735337123005183128503273045317977603048314481289986222588359162200, 56023467442553094135145478306648434645734695511310914529472934540287027595471
23108909025072733569648488010099952815953717605333880296262869761271975295037, 32172432455884886073781254007720453537928381952989613248805691933495855319778
56386725406467033774689146581148696731619054609865851569794785397294328792018, 6029310120540308499431310161832588929739815631334432294981227570236715919623
7564153981327593526543353857365327652897484356504348898779144566182016208579, 59760004036573338643694110097470436406501015055857939350146511521589020414518
10137033388452926725498907603058006979991937834311977721522325244884121604621, 50970260226238314158732122560146611132203014837730897848793037920152516806028
16263132913962231780449450697578199065536053184978883166169577084928311408953, 54931910590345943242502751596846651722509595566302860255880208188878245119593
17393966460421623840108969029950069416943494821783709835070677547228370715808, 5107570803379974406192278056493160934880695640371386211214806182343745000326
47142981869882360231103910210134230758396665619348149860236529285260773429632, 35506059048803100772856772876146809767334187980095318246805909674089605545281
76592529295587276669666451330940209264387404782412130965721221736037546064228, 5825752442326973684523806004337375505628498857657754941930433307079774195162
27683120906782977596996600804923950856916123361320612345697351178385096155289, 28572542180977911324345393365829202396227667234979813275523912181373844918691
31130061887739122109748069078732141478116327163473110061654367252651067592015, 73377147279093392630906838171501195089994498087259331865162575840461198673534
24154997448145243415001831232189520291561805769943188959000536547038938979104, 19016539797241897200027821079027237313735035906938628729852193097849744931031
64839055952731283285467546622574917020544410265703427471218500502795220588207, 22532520841068802503759356641928316066501069257286926513685035551573853080659
67023156138982667266771645597978929227217454403414566927363792822275949301974, 48406832506362903697444417963216927895513012532012056477479313066572709971305
3493036330660017858991007704539705114742610171601109308592439793400342835673, 3587742152107827088107682053423665562222807747365181904592225777185106732700
354857025129484476685521276992551319777450487894621557245209968160502229361, 9008070865555600450115297007015138293722882075899563617041008149345123790286
74568651466925528595434881343478254050884181663186571861207308128705914709024, 72798914546614766686694461737076234983447321544148495452772703868572634564568
59694317870567796638837912609600141732880521482225531707939388674493757225009, 47099154915229912139639580016904431072009637905195959719761736761434836577967
61690619577593813024099702713658953224350081265766772218794664425124605927137, 46087456091732989729868841844605477602416591503887186390593877173617091872632
24136863493668277524372990776734383264147021483104473212351212701829910944847, 17811114453905987620854623590139001086722249849903362838744837714664735812336
17541456521468728211324848445628607431362104044134200516906616195033741794582, 29710875372647044090289996683403775094877441521459193104279304269648546608861
40568272625584534118290577120363799784539595223360681902004426786493705907722, 69604276058859021196453587545092248762377900384982862726787838073834882907781
9494966370582076528857470249600594864229201678074237200719385532255784935383, 5800581215211976505223982776555081647841634570028577202558234568550767140547
312323016800604855349624193641381169279836473954278347887886536488459960163, 24340362130148101296591541039865123208841863205181385103409326896634541440377
26243487074450004645134209210954585077445617175501652813314940326838595374755, 51881605538905530183400165879508204106177430621416607495135923345477072104509
43242593243894037642998048990268059922892156260912464488582451011641809899184, 69847215406830006988385067041406175622860051676012151523998271825449071916506
3723861318502450281587652027374624342445417150424390243752270480246536865747, 52294671866191141182335526587302317502517242748687956234447201580580485812198
26948528341426405574470501314508321556893918735163668013298205326677429665148, 17119951257820090684615181817823649807011339324373206730377821402654028878603
47931089558384844637783039348988939393250356593818098347936850924879917098370, 7354595974441645747781647729983851274227086702406320511582408440847617907706
62290323033531126768845181861944542324303475021063700366556058116039630470063, 13881392073258637692966024443516210727235404549448487514237371175935534623522
59113657800754822687464657597432377026901879345444950511746845511737105476018, 9951981543117755807924274410282933496499973063444536765890084018352558380748
