Elliptic Curve: brainpoolP256r1
Field Prime: 76884956397045344220809746629001649093037950200943055203735601445031516197751
Base Point: (63243729749562333355292243550312970334778175571054726587095381623627144114786, 38218615093753523893122277964030810387585405539772602581557831887485717997975)
Polynomial Degree: 8
Polynomial Coefficients: [59, 48, 30, 46, 16, 57, 29, 17, 29]
Public Key: (58583279867236625081812944901060527017578795385420256774961051228491402186493, 59311612657037129571759604958554921161479397800788747248603472893945758420661)
50813670981653824297669272704027622570063206323452073516424811090239387191140, 36367033236797465097451442397035958487520130333591475300339517628620162480283
44554940492656258729139337164216338771788024368514079334414197249038489795347, 66409603841152759476826637906995384739027785938911862537726308325412231561599
46934786786034479227690328519593336162789347087433863033210544335783163713887, 72462220701880533465429518239716865682354238714516500264837352733084529460004
5125817290555546853458618985120241127856235536307483897186495993724218402046, 26223384571014427049853415274854232592294144979493692318158041694041917896181
35176828827801382486245799905786450481720701296226346203830983212948057736253, 76562554330150335387248291189006773852699367733836525749303499806504701671725
59168952902674081393347604739330303980378372386103780913610022322882418760381, 62978289539475177900141818072115676614767911656792545979104755528866820733288
30592624398522686621765213362799645617674862338541426543142046093792364743649, 10586551737552066761293612826361986838566874357030917006293447751071875399159
36116095859869554749821941400305330666239565607835303867536740118592077698633, 34986558440275856289101972644556168597740864747153713208455830411983070090652
30742282795069148232557052112574215568645188166229935863309198440685982005505, 42995274418656920834848943208874429190843305973205541945349976566573582072385
2520415753531072012025345865378080192869002363720012184765527686909178830353, 38046467515922719034865179240162381221905067873171810911807977365004768160955
72581529276692971178137326805480576650745433674908838905222732876954099764363, 13101621895447794832404013923436600333158477691436746489576084882338909417918
51949015922512056084359939898638140624022495588769188953901061872190346578466, 61088235718263012559942681144454801679146951459039491114323176921387706640693
45276442610683299995658583928963645745012683118250971771251109104362773560308, 3935570286603033363995723880399228801195162574860547937743467266773706379873
71653878077621512972056367831535320406351051586809609733066098485074227478706, 8780070998915026387624692642701644736726311208460257995359524091746989000506
47969554890867629272320479891743549822265546310802979056955401422298931148701, 17000358003334394431398059270508833223441233283906363777148979346650690584709
55160545363485945235924890606418486753893824074851193227736677841982556612662, 58012589104042573028292262090200620449997089230497568767037373646161283851920
55015016634498330438686639710425956682077033568822405493460049030594352675459, 53818240616016990288416797541788690641531540264060716114947532790838642964428
58815678239828833891429473015119585495270567430648871155688476594858703529249, 57613634562148317979862781104269649969823753273189044489228644499721457370687
53708464230545025695706658690568071903172638194907865374023812202213032518756, 71605851270597475453306512084251238429699620316476700989205964200745085773248
22884841310719934638964465276517652339193401549609892822436846833104066380291, 71842881238041141469179378774482528543264233071861982379495036861310286023441
6689876258741622776232556146203565132099326073625468347259464524207848067370, 36195750794198096922656996829230918263864651270662542927408193717782404386402
46082459407914690279262758864674455894452055767743767044382137289995667772292, 7590132597302621697048830518459544370488920530223681671319496419997378547802
70193548918307654097098029277990630990706837563090192377996680960578297250391, 33062055424495568958322184934632215210783081718576034835290250686188741570327
40425103663067908139145876076281618955483929847869720248644070596533298254568, 39733083194867840470443959214368024640460290564368828787596526209609566521845
12414850663430852299940532207191129905275354420478685794015215001317188436427, 39953739524081520819870351926843211785381115856822903972431458259887937119242
14878119804381198917161982746089775038555245507056544218170520438009556536076, 39762123381347829356167583285174062122547969650951091108581644448261135688198
60513435462685591190761909697293435618916216472913205996609778663266398444918, 46211662557447496454724787505316625675390897738532574778011665462438098304094
25916273406769292490051413516728669790485430305935072404210023343897006187961, 65594945256771961600764106240010394611126677880865419840233719868499907924726
47808551367397390768909560428556821684148494415618536443818553780300382412846, 60073446650694956281900876742591181785330390771346509674166706253707098434164
35911335035324386997261072110019059538111155073631561541526674558746769405913, 63555714953421040520373128865231934431226239507460828144135179438615340592278
11528643931110776566199164941625172802437584072957534064799588136374058787431, 35129951133714841472319867255835875724355954689572916529721683802448915628737
27640499142088656100559768631389551217066302602185745393504534958126472130326, 12894745304924981346034108272980961203885531090241689585157282298290863942967
45883163009363946135561609048908820481003367015578949502568519237788303731554, 64129885190592218867806783377594055212140671195146666609382458495878934472211
31727268478249482415905105517849575626949079827307930299070222589374511045251, 9188072249038617367058635037347275408322015946192366457209144381448524310017
41385667568113541406418601655451076215684497008015253153125380280508409876823, 57449247215817875672879962419605474381795799351358075106185612979865519597939
22532503943371171194682148664749918550250730012306659069059413769792523904929, 19351882880704364221035040302180555916495383204077134740044478388367572547762
38710659891515414547483815318896176517607079909036986609440466832426832732319, 21688804017666288362720831314763923730938015785613780606156469340977484319915
31408270379068973051155154033252469969709143163281204182321323177614684945337, 60306310606844306371773315497731509721678778562951884558737334705471461579863
6882597346472351729185617451844940098272156937558629079319872937812526040514, 65734941128521327020062041132677973372167121952449623138393178828609460181522
76574599184549432662109421298937284099321939489014203627850895063717493208238, 50995675049502357392280463834323586265126270959693547050735813208058344990052
66718432385714645859450634120755861992203151196435930151236347905029386859295, 43383482229406132423420010112067599013663024815586434179816046534275840466425
19381374824938867652607440720154352652745996096185870429992370190354986490408, 69494573029342270320914346526904882822635925130436483456892149050563829095398
12812820873200493752681220608536640627936565114615556050703073435882815886169, 52782936878355640590554499951655250178889801431338247454171024217185204063117
61759864673026991426043965964839875199266149228325720308254241282222649911048, 57361064191689566329736764467205300975200539353703231639629809993932327353361
41279783489357902334694684615920869495057484902243811999531456994550126507089, 76671809669056257899420442818286210564451360269971162857356296848265922296833
60764019684307127514220549095440308031610221925429260049085908303946866182662, 9444909637556894945255774633896216794433311498963336067452607962039216453108
65820376505369042995805839471393849051276592547057942044958028805173917486690, 12177429939116109977477702182938846198608706900286579454771713826180852197733
71666593469716941631046540647460465832911106138666471697149062153023014748399, 59569901587456390861848180811667789444667068957015582668410017782716445291146
8025711716657613522339854595701290786212823896251682842225558783035406140172, 67574752669981244702609590164588293178780847369759636847511175452956615025090
63576168714344546678450315357998990605735035522767277634062819510131384969643, 5297978549184445922432795768857171648457918528639933376191590652406575759059
75346212675221074664116647292023229074958639330329269209081966255136437748439, 32891668509135516980827819931178826850661485739745587950126081406416380593789
66624633555161607345320404720059761202277885319395307735269991005662247439415, 14081179658936145913822889792467941059797581847843021140271834661880446854323
61248332236467450874812450330775590896185358456942780893894154381766412488859, 16224170086616792804928776651190252371922400669964408496086284678657257903819
67410770895995297291866087706906424469876577636390174930496580894636707736022, 50396858953633085587018176657402253531378918684955452938022329379131640490941
67913084911397813179912483471953416126980997070016394552267040769545419789082, 14171031834383451907996167978791741284931739393362287986558659497095493082247
15211911073001068942128518186904987147178306430898626244539301167777744737576, 55245824894449793016323278673506721191649912747785946899960488972445546971543
10678928750179867361003281615747954873913744890585890424590444007571877118431, 36340855618678778214351952207554149703224057350328516001470751066907225230942
66904351952263593237539724456328880800280845689933964795777836796915327050170, 5633432574656957807405335388206880524066412701199679740497503274578314673139
55407697620533188176972575713486621633607503690088337475257042263475633672281, 42568452662159459390340667382599788912711552441077793144363765699859518245225
32194720360407753350297215553021377338864300523759184182627337988508645308344, 41167106359203161142071158462644373999588790833448758219318570429104839115678
15520667424329434587250228711211965916410761980462866894560153347948129498214, 15446454619659827589595489890795797112994449246492766236859734715625014104181
11361000857454103949727761608000781399492172198830468887430114748645806220135, 45660583691351967772776172292454843177093604906802794047023872232000170802120
19997941487969192944996622182713741049893691163730085138141724026829947250571, 13518476729729068886960003944554877747358464803490714685722498301717924373251
65555984195325820997360078714069079941878489906857178132803213827735378282077, 75527062972465582639688739815465474610844082075390823609533575701004259785973
57505013405339577968234516290299644530354389417304469759365620835584978622632, 7486800109317997795160027502117521834358636412872692069223177734797765394469
28537605150909652805072194759412589241818159627514914721335192274988151368236, 63907838121623835203451232881378360028032062872707169713318732525782279386227
40491808260080638590280040851118165944481443328862259029650753251214272308665, 2472914330268983178900753759389606316223169864272380162374099602849381667339
55699681982298035516315121838157933701261120598883142170777102187249176792071, 6073852850477056161480073730832564709282900248278544823505962143921246853994
22594797647149665252001552770673422805267724413028803920335126292961102418750, 7250739502849263439376469905712345269651002316399870372060069151642650785579
36298723207110385200504016885649108130022744723977215695803888447802945101733, 43962930228327087291550374058333254938081159576319967898907417288430306346947
1341284919388518589050773454710197807613456777525924705900778914412833708011, 19900230415883343332773678135555900915589695018335534417453239311771723888309
14402907264692329487530031760659220949263838863565335815170006679465846289270, 37620684251310929692147401281904894094105893233901325895540731434722323791409
51962031654745165397381017091160027207644567029676640537145712255238196200468, 75250138281535188812566458038293584151470232874728940236545665922829443751705
8937954965335616058815983110918105331239600156731470110029480397384470751395, 72586868335729040754871453844966240422243593883585794017674723502000077923497
1749128002114892698401866896679538459924353549597397059034193707110286980328, 20202035877209725881218464177576992501776804554390401575791865937514791267674
22096472342094623138424018003042971756613009431333140363888330268765616202935, 53601623710605443385561749589533178903468039681052429757411369257998397336426
75750781876440533122564929579612472569288435047192578884973495596795734101500, 76221985946809552836185207760692399499291663871045833910669680196491437546435
44156635801497335929139205626327371981137966503311320142383176571113234027709, 3080279768924154491204489564936845466787922192031104664025885730073307581694
19637337988633453602322939932619723958727498193139493535843565391594281586593, 47439038728725106855379671463520064181178886215689716037431335087583291201897
18637515567758274971191072638565944363442313363352336678907992693950622735148, 36966417512808958825072921851527143330536665581242113367977005760933451107640
72768331435403158710643466208659024758654480547328778109178210815066977095241, 27601570064746213132527335101533608928406853598112032034692670520526467265940
17280326811478346679313089783087680397546959957744340858572643871128042155991, 19355224249294611001819840883918889139783760676927062085865359932705358488434
72206486614118730962268071002407409643701583222935354310336065447051032278516, 6795472471798251509235173303022723349005577460235400033810599089306465494585
37556746781437840319120643208329051862947970683936170461124526307383870677653, 28947797339360585940093825885426787244943884304912574138269893341814569206111
2227269188984416467952013496890061934479174737468630176549312593056372237927, 39187582242919433077596254464336171543725830594686583266339591603774048940549
34918529220529259792252094569388852492998732252955245948817206834415654835733, 66097548594325082312897399471907066901745880019465234404486799376938481781479
45932369942604666431129405970585545612538548961084731231523490581853253986953, 2235045582742196836065832930036828680851345387471116926341044995761996737422
8743167775173065940322590959309571182000003443788326711772914982111043906302, 72821160230918081755697615066955304634536846089188240058371549625402740652407
21965991646881892135749897998117756430196933526967620186397537249303376491139, 51762485138154802712595983692566945895579773742016216272647965067555863066544
1906654332575707074946263832628059712305195091433221011366212189943784308607, 5159632126386007082827625512059379878200954363144390876407842760874023111259
22695505205322892572438691141950884188892733244808959364942273216318950914602, 69832354265427577893195396630811824745955312930408325348289081100691869696389
1659379618730925514714462344557652988127781618456820644202398034687393873135, 47300244640558726839078755741805474860240563881989860172019164457895713240753
60652780757416427040141133694563465733816792009487803495286898862889126495046, 46553647211523723801335622021415733228693431123067432256223859214814075492244
15184824010156527275496808123496485809297316667256401021292448992846018016593, 69899375227915988692795868153919221221457240017153897047156830080275995816874
36119870428931769927935138942284871620607539491582408538978563711380202109213, 19812362461107344345424712399165445946338756583862658172742223784935046186152
68355406365953582215040548030944937842698233444483963578734566523685014373811, 4226074100188117136841463108364916987810824248155709239376175205347533172029
56844590802130507600562614643886250665598236646171722313368673126099808064722, 17649115086634422231274883826455331620703912618385454064064892364677545594359
69971288188385313573139615963337608986422159407546034924250491624871712365606, 1956643540079272305014564275815685589418677155849388446310562260452742875899
52836376285629039400032733693198136885806854242946903385140300536345158916866, 49809096765758139301328498950186869536509438957083617161671896023608075706294
40712115001678501241138769152848221231146088344874050804714252689744730820187, 29475265958790488566840476537263900089750958497009590778289143185174553606546
3169181205510075415592204169096037772956863997445470230509807613792638127260, 54523719656151439705532852567473391479033851375465217574052932548391721066920
14327401340957673442493902515531447270576611581885242210864568609557814531848, 59310768646098818366132906603566652854330935666989808262310567975555201183774
58393693935212747920065207646028265108288511374849710756405818796182694862664, 34151500195473470432853200734345832001397808399373203093382552283132575374336
74116259157313046044608483071142528577998281981460382671746437168971881546713, 49779831636174850583662185948479791129589772386139676526214847781626446816489
26449335703926430965169477078886352177383214479556611910555140904651475933572, 46438612179617074938460485714795661269793723074667088964291755179412995907711
61138594203735676776210509825896875710215115366810148396314956917459686728044, 63880187339871056688452607730523224372207003764006898948209673013270616040715
49889120554441063019746947245038762497177150924025612781106503539525396727051, 24139916177867770931429711730319237639482624763517982781938544295233229297510
23551762117696560479125211822187206711097906313945507423782757474726702106047, 2760825308098047795163571217489409461965021980062299149096318687114016897186
22795358027009338999117221100988935448532284063406379273188122938327559389863, 58468088834634421547625063816957299259644348471217656552127893813857893035136
27493859537815173737270260728578741215896451229505398869686147566498338284086, 11906434241769077799410629206752573689984638453272437226525373661209941216301
60431809493457942965722995861740578359073034465128025219963279806031307548733, 16337218041171863846060465243821837449272819032338351477858897447428137479947
70157379091661113881338879545386594366839975871186388796042672208607977835585, 19159728809715315141242575753123970980546649715000051912707851116248477036392
11376715015528367101474035238523183868352676608681460116109966658795821195033, 72440416385085415146761052081162259301344729231310256002949139727275706894732
66032410046603739788008716419258825159984133694635636698950411675766513185962, 44231694125372547705367819482269757172508637773802373175489428491671474207622
69989775864203921916618743400385857957876822676009126104679353620122251166590, 37914117819198670449417347143947471464148651380956314158974408224860771842665
3459830473530963932505782422711204607852486039197183781501038835771231009365, 13006643098613956897159958499548103273326170767696421798377720864799683000905
53591920689985089001267264105894568786602225864340139439859891956078967080335, 65302352049507433004035629665520389626138118800617692233702650445552017550600
9170314631552651639343485499025740439633632488112657641375243179595522125971, 63317279166188438485281059180594680136953793809749740699657823427563507667581
56951935315554774582653504471721350942372272530436752464495908408716797781932, 65522553331731439030971545015313225649220958978527821245849489916938094089718
65924559124363162388108039135730170502402883694375801905786442093854925981715, 2090532150296258297988101939218585853038771386695102201272819669784644507277
18843339513376579700994918638186417234506756166983855399698728629279637683587, 18752469509290552421427773976086376661222904613293102297354396146097894486380
14788239458879218765819992893545845533904155484185605493357818138672163620910, 45595418301300609311140357067114687196672599435503241693803807422416188695101
30547496104844951422628988542965657084268269486347690431615143141064664747514, 12809176256125493238881659962277052526657187849019202617508903755600779561201
70159937518858195627679176623923044481673871515537055284433172171262239782795, 3351102343841263288513186737633079055292756847428289259425220379047613832481
51971040156670912020242652735908455449147651280200604713374920989452117290852, 61632290094420921945560922977304530299802246295550582809185114042998744279950
29798107948455624930143390500202024661813333705222749855945005759751723115743, 21061666524315484644555693864169064573535244770040117600771685119214189551636
18525194369649195137667739381827695480124057769003528765031890825714008365975, 24286343991621760846628532970713797750376297511435386695291078530204701767892
22572687718072565621822397063005577329669607806961023360292286551708898655095, 66766210433614414414386237520397472097190377126798947388510093211805563912112
4893962336412206881860872331756863065123665560376465542121910083368931991724, 49191375328223722354285100592671017392808434335188185173325758887201285276127
32835276463902460165400494922899681186311837252229557727014442591686146222437, 5168172465232191490145428569637202948782792601149179905907939230851155163310
36628971864878823924029457169615032254621871615688338243375408071839364421999, 54680490422213107211250552319396293490882691764712123540489846700463074910963
71259357383295371340259226480737315656899036758246253639593893709784565879314, 65131451992124697091291212198693891842899632882664320833058958185595735546082
4021279170870963561423489451927089329035379102698214131309102953554113576583, 69993563336939244994317628019022013404255683282196949817980967846511072005913
76257842702487301447771275622642019072102841674837301444711438088826532385124, 10481447745451402216512159106740372453105275430980936572899988233843511014841
41208683609587692512091309660112677708030400671078535528784245070582993907495, 3829009449573050735036919729194348117369209494984517601120181461009951843268
21464702033408180312825756330814320442385219259024527121140386697125819862895, 23339531348216090133232335545984550959390598555434959670266365946184540907077
20884065626429293055164853239816482481440615664942648825438895404668193283985, 72473175279561960071339627731729685412231707021475918567711847128551067121346
58122260729233174035633129092075022125369326893173015265065919652554056702557, 32153788796980726410478755070790430830898584400070968523169258386328730483380
74918268496115293902612433291106043286746945396801498660084662268212372329490, 70731039046336290187973008437487311594156525612080796376174780868176802823286
43168706843761218031633526740723077979917957571299034869045118614697922747892, 65692845534111346373543378340603653690119144493882713284456304844193182332686
36313157485407231087246536006653173781509577675484546455592477356728109315853, 75585877491082602214332542525707238897579434468004900160976837889307818648000
29156870412718232177323902871948015671601781508877718631184449229602774810719, 45618110597724174431320845014033597112866996101053299884661989108183811201489
18558963837535183225468499214108336262835555421854269784237727109355640982207, 41389911714508234239509258322732835485920239783068791468868257639894566948214
25548518962765413259339556876136313793287118131780150996568092043929123977623, 40086353263698204140232248624043444690108110706928467544720637236272434946645
56083486392517817274542052780602922710099909696161862944912477065211255259051, 55907627628824325471272071638905171210845603422560021504119308836482277196673
31268510716225084998890337593148638958014773505666013526686791343446807265736, 3245433824048359536869989235059658710586552327964579588414789421521587867159
3017914338386768339014843793995014758047694218811038687010598790338824284308, 70088406896306618155977884652301129039990123121900378249748184260969271187787
50828076046056391492355937736775509474091960589310048686250467693270546812071, 23952134774148938907728640138633043943937376554977726677450056804697375228094
43604434591858677472323444711471726172634672086450243637309370817092642858961, 65664812480641552242545492984544513983915702528659090638142821337090173791993
75406180124397053213954120597563670031285565566800081023674901013778851276247, 34441314266200710485217882758872927972046837532494806626091998176615218227074
71798179041320930315930048955291051613150396321544652256370379256928915746461, 35008602998772531274411569188444264237312397852030018264348584069356285028021
27821395707982617735477630779367017380394080502620329659206954691835816484077, 18514823971107775084889848496202334291715637680807829821052417842065627270550
688464268840043710048092729817166791510991581274237501149951504452094676583, 24964356865181663285561612874089298563484740695666414794113862870603596412004
73789822431380952544241520233770143730043039498230653963806165068389909295520, 18878724571351633668670492051049037000589821533839232358248215080979700997375
50978282274008828994878487655016550999259479680449624161675558321033167198569, 56943480844097165486012633806675357127198184859071448206258675319818767078757
20656356185933391108189534149882566531707009155529937525904149647240372006724, 27766784397609954919176750955712085261304068660902807096308204472914394890886
2921140991773733073014183345461345282946638647298275521920149243211798039132, 10356629328947083074338089967987890926472353951941459183866650565710276405337
54105975471329956439267371867918611492987061929457992190818794876342170458791, 61926316960318352052564113746692522067357163714382924994064864172886006124955
17020917600077284696283466152176960294473323729992310038143902544472323929991, 12959665535386386386816209312043463114563024280959389722472772437478897496059
55291497294037423569020093800922142872490205193829751767502254713255985644583, 75111251932968970574141361229424172915274566724938632928585938823316179222326
38028865121812963859857516814222428020942658163138814988011058525196780117720, 53985636322637348610683691961514311996273758133531361946914918702637685799546
73158514105374372139393074949845249620660953328399404230817345275599123371568, 11798590350430313006380754813541164897227262927481024809302908858491718625386
45354127279465975996976813826995549122668042123959947493527605791614443338608, 2509648100384921099498637206359255664312173847909749585761899180590700763704
26183766836590431997417193312540766979730169358375550662549088304566896157721, 19052878383346775567717160044617071390306935187291388607207437780604572584744
7378853784479962742884585215366730601890767249988831376770800431422221813451, 12129857956959616957569026799604138421236471003849305172705210610801955696003
70761958929267015102383600388611072720636434794407987389189022663903327189459, 20298766941038672509487562323605421372575136200190164333276158109393123469681
66795172895486151332955109920818191111373658272213893630977040626331915259303, 73413942179515629807986241722425307098179520000189478822772933661899493159261
8971607072819745356243452458912391989509680240539097624579639646945758699340, 23939300260106409493359175111315262837829924662862752820652443037974450361064
26615700495648404313738046801013885302407806849915671582882525749178819529028, 70745478332460817509906579258691116983641038527374888252545788370949985004373
335181095647595720772068405488995645229263745519842077353166399072442585620, 7840619020877097958477498606379422178036222378794636061559076461842278858091
66270727497802767213641676796832723962182509229931129305213548738692363840615, 40130593323321918943339019949333286459970061808896910450345133045989081879599
14795498563143260319948212788026399081614701063161393278804375473809392242989, 45719320970391720202256644628174645666962774668575302945376276770100575754905
52129609696284741224919002059829490154176246231622742914645734823672749264441, 1715158762599088718515479346722254089100606344308305488164398545909383390818
48364598384774331570367756353269025084163141001188349099170499207136951172092, 5819985032607941807300129373876901423526982889180598587434817764411367287819
48907205138216282213700227017187740425925571141810177771435280000064071451544, 68795656262092838988298305427078337924037074121935904888197084781960279402118
40669973026772124899756823507732524082285596926605053886403348431317328407452, 41510528420492415375502148114550936489917910059755898208602862823620046313745
7602219002885604075449140447878508424996768813443512170127119944640268996901, 10715693959379469512139176566494200024608343421105721343913028027768042462659
21774726920014693887459496446388182008835045769081587563549172609728403835027, 71137550496889540203788371574467230793229119600313260864273573165670375749414
40206674373014227234618064358799566414151015506675018125515424762036397444715, 70842974155434397072119121886006588873450152708497758041884597815794809173491
12500518754049477407175342592652875948774567764876041122298910705080397312419, 12660672766166462728195479949344263004622614334197223940065131682263987958894
52252433611488823814324257596802491112574414889856205574069343282634429114104, 57915407447575252627240904479658084200823823885139312406646759239024068944434
1593491873209667769590746822843377160403336886726005721693874412709541597454, 24679477355760214103383023943920021472843196503274461440893984938181762883222
11354752283891219299337097076780162615334827642147904920115482797483900401255, 54228088394891777937603158797003606537500723068195860161542854400751342094613
72958486641394994751187293894257948099471128703917424365824208714885113656692, 64379738711905297782642263584259801381798497994257144458929243407984258478421
10444226952804650499090287928268189171909553251744835849851522019064776012190, 880907073411082748493865864645710453953356862287007488190470293779800579335
44915944357235920696990810911837559383893261822889297056626742256222932758571, 33826638456997440652238844211603148666400380763964365736793487128406805750576
191320886853826837724926537972722579441645578258155004176611081695198434236, 55642684377198646747340321390000167329174969333465763483769139141194557769535
60350392092800976758078457913585952582889911122356603014367658480702139300668, 67797718634481338529995308811375188300929305495830228022404092555342256591466
16113679420829131716669601966526742885246888883879755603799865558555719244798, 48320387331780151980135178350532934592644480860519838618712858735460440830385
67290541876438303099357150862574215119958036418437437173139705806782542389808, 9894019027361121096342740464287267343158287270317986940896285194086871774006
75903865820749537962732139127105600283326590772675801379464289320986084443239, 10359022692397148729781940020245950058078650439896204004554051604101332228252
48932857539176988119487787175483689184990943815505763564229140380638233157617, 2128578523198340505166043724339030000577761427873838220014596537527256630634
45274966683456838760416041318945468238584135856329129555886748398757921020147, 3113890295856391984442966012091816639712811057938209639495832327124499802263
6299447472608771480678040632248417971817781961994574308958568891402027311926, 14320508819592710510183572302033323956137802241925966316505708483259304928702
14039816610152201818538688460292581897835346142001143245839926456492928645576, 222102296984708054839552223974590998576365477099212643463935720408570494896
74522117044336793136874958112883668622597843507086210882127525869441909771023, 56634117274985109171489978498416215810074789873173764895669040059362369835035
22827316373360544359015467262752549145573907357012607980216873381385807141646, 13291468044239789407648298310670562354641954229782726495083928685719936878565
14869918268886259932613114579617073561968870845987798093504814416585627085565, 23895242423717094068855917149879453032479248705918019947159528623835938674234
57699299426996055571308518299079051930635442234893035130509006087830451279507, 15854690545396432731983036150000380893851809335524005812539915136422779123025
61981320981422597626737176305341393618790288891267578006392807154281991139093, 70288076358442206948966303837186401868726142413308622041980487401036560247057
20971337256323357776478204038019235323451106912030447442857835983303647256498, 49191689890781159562174594463651029254617242080760213555703530833869928918352
56187540052597934296917647624933396127114106793381419577626406540973611454449, 28447808465745649398230226720763307054168793283918347570336272053454021668026
62921269174919552109999636243463189059115995297922880761150427035789552764109, 40098091576490827192292400811692188809313773497853362917926535412405545898099
35497017094808108918835524986076970465743449691444414303191434375975683159121, 57086743980784625577161472651643546669436744373712810211715595155396389229528
9926313561075322368701465995769243633687931477589548053033440342381317479812, 19429949558027623218907662733828472637088243835055984361310830780844923737824
41916995892773980325423537956555809162707489661548905636728611952061201100969, 24399386863744677096244347373976280649065069407833560144131982329261418461696
24731874067694435691706254942239334445020369342445953918394868049948438401292, 69390854205398853429179324390321091893919061664377295626850441219431578531881
13217441727922539023948103617652604670778743316595855907597948087096580686074, 57346899480851542553395953941914265393372254576357057090082308503559675344146
3187999317942217332507541816711918893532753975107772275825476019749697515317, 54731658520305848048146455989783906888612243080984957610724842337829746865230
67441010827614748411251440059380735923834905347243026845083850698892965431807, 7773624003182661769722819465599012325324276587458118353439344786994090263669
47708508141173632875110447230821171239906201576209360306122765655621812077103, 31069420349232268746178360174532685701403586089923199451312750488573105817894
11488224632151872856044528167961546473862936103289190858304275797131478880821, 20363900330963594936445194139904418809595138320343326082277155970945512671488
30158806717414330849888432855163956500287067360697968726749072356390041564061, 39106663228553909925343059358835400593140919388054745964698743594109175046298
28850639507716129684063110881359682532721701025983662372739209357340420273524, 33755018669708545381855830557813387116333514113655830670799730221204786911588
45341815818680884346478780095155864533815614463681807266345691438027789613472, 10116650174152184709100214785858518051141444624577579346738393233305418308882
40652075027601798095810845053681532530397693845370912711287707302416440372226, 47805911090187118251015672799444808307899589176990938064482648600416354060603
71178677850379137942859433669372408384576343317920883356094858347611295128506, 20644046051356680118467829849041637403648859705966277056609474961884059132886
68336333163869342851867794703313280930509801591313124529943780469384063200706, 935207507167025720034083940052642067055365939876789030435407786853799074627
48618230470349814646642941625591651623395154362478852183246870236597122027738, 33098228476040251842797211686087714446472179624286657712074606721632374475439
41225845681911901610312082671461287988067067740829762997451246723787654372530, 44910835025597254181988780436792150073511290912087942098188771856019628532377
58444835637891630788465596076703413476379401023841159845393663509858107119222, 51083678784742533422221240872931900432190437608155328514059749687532521930117
46744140550522055692503877352154969533992170842073546137865184954062120060749, 40305359305016554998722784475015026514533072039820199246751259562132513343775
73800556742102621042975903504562131837272734242863269976801806199676847683695, 32028932632986188499806660846703874223462847369640228819185405178741097322463
28637447671635901660254137791457567392489984129223378145322231872145088010707, 18674253913399281119281551873352332851725399254704551098993084442397556067236
28812903222833494374767835121040983413451587010029710941160912435310104967329, 75229406589406918287042076670145845945449633937068113779287045895361583586412
36996038440783639371020076465240612033839178742568858796212112722494073868969, 11509523066973728225483162410781909886887949958755762804077820943244729878230
62818160207492172611333065470251087108739820245579659149309332255001631620553, 26490983644204706290348482886121898628164872841755514304023304703896722660331
14921567000387370775610729360416951455736781380297220251528079281243177745787, 25316921552903182324961128430556095590578846870273881966232743008124699784006
63881470644222620952641215027229261993347832776031522919862167708792079564565, 51514341622460035744480725314062206729594477732723806066065881049192701420155
10363913232578606868399208162025848552495763097809560224214668375879726388082, 3700607538926006083612097546549201602310476477996995676248310858862396698877
36612827199785586038850873175426725888935224832859447133775050514625396257563, 71383244725088378583706357878679298110995599762606466982859420765588326632207
19784645135266323937228675294705943202426098765900203347200221929894944603835, 42009518788459497941104353816238249127612947845231264656691661542924552907358
5922104933618747221759819340095501633778410445257908150195960184899850383256, 40398446067138503838875430376670619114365441036067730427546314534391456191433
7693127636828815188142476444579291548312825697104164865830647749415985118464, 46170017184693109183800143959483221185794905149763153864689802203476500721150
21933113995544277482759266458588625978714489293223518833958222994925734335971, 5869082446404499948342421932992939778106228532762222717618341640928866294131
21354832906523805011472355994131801286356734388448786088005122653384140846013, 57220047597635054850009388545234750213937211376285312765642887030276589893128
38297202973505596673627906917300340889406787714845870829048548504194265787016, 73158397727696264064491890151493013754366460671876846244170983891262521970677
1662475373784566050220175545158234396561712249723585315061444235971373231080, 40628767755051874018714112598974075209625974142190797702454937094537245620432
42296610714154966693088372386638150191164524693421475977465211422947089687760, 17476438250272392280589374374900769020640651709265740140725633925104147909840
44802693019942678170282498791762699403095559666371644775618659446529090010305, 76043123980137718941361588259098219408254689983844904401310077309983254869285
60971953040231980747220767835119672204729370446530119564170703176580332767808, 43799025752194417814150500578647986269074489972365087126957008683986288672828
62997392630710082971719726285463205153176900518605613156064667503713175269997, 45816900661417450459101892901325016807952618401988746573739703306928056019240
50565734253341808648981869718126780536075092261480757784000444640915082336930, 27706593695179907895545018702935926587736911975861091589425575910786251543073
940093365105642531670363232766980558132393210803416072280981292529484477344, 17774406661486768276562567021920441442035406195931188021947670549461580033783
56868650045741588199006878588294641743721279499627403535104812327576672657305, 73579559527862375475195565134895405248528798299890758238578561913170277003415
16162252314888400008563261931145531763350834630261411040145642099550570527856, 3560663421048090291320416855624386128058171724276514019844554680713561257868
49509531140597256320514065844116668632265100155631609010110588858378721027021, 59662671186560715453006108167389935012563636908229475103265512665828917355691
21178753936755042591524465910782011504210281700619357571733896346089148616008, 22566699788462440724995961589080109882212183400906946113088084089304840582711
70063887498860622095805559481286499789407632986809991710564904196350920483547, 46930098339192267144201568085301769589191560036012554338044896364310869642459
58513058329158378755420621290190481416749159486019863867539392233017605566999, 66947126993941736393135232900139620330602325737984949118465715578887328243120
45852226509380835659060730149793685106496101974607631311427303035692084923680, 40022867617777321646676828477774504316550986354868115262652242979645163002615
21346825183054206095305231624619789389234106467180396807258262758823177068560, 36812355429084639166484168748086136167526349369019371840774370782797964736584
6863752312632280185084396250399206250652440991576608984579717899107348561437, 28289648552977218079919852329258306520691947832353321737543601563021387267822
69676968357410860305214993529443954706786582023584565944096106968497077526877, 8096504457001858904290140387498547911112967393114485303511052254350596567488
8037844057674366256140273789205324834050223389370901772021378393669567944906, 58589517579023190924048509377170818636604569977036918648566716653393725678503
25635957940317159298567533733041857135784629558934299135430487641883055838714, 5730929083199318453497285311937299214407578619858072435869127097649024054754
10082495854472793248763679754874718248434083464993890030679852752424166302998, 52433881667303812726088617385400141201374328480445416617369108647117339595836
16049792322573698223633475925310038230736907288767950880836080614170286005277, 2054860948349030724801457126154335380514892220243933019839763394843721546870
17152300846140662315265541277026916532676675616798730900460712909183130500012, 58722501111508434033482525377658212653833037386018542516340928317667282678413
58005923758346689747333828199909038060178516382220987487606682644272562044468, 50721480615370053314576157775690031825858699749045249697513256269826263187732
47372253828476057511399808130367274046974999308360099510341119216475444902841, 66380713009220121038669991812822269190742411509751870523449166483208722318100
53046516574267605096243427335579335289022571331201389014974612333819483288307, 76123302215951196316371817352752755479285328673381478533462049170820455197403
7599138504462950461952714474649119612424720672901117945530385549151031876982, 59853240243306551481601752308801405463372847830336730013673500665718527685531
57116315558514477510314706954106446239709626013953834620227229390371904687302, 1696577362037255075003861734484208035257818278731538378860443566472582867281
25837483898127708131189872501564782691638102471206632260378439064529720613436, 62614854279673571010823851126719465346331885782535525613133961782332915363397
33692861960939139777424386628714012829934619343342970250935533783374627054134, 40973842027909264084406360263033117052264123487725508024852673587673903460021
6925564289930888982202304346732965820550543327422569389794851614459119359009, 17857799179908517382480486023493109053495134038120908921700679627177847762430
62230380710944469714857512070807325075586815591593531284802813770105068715209, 29524394380608311102331768781721135393277057077433910303361486909616712467334
70365791786221593342830074075112321162234376857765345729003017760378299023525, 36936272663347667567990563572063479453592085773835142189204576789494609712326
72498516549476901337034218756341548061190951417464034272526955667959674492448, 8333955876075585772883301161781032392801982981768278386308761131571564670418
73938143288561571969099978598184715457625637635979576435229044685324703709980, 19623885160712829786840328775786135991600279269207554371522255398091450496370
61105780993782354262403986899077846508145418941866681208955659838547582336682, 21876694070373350485596506005680383346452560585034117322795459806931705663448
52565664938911744837612655168624771558098969660848287594501542773938496133112, 20647360143234144274611508725760899861852842124035358990727676934244385234766
5522908880797985420883836184597379604472233946186149795517934528161683525497, 75223739639259224120372814025980155855705120598846494169630695286257922193733
67316027263146954748635716582453369006581835617012268896912090164442575381917, 9353610856751354523815548976331979023944407449687607951068171193225053477103
5359720629415449265646021057913247272186071631026233077032303640008384817714, 10759295558589374261157754940480269429902372704936908629429242135668140585674
69175897362229196502180518411930087286807454079278299952225499870706903342489, 58893792499765925612903196871789063242980349619453739966169023984045367813586
53271115920534731818130758249676141628194295919249450634712280998348380325961, 1815421250926183199879293168746028662315864393598455106267387716023831260287
11684269952294017153925903489955561658777646821240553942232947144189323352389, 38851322521350488586570581809423941057123661034322341587833127422182132371301
19915435477951360640795558647872457423768707767522388625782693431074762865076, 41970543824385778254703336084425901208939417737068115653906771003916700439277
73293822347548208330563573203132912108797402874721097906914511047063722056757, 2873475122854045563219753078019581091641649135441385086693850296193018813965
73196752424713224037668960595440590164947602461548580533392902703861219767199, 6483965078396687182300261534752525035451475748875854319286679923785210992128
17081273129774550682280695803358785521790825469304516525072332686153483092434, 57729192339385728963833320951185772678415616347569762873945177384327866124525
51667774249936635386541017845406765508572581744097006860122349541305413849492, 5655982414034833791915484590663224783772695201639546154891268743169045826463
33263563333823124948818812407762936362576655942348231989683294001009160751680, 74867912640707094641469363261028947782949382148347256597682480923507587842723
22866347841303195271659481851483229431733985133150563501238657142376465500966, 42380225629205871520205512927628451313942583655046269799336555489318277172504
37369380109400066108018713774721272747919782643147879384688416168703654785006, 66610854917222132093957963240985768776570877469201910220472732269548462257412
1461598357331178112928230935364882426907867007845834364144993914350010212663, 70922036615652742908149459074247672158653443308449404351844080307648518103997
17701818233624271168957246044255890305340384244829599529526941332848855408778, 17918640574458727995601138179390902462448680643088958589437438315840122926708
381408913145169164619627296167208956920903873916544698486321231486119498453, 25056838840363870823757310945937987519146631842321223813653446213716486441864
19606504462432825653059779293336323527010144402857446377957540461267229521196, 22724334021428431753969587412461408631729034654880762173497516065763338357907
35494271604449570914007146520697512863137440140391439461343085690262818523082, 24817747374865546986341887609164266295113491148168247476041036306827832660823
44825959475244250386793988342761587011525386111062921715957017488593325087893, 61704441201642329068436049636647714462295223664682165907734688195343356166685
13371619800939515790434116235436820842199947402760817237213052399415954350736, 3981484211339065460870329523074954533887691578969172319300122726803303819111
64247770574136497209555439099701084272792459861184147104798678337073246414021, 16389299175310529304058485760177513103651847811157083462642868148546085153316
63850542458555010036146629417337758697321664199801093028815379139007622935137, 54394847925173792442340253458374183712601379631789326269551674214201315321560
8912757267985431320394141766567747024694239992313627959631214412142496197125, 39934436237797743396750769507643373597006780037291678241605459556995210242366
52352447662285465577221938978532748081257540725447933632997575912385260575613, 5751218187183062724107143713851718179787901273628677633170014050459039174845
27629406455611812881412475796027267931947867941000645936633332707867709073364, 4690697681633881552033429395549478606857968230711722581379332001691659108654
25774615187698683228808001264154950973319816514313053559426886214832490988192, 54997186463434505348096320971095581214767888239564450123511866749332300759794
12510093979545740180229514125527579680249258947955076988635440581453941873526, 55750195333362123707908209416715869767829472845391668136379811191458195784694
209122052116345936600327496088518044135048613713461026400086380250881736529, 38047252010007483058976054362139126742106053781619358927375792336771482443774
12751886845217364834576894540223598615452185646306593037353502424372626691063, 27290237082242889123431464204663889917335470527971385558428447766435060985166
35745568830981889591724739755970592949736489114035177943172143624869163930897, 64297604920663245034114772418409538781309790481838954362159457711207562416880
23601501000187856694808611974232248042104223729022516011384083771242261650089, 43555319186754729766711093476949850590159920761868367512172267336066811677196
63851213067419094873627869868203471259813902831276220011346938791906584475223, 58272959968160528808425089362073696807766488290853238466564107242032176313153
71926916021436826690119239838261289213596084897405358934486452641811639000222, 24994209139927645868083247776491073329908653792453038103661152866702971426779
39670898696417235580040192604912537087737944363863846683687478254555684884792, 13321881938084787335327452213595011098589966014130021268451399280566669925933
28431137891330870968240541333265209611288402907801735260283259471548478680631, 60680398117669690647980655104270007193143985648970345793265011029847033614906
9140152313605679563637243586446648743927139603693018838926317910471996212602, 70356024731338709893302042196624920259840541536428913312764269145855940928463
54805427372883946480997346177138661485804693438894968063974681772040004157400, 46308754144185390808998962580339996234812987396816751116219069152795399533013
48635826760685274891394837168556785722791008634962085827455051797579056601077, 59432019401496925426300261580723365351123545433707577271832989607054521174960
