Elliptic Curve: brainpoolP256r1
Field Prime: 76884956397045344220809746629001649093037950200943055203735601445031516197751
Base Point: (63243729749562333355292243550312970334778175571054726587095381623627144114786, 38218615093753523893122277964030810387585405539772602581557831887485717997975)
Polynomial Degree: 6
Polynomial Coefficients: [28, 60, 28, 63, 18, 16, 28]
Public Key: (51378825178553963620895865991604079879715035022556271509797760251259146469965, 31736124733787503991709543576215261647307626716810831322186052749566258423422)
58851642582604885198711423594102449505996617433843995773321502793815095814497, 49844029887725010148705870729507795010004402713706447202294285862171190769760
72581529276692971178137326805480576650745433674908838905222732876954099764363, 35586816348795726841544857960805260597293643667232616949319561353113400265524
11925716289005214774100416687691770353233874157872189452774471329806326744956, 8458590914857764157746883827112387203145547374288217080146837925194248399228
69128431184303462222970049459384649336564930043232614429639565162355516096664, 20095282030423652938599073916221852119739302806538566168355130490976651597844
14338188120308216780186622177478137357267590019059985513494230440293839778771, 36185398235453511811183229429303736855236239317562132138779088531663997861577
709008156780725389424149688613137138755577332296991283956691278145147150276, 27782498911752439560476589932521797679172897978867241798648849422227752480572
14583510501456680270709720985497491460216063402537444979294947935894438466466, 3425586763248805899335586084468418915459138394474798378798672605757279446144
50796020656727658751744820830014512166999717642392003217878927410873765823418, 34203227782252107808005241706872636116271768083868033593243912134610344060509
26481853731599203462281184748973380849073135813530552495131977057422672227622, 60484608432761851228897735907443734338555228067461365372620122590007240503670
52650891507909675308788850925153348770016456033693926008001781201277307379928, 6049313430466232821415463971820915990530966065543807572700086765326674088413
6536843903256776998336341657879860692541443467233975812876739725957896015846, 15865666331819065745308030195246654002069367616511483641752704544586421691702
23228731134689079126206601944152700056567109209667750161786363097771318649344, 50336081775247336307930357582651824780788293391105738489350795785482419490060
38179427865987686149887529365253702400748035369942191255455858245162180386531, 51441533118820944223569176816108128444835322227535349804777100169987335651165
40271875623943828127548647451231433666513099731041446163170422913145889469098, 10714769868864687572618415489742477680350827541243714175865280636118947654414
61791890752893849847518677809758413288418925252347691700286125830444957239598, 37294254239912308550460689890202245059034619538534783403548465661404050244998
27250415797508088804006608437129360764454560201587312916686329946281065007107, 6586797354136406870471428710751936247460893048134868864326354664965134401233
33717300422817575714989254397246001369210393486997190868657377205703774431559, 25955136986380886949524563908269873294308733487158448540154643727403973379047
37071255055612279540692565066684983944229526518171138525418478983556636230158, 34781096551670855475746945707198574633884309387781795788531142616793583806233
62973311272081591610891470242324005873803774595219465016511594158846148093434, 71630302492327771596094797125915877992804407007669864072767645081283122720780
58083288909088203022793538501212032123309309436802658814909437593564376333793, 41219635182579509157405333023850340800079320375566468012113715460601774975970
56997224075882316981513417046794020875167734388271452681882557252980499223184, 56047179238357573703487135352060346937479195403138097565812515805742904037116
8019448919880893405715261866478599764837172638548489921405175820070915887836, 61961170283905401937021824990320986464814002777312963563828678089996547056013
21215218952698858092799232593824752181076036273172646133835400622813279038889, 7756309913579748715103739664848738361858905677864658273420982069818716239297
50223645274620721506639861700176025744130140025002841652896701924377580534885, 72100729659137790617482958669581164421753672460662626128050138474427057761179
50797064017752728582948773150385112430773321055081564022579128176900766488124, 48148495208444696856960254411968919033674350261647883710989771357735591723405
56283449112370639747304120920974665153366291662348594603980030482904633778256, 18048901973584010159433072617355037541062900243877271972375222917769377387681
40408692268442025561977870680029060313282437411860403967033013410540358355608, 18341813819117418144711038204708117384957303658012181180581338658643270445670
13186319121133847496094231541216280020085185230093470326840676304785572108117, 13899292804854996987557167010817837605087074592153107756121935909804999796693
28806679583211817550089691977215412145853365113492014185159998649384217703772, 64031152280041860277403766897747424247987052359450529301087943271854708355571
67298462462599356841201587926228827295960914938352203687616559659822630644312, 43308998756305070651997334160213811191315684271666534932552189167465457132738
42519683219112724134396976108105374461781875819898538647329604071935212726238, 56504035060892055105323870376076340314690115311459204513106166493049928266347
5114360147611189224601378581616325934216991695377451933985317878965501970174, 47240657786603930626435214113674818972678401608983780217543604411799722110993
73241191060561325334566971337650052548477370814039295931924974683152416791018, 61260238810580182197321332443533084376682307054507047056364034752430458054640
68723617912026002932062704448591697844245472147638563527109788607308792123433, 28952426105310452728110621160823124412890035661622586837113147958271228357975
38648058491547214979507436276715257649990414396706162158001242252909768053421, 41385469077591707779479164916817359948712610577739973573502189234011686959808
72702736109892701948185167440833413031933673385101106017336749047030649621737, 49001865798542534730510372708587922934456424884582114330328279120337671457336
18084020788019599174800275017007663673461036795807921317961530430261252206665, 9013356382051144006778704131760508769873432866905582573838457774630398804518
21352616263345476122733515287723663812625431347105934012356794933233863949005, 34809762487866896321757475003388294103357943133219005862188456162167663241512
61338390902051264778269814317154846487497607361687717387155807392145987120324, 32141652131526828092132542671325404534728858975813062601299899959424898477450
25886655170356554559932466051029498828911725995571184920612191938258436248481, 58496815302858651890008693328429555685883067781728646027720919245651946640868
14476775384485907501044040684961271054832837434159248065532609289105122949869, 44492510934491688246856558927587126735299840216969648706104985090633034723766
44858894554944415746166289969021059872628467016585967324692152536525060937589, 18384110482112413157779589060012318914700970637327846624622664094572418282340
41421889867808707028898910627795262076401172912691813660455322912969010359337, 2588635903740609096890057739701703932428300015560732033194891376411894179544
5648769073101623740600139559570798996668608770281962625707680963491274379682, 70353337291364091309434233231369609385104413819727561078785781320335122052537
21192646447379886090136403145197241266468390359501041637726777876379185359044, 10495448761997502652124978439493375832813400853374334727538648289363564269714
7422556277652827440805918265579408901126446432623708616714174096333168484171, 55602223025604990756891288462661078168673588983967378220331698472221605534907
16393721597120738458237299874498385839136090965238197667501831104013492755138, 53971797221019803384639212001155794286361499885473369950878999230942374585793
68895415023100361503298596795840939754002692799082989479328791105275371308856, 58361300291399193948391340933224188988946463952722436872216404750268993958065
57101742518566824222685160718197343832376194614110188147000399309574306015273, 19025020517194509068967219985864053640719424453216018496310249717432821023889
63038327896534080652370093874834149579317778864249082091562602335811748349302, 57120138951296617845114961511812658786535876293834166436304983615722527661497
18275528361845085545544481506428900489137281149310106632820089602159006981663, 21245770983732183380669859467187857115061364727604833717745178049463874254712
51331931818612433393693575554749830838037360530409531243743080289375473796628, 34426067883571373449901687632620712106338109954180321045938171452346807479402
17420285890156882740912865202030512386664117830739544929931367589117444374788, 53033083249636443372686916737936626751687185428152731523679318451155701864419
26018955031016048981524303617918463996416311509645451725786551681933630704548, 37729844085067513678422106143748415310105081079232610381038329002927891764428
70941506050858985865283017618720065005878942529813987828750742401252904098532, 13003366160100517398668922977075994503138947732262767584936471334390659502708
19209738926284009492198414331311027704494872911641274571073094713291570831987, 11792558286519193539088039498365818393970808127685005954171536193454442124194
12141429502651686854806782274375914719860381296765752055642991790916461061287, 63998518995005736927754269839348652283330935492760654087998837297712392340527
30928800883344339509296611468024360608342445542606025731248357895113398743131, 75325460985003720807313728193006176519458434537057995322851677471737555292824
51909627228287037804896816953512879160303480995814917008974111304884116811692, 22043436815685853280944414465905860114121706795672414408030487195187567896086
76360310072771369538033998022589816888252987624227122196292907109046662139897, 7112859814432606630427332913953146107364504029039347988667885490202000788276
72695170435359547017013010528512550847795561167959539113976656892763197982286, 59772406230124477569013690189677286477046473161286411043569103898491086219058
56864288475097425418270389735692221611426890245094654878628032086354022888271, 49538810946257898487512556368242155866434728055002570527507868252944835049129
48751651328709989347417559794021932713868260069794503498242720901694949015456, 7189662657037379037093778973440351904841136728153743065325598683870674504999
59214809238495097008094884463083179599402033025043878017897218921784850427662, 7837184602648281937130469803040071087769640707856530726181795805790771206750
62553011273792742696346764749152110125778859868487795790595615730901154638176, 24428404004161579967790954939776286192324409017444848944461291988986554711006
30196333361820398464049247454463034402256100349396265981651431449899653348787, 75125043897653472694550461654090184479688307078808214401678552524496542399895
28086831840449285449492782262332608180884178456169158141770566641085855654774, 24505127402090483370550733022223822228314945296591467201009805890676700931981
71398395843780947774283573730928992333964891550327834376801127085750040282617, 75701188630637177532804082625143819352272625881818832114818461987203025862672
37858800273991832422622044962435943079318225940593352342077790859835450898508, 10702272677364685641547016407349077912009248891327315981545777870014069536069
18081893991451749258413786143584096045490710563784934205301327232534278171649, 44755458952002698358540864464518529794542819460665119990920174599197308617307
58931587917899741631899216984336860786609825218128118482315248179557593454969, 1042012542348112387463232593862042019100014638136350016729375696510775901046
2777062841647607443189835133754035224832323486805885137525292514906684899502, 76423645257606332907915674708731141122003345105559997840922366727766156910479
54814472697722709960028067730054123912125714405522512610930468678410170306963, 10718971656733660650862911886944970223841313263917253746199697106697065189489
8322725452077115007050160799157479057642549382408123799273835788628046476217, 26549598379637161415371835578231201770235340563136977785017232376484020404842
47182009291308995463559931582470277613605910215136243960095477058269205506567, 74323160904721696025433398214623413560532724173851960189778444987095334398582
4258859785923442495951481999737700253242781209451649540081802094778466079703, 23198711729007774389763137823965798783397255879064038045246215942579517512187
36898817416246276256584818046447469494250915624292144744820443545997963663581, 49060211506634205933075544270646379560912033174534327734888355257427926047001
2280364875869869381411425009374717259562182965179527684165257909987393510753, 34788697289554696065150480076806133305590612425457437621831208965875123261975
536960304684269915906445012313128553632824381219541667239718516561691724121, 63401300949210189745994070578561110475545416241964317402542681071906926269392
48305482312084423208348848388944265493910527024639777055312296648286237069513, 41043325000271072955814472437495894824404373894806501990994482893082163807971
28762707282608193433526738981441526080736595523330374791591324882818155446054, 4531204967127135590068362756451089972228589299574611791717368562401540875338
64210947994769765410437396952615483105313873915881426446242177276518689537436, 23290818290992717404229420099579261351227661539001316686488049714061144032761
18850300173062671461998148518634977786448537702201257443428981270792025736555, 65806010408999997161704814529505765810874313404434147082768431118087581641470
51200347250488745613021098828094664794233859561335890232410227658446084803118, 21742804203846405110696803015351745962836369819308952773545161994059681063650
38983226977109649580757422107261816990363819874165873705833479485801470673669, 65276659538980883189009018786353783442678060301884716848453153886481514488602
48686158486154411772557260271335191958330743585841632897279116956511936990007, 37027065351940891719786650770603798955764791017928975958066904011079826439755
27102552415575977801929925687343809096445047416329397866549696061462376016760, 4403311546158971875066241553862866784694903719458807198495266063013398271683
36934062487762515109066616603616808409340209983865166973018543264692414423509, 33775025167676717755249775072181307196061626988590298522506468335868874358311
59126372523791670037169377121764791251211040941737072098387367284068986670475, 16585097895559975755584004981497097148684731916046551129140036239621281809549
66273137537726465852421120131866347067459351993717744929119778731178663298304, 36168952759919487266230966971197119138308341374391461101665935293372850938255
22193130066363482016740285597950990340718938255853668666262471511643680303709, 27602909547441363325213290351870203430678091046806998072797572079929028462230
1121230966453265288613492325701992571254102876168357574996459946472871458524, 57078143821191546554073118683296447304111177917505759165120213699714736003144
7009651514852921391173023568715818363703622955199673255139772138393778226506, 55063928642558316728382906785860098839575948552718888380796479500691884520579
72385985626020586779647505459440647361080842263939697679193434852323134003737, 72189256964342419910606345936964915156308788701638554438745885666945476478212
63767659257639701382232424748798980390112315393983607751641475390604919519225, 35034315323797565966938257581546250238025313799480336941028997839865575880516
14120872079048446040467417813658788100461829948979147375993475831906403865333, 19946214075792734784145379802914348857361049775191944395431459294017576829803
72392635081406642370819391182751560538787683638595457521387849549376231499390, 6653843533782126729551456326072928266200179376489993480966546020499131052351
68243427957733908274533861294072672827573945913830636443731508422220319583850, 39546361151934068023789112591282535102868921792253494686359853733329531129636
72143058154024783210448023215254598758799979438848679747763111079713890782216, 64601439064531496368256592294555385110815693718486129804718332013651760453883
64361385922040369275780791822934323662475223880929934140354194072228407673678, 43115096435902264905116598944903299417111463475470453577389400315522126148008
1620136343500478708214378419263301462045279360097250222810610036638723667797, 56272897965340467871434171687763887750803813110726538639887195539655092460586
235640873713412721903765008555058936083778768382679477456092219137785619197, 48210103286955811078659907617021609357155411737120400031519274211057799625120
49547124686206243603823798215586241089066789131383771458370354215380718713759, 75660762907286481198174857112937704012784220733162615743069100936957199181732
69073465581289823709535709656211645575252331914414240731150073730272098530469, 24139653558523601850009145238338652284810527610314806846603202254991933865108
42479847185679789372622791852774234888797849047179648185445907658495296398829, 66482372167316162867968049731512912650517353342487647601035322403344353334404
58328919251233441490879162285450492023831965475361777273907016098303352797603, 28203194769249101848325481583626606559211009697228587767694756036337726401489
72045038892562777759074352942620548305357656126130959178830649810492324920165, 72396873662482017295671076120556525798382446741420222260372916261363001092959
36166387097206110452866804991399996826763134219913676391650190565948951387346, 30896518250395189375393358235742043260972535994880466494198771524398185759485
39062131008064038395572640672098544769393709108928507513344640221550424040866, 65571534521489882478943432689086913937456343585336934404175598597306157934840
66290722894352317062324145428638520425835668060719753050290944390785750739526, 7829911864280135228555331382054196495358076172375840557246797415940634336321
60369530797641976679041872788196429637265985421895611422636600030889426490511, 13069065300783146624987842512883719968542667246985789061398465109741598939004
69838212432252632785609383344129913723133440170906297495372022894321892315026, 8484422540766104730358283626715896058179166704096461697982189916069422933777
20474166913794916379435878557084129394681887599203281681817906670590114902753, 27259216334172055074043002647890008267854267073222131815335538777604540368303
18153434713456544455840120301859291287769716367655146840654637189773266467813, 523377228877288559011106231427819584251136538213120881176412628111868211933
4592605512138339044370640430255167598122849468996845603085361562548957851998, 63133086851787659312839701321228563227963322877899456640484619843325239566133
33679069800549870080268281375683066255346363181640900414430848230210526843415, 63104722766658665329309282374686071487364016311450899206275055981389745991756
73557806474330098053293053321490104930925961803701806591762849104850509328468, 23665457424471085584635766047576498957641318060232894982621501100746946875187
13777128670533384596463389385545649088384631974695629242573842764405706432497, 39772497569411327460880420436832912368960233817502997407130409014667353526915
49928358335977371480663300506743265098065157011338343785399823697217692465339, 52023875917448976532637520530034877337251860816006233617529493082673046814534
35161616156627180310687657617264367495908487546423293359619271795815556956061, 17643688480280732154989681314987252235272165087500399212967221892826475164928
67966684648920292612584758586384789247200769795998490845008089367978870775659, 6279547278295147707757788713026053529654793694099775473119537501075576961886
52822763414276949845534831044257899209367496979331647137111563725938865040332, 76266196790168760082297408445320396199949823216687359598942130167120454282497
8459960052653158259369522629677276854457311753199087113511224052425126777582, 20421635907915712988966289968781442021947574588992943588426079529354450472351
42101840077129424363558271665151095687597527066950817693550120919206467883067, 57649991968545906143075030734333640638422422840427435460362486975374668850811
53095555143833384377016865131058681375583148005773147205995044461060597293191, 66453026849929820293670351587995647412351271072318408783124041368151758008409
30153840636419827237156719821785535293246753780226120355464310848739797583744, 54816089921601929625337002991226031033720386492885939354663516452994426303497
18254409633092300233100482478135262574116181120449828527298179233801148923446, 1725412365975871452162371266685213781451323536092406224711487738760252305947
71495462552082158845900908938973960988784011231800613190910364330328082805128, 61283461708018198309070848816709596052914784450064638894324860150057524016001
59471338258607123815614945210065262559675989085017779441792743464986544538646, 4988008063936101839259204794334080348742837815472150952971884505669204341774
48240550455032306193852989996027417883457546382119757487842705979345683276773, 19653640672640658324960835184727659249150679547847872750853659212619367657217
76832881021463767079093081979048258722912612648893546120906694309668698028842, 19854416201252523088153915874467659718626740314945890321927531678828814065300
16024536035549645751683045961248568872704523015487980331819960497712943099904, 33639172265318758743765975611634077239493779089246187545714132092718884115375
4449372762279562401202410508207598904720818331857449887688706911064059534454, 31547150426459086828794417011493378227951641533453820070397213486613274458320
70986062637673458319350062111197441020650551336004517097636988030653853593558, 71333878175405266356956653551774686835410233268706059983115496014299673872689
46945570649883136323427457470449846288208902459230484738438605159264392414377, 60550524711164062693217520387909411198636228695951068176292513703215155046161
20663680997916546094223698001941066856509216254070561073225816119362097260323, 62046829844497019788219109513400926433776020750705246456937492649853208156580
22214184696187919710920602583351378320773459470973544917654269354607890132060, 72639819089964259850760558161395719690160028420458948165188997292212546513488
38413672249012449315265238926124546850328931243140309420015323458723945346983, 4270812858919168053939895478821538395187643451252900291970615742374217897978
11062908391151375250639443179195182803055837909847625433113550624764129388326, 33215503029419853660153475792836479596702526437660081443378759544939359368343
61029312761797691213668601884794471482400582981389608100236341503548780098015, 61604126378240927590485413155773370401532686406077642335463529125286088202488
59843370048947368830390125596009946731756201890059630449875132032140961667855, 32869523320053116677449553408025486841600648869864098935488452221228661842024
11490558763248253788453206381521750618766982695818281037088007234302001067858, 32125024001444053456549520328837443812138352772640016347835212159247400797705
62262969680620026150423670161586106438106110103319306602157276424797890197869, 9318378245502622026665030059813623147573588338580680199898745684385073432908
3453656638158856420029872251982357198443933794102328328411964753555244172325, 72770732607714631050525696030642941803874799820430168760313561804718584294696
50236646640155402385396228713412635955401851519234685981769081457561802710236, 59880666725111520290036229875435218601480356750293281961866301360547799387356
10891907151211401333621372150043134890233421541728801111643214970920951749650, 34330101650848344497821075485610187767826191173791164097930029754594120392795
68080981995181834929820070060992485571536500912986587425386160689304981936898, 18146109220688302025301860296605657423775625846876874586285443571600878065303
30938345645959027771514067488713066718914524411999690434811955233149020619662, 65011171104972470211022672518758340509462355071351177260162512704241476625186
46514408592722420952288157427516572762552614609534638776828628541232278336762, 784540747998214520556133758961995901488476036369404139643565170933194800426
24442923794511304506082353278785476954317883581746579721513227036819044848064, 876816764540138783826079751864571314062781020246849980889805770463795217115
57106712818743343945206652863232240966055024483614414683843377101798238642463, 52711238025101932077576773418004918371201924133449643665319588796952728817311
31902666971881465087909722434178797236994791708125925554386208451432666451918, 1014632294399762654730840246111427517942081186619590718025439796185721183782
951658911772074074687852627760550800467218069628442982586422413928325263892, 63302394008869921642292957694500458843966516762983848784736735825362459030343
45420028171434188115758311963602708822941542811929232474889927710429768361250, 3833489147021893364242397669970116385646906749347812288954044186879903687443
63145109465028106211153841735292336657226543152309110101875484793195084673940, 55521485931154740016153968476633436042421969009405045744863702533811800741288
31852101943967908019143318168705631624963327799599093662121807612692544122693, 70023550105621172559891341452853577833250544043362987335342383398649611674107
66396635304769777290560200226392231195161752764859760126875312936776283263274, 62017990761402587233907027176915325563714662278564455097813060764464029288170
41280568938031551309003498145573910862899917399937334654511969124135294414814, 21678088151122905559173948204538763391312840606018206400025753489671198938476
5779801762558689392659576202913742453336300034268454441611842639803575482817, 50210932434082606768002691521698943533979183312626770872191860410177255267333
52337249428134732592455426823316621836851048979296093972112226740623366547371, 45159628189930011610490295585018346737549867274851161982083328947867609442797
53376471112399815357905173196473360578583138544144990811239041863550878235475, 52401964343116949739932293311833550345301032433948862070751981212235725814608
46288124579049097256780209230203066213637114019995313262640276204354394746913, 76159859565203439238136477090895160926031427504817371276913685570216841614650
22431893186505847535914966270453078088356936870353878240570252119947487082979, 6429554518190754011292317465944032098739690047968733368037359965841399474850
67642671247077404067827812044825782115709354718729806408689227191672475269177, 8700067158119853226901000040100574520215300814389901525342401548616854351721
38397644033213561920038729191680892873524229635033037889925116933005292682395, 25755447564442748323768938285503197752680612405640992682491507039339370240952
74550755974125511075850218926967297229682958278938943397327148774832054770014, 71212066647871562208706972378574051218599227572459010319280977116934970919113
36185858752745630455918310741320780530035075718350198973194460276767368313620, 20658020946068235172730618104492155299397913531651811247495925174893501556984
17820379316716457904552757119680803052281821678625286401636098184619704008554, 20829745176530214690913858316926286077501472675566659869861416990714346584291
52672805340762158576995518470564723350462294772728682684321842456220846844655, 7071897260245042090960846245164180188745764547887355899666915010819365848326
41841045409450032823492749999348819606330079646143860638388041244465884203798, 74510074985850334602857215315336755595285271086478030651087515761108715224216
58105558649353265782707144238589256634121604078139663164945876002888886160399, 6402410001672858382363721052861985644009624180718902678228147331083539087890
50863749977219417228872696143090069508621782378549390545326059976076505399977, 47935920359718827998732843001354445124351799912526713690391239659837678637585
43614364843220449186243729941091661698007105780944575125875319385782168467657, 1599863669596276756463303990700584236244553905785152871312692748560961899339
14635979202475530672509778284581605193536378859901411790311907954656377551019, 69102709728764449437010326399058732104870791875039287623119413509543891944497
68905689994533545060560103826246606952897321111443353312925735932431492162986, 21625942444979434024747680866850763036853551692736894681401457152924776068585
25178777871506895843892345976055642826660672688793091965548554483482646907380, 26501957935954255025045817784563418239451124485274171023472098597362649552940
15823794057332071798436890474069335259966755248092255899007918217722480494863, 9007789929168804612176204168745991529436659047201387363776363701136702039840
70431257701311909793265779102868056730488627624627553811610208089403676965020, 28535965473561257762425963069497548014416607575697690668364327267707231571625
57821867435803842438810551139689016822635992798497005684232324182990620831264, 447917634987520216831786642836483565160169451931978545139506161261285130938
31514748464876489314101365885122695977330436934141320240077600288833854483943, 33186148003746660566644896093149565394844855865649872318849109157118348251772
65307491346989472324467511247764191071065140763768896663695979692619982525944, 63563250945115466201440990725918859307890869963110955977893418388005707302776
44483853460792985378327908515044126285385985185333068683378356799715060963951, 62661399659546987229460911797104476981399973700807559940370776207175070701624
42752924056618043371712672324872048127919597164435277254243246040909837529158, 18905114909245530040073638041758178435213387101181599128992808764234540921675
76688963103894192924878874356614285831012359520444579843634780782081206338512, 39130317666068142482549572803373337696118718108723348401844209330367982881634
33628598922002759792440130306730568970114562602954474245127013862938581225222, 19253379351070146826166068564634249543134398234449107780061804440898323426783
75165265403254238089736587277056197112514150872330139899554338878382777647461, 43751938425917876929480229342195990294900886132954449336515725077433237112962
24809571498051932725915574325894589346063648291731977540221019121282186479614, 6078963618541472907363028210664980017712125116385407228350482507052327560367
604650184096094382006206175712188228942299900509579983506466872572975428431, 70748333265389465060124382911739580246355414021804607011497646776279860481567
66221793584586246602697509945649249559733497566545113848624573016434759722246, 72524941806540980494789342297939839153282811912702304352688197402247339671464
18658395817058104511488012597643336439633494206099474172118939533284012793947, 8171326213780758840360594548247431365770265985983127435807687814625742580037
43110870109218842813745123730498290531916862593230442807410867021483386549383, 13888616219968822115542841164097188057036710673721327940017566731607311046226
4614286568466558422098437889602943911318198158839553815175464441408199147268, 44060528175394405144609987653438670710212310215260904009614362419935429142833
39232193721414827387027489733807139008663126467357621621284540427179109483105, 43786729299310431930436559972422761135718700477986433832913495821716838477522
56604347491660592704007348047483300933171115025854503726594460448839899289032, 56795884400648865747335962166936543930127342871596493506882977120292629886180
70426683181487256692131895779521002564048416845999546465378255500636592821102, 34075714921623150999775445016395495978482843910993484839413922698806721719199
49415107053560897994958533802237786222539373528591498704366433065481354881431, 31040089667479743677134113232715569765899568059095037654148040514252313496118
59939493418299884857063046153116521549643665710798836055956764234123245108378, 11359638340848313832295336334318244554471224435033998614021820050586090085935
23139054563062028046529390518756830597474087561017435441749378821598052654513, 18281035905062900553620445568937842363838204352594652731800197861142311421526
23889330160829676642991038777721013821057706046423515872730578361516942695333, 43923223947045157020455280922230479172849193219472543722590522751844523666163
25423730325360546688408507253907963217571473901752574545730855240948668319254, 9598410996190812425441977393382837919172283380364500063008550450011158753977
19825671733075703173916393057577818473031811835289216531538330446284360621820, 10735650107816285399064375000569420886998189724291291131716678457320919921782
53681883127576354425117707427690811594872368520837192289119507383939700182499, 72336474386012834906304155272354981215749218935015913767650282523915377928523
58314331307152433430348710049959574158105302595902706008757134033492321442757, 7554621319249187156855567779485833576359573678906162366352022459514477962514
65609481935534108027716593200534671298191862322217239253282604240703932504315, 7658715814835530192197686170519110985421583037699785826481612732088461167682
4119022075150276518360501645504837382903838573173914231150130492242931100806, 67173632095770888705158247578880149760303935031202728407036241765792633903534
32341209494184797586520603816263234301732765665799721957626437953081770068877, 61686015164843864221012134969455943214824154869405150078535377678166352746935
41390239947162789392595354356443701689463565699501897605679286301711817343407, 12598393047704668513033808228311811822466983415863263753793361547307215586134
13415616912916212454402434782120168536309870599021363050470850498608192617223, 20087387049255743756848483787381299880909761757778327607774387279361872922160
460438826116915441836698201658387107216194930007985970013860248910142468171, 61258746244055065521929696834222555989719629357179796527561427520981033428356
53693525735724107967497363443700069993349092563879409872574091281817913272666, 59717132726791395972207920558198232652166041497875468747242449272493647524961
42441838380451177376654112543340342415650400423057164074576628639698091362463, 6747877560681359354506997486794197602874804820913767586879191192656949453307
16225198707354600174421282513819206296912736606830165071454184785938477766629, 55587205411706980438662684809598129204604530361035408387655157628725992711317
16921316957715628628246174204089691574650734378532794880498633349767580837414, 74869037079382098339523004333265737669222082859738552516960802917573033056523
29058180579205562781967602773717988889645162984396328244459348745980731739444, 16483894461020488872582883111612219619615396860945210754516904522596826717190
55540664964164948497238339309026177736761540106245565229896225351791490589925, 75505571058100360359538706389026665707628633110503410024439223311675218129837
9433206563879374976989854306911085246631116491882951891376703586631906409782, 32818455517117916836808309075061974043338222233411275877479658225904237211073
15428289521719106727386705383304004125977364046369786823599379079919479240475, 55253784391991179458444873247986529137038950624524060756613073721219216495822
17616241156507070649135721992339048677418715314750886081838669409819459538657, 3786332620605721880279502821792420065451745151609967229937483631948815209285
55812507648505865824631272408153895587559436028391050447467587499109197191616, 45106965072390065431290561949176104289614520979239578596574035468157814300394
46471004364683766984652400672562116095738803275941272467410654626434056830285, 39036724106253764249375556428634849784610046383619678073711529614958006678497
73337363711385645949563445769822832796433381540391128242384432546056754799679, 13031417462292299897732285828188177584362421797636622538303730029413268236942
3991415179072158175877632302914784612289923798342888785072957004569536649489, 63547665391384170589144144263566112696607293013232740942871958580315620654337
