Elliptic Curve: brainpoolP256r1
Field Prime: 76884956397045344220809746629001649093037950200943055203735601445031516197751
Base Point: (63243729749562333355292243550312970334778175571054726587095381623627144114786, 38218615093753523893122277964030810387585405539772602581557831887485717997975)
Polynomial Degree: 10
Polynomial Coefficients: [10, 13, 15, 57, 22, 48, 30, 30, 61, 28, 17]
Public Key: (30446625144225307220152400598449427408388734505939607900735611238822672716607, 15414234708452137940870552820929129047398659422061058729653073288709068957077)
46944202918895949780376505206326118840526215225008068004129733957003803461175, 64491455723732588307646143089161578241912235271940623538621349543431476290466
3923587873750897351327757588202070580321176259450668771323126016763039395233, 38191467200796392701044846101128868399843571891053821807971169642160758572366
30564178447120581089916395362243735337129632899876782693512857051119673837484, 45629504022372267600815366942119683527182985476692075989684890107601335166046
74530752494212279969722179897491602056480192163769261520391330074752054420614, 67914988515382122476790952052210655249671409869482271251444327995436888691183
10569314367861150420849164043611410748905768731503530985135720012259060418725, 43921576962657666298578139993124167990288142146941469510776016186272153867081
42993981215704314955669346636742479219318209151368043997133860995902182916549, 66694028920399667602758439400013698771678765942918858882604593760824132125877
24319476620408858869413177219349038553178333553048915474454029793689065152578, 2742625830918539214085899988592542124083892260606646996018839540093810121758
66197989568272762583472728043608697675916233659540690319353565481271006900847, 69870393434470338766294624576235552943127350089461392357968668904418528940666
11157110009724796722180507356808479662169617984099321207388697627209219126601, 10901391899216995989416173491964531944575953969531512853628737832014224386284
17246127896727139518556864042300278358471347544454100133567711182776059782060, 29612753175022102948439211714282126803448121538103674680006020686310239672213
70831024052874686370251133364279277909765764348916291064193816089091368228792, 12585500811494657288103453810483212766838210630411985690724653549219793664561
16993087955948076070836162130967013147613247087440556214274754915533907302531, 19353029519053009816057241750224077412282877125018788767487767986469204204107
19401179998560993560959571021299422108393547511550824434616631565199487017554, 66375032765153760363966171090313808359179644087977538540140117825901343092884
9221498562471723064010761238998068088740881543665731003559434082111933449949, 36432009811119033767514983140129550988528281623015619806686352743570072822143
33411792764672358132775299612005530354030411439055828104939985626635116029927, 34270766379641665460371540526326045979237767132139854576222279680460846011948
49901096204306323698098600813789912896221101185679025402163276551202064672594, 68347234704556703009903117560769529306019522284096806023026167696715262354345
4757010086528067160308912731046540902545800930658051202348461391150937105874, 45539241917221070784982860223701835880783870682136938140814810179767640753024
61537440060100155550733861555131211151513125284571008920381518483382158677754, 21285606716912030398172406724657101767100622615264930170313504281151252730204
41775595219485685958877742085791236130435077566364922506283495482646328825798, 7786816559296660850216332540500542385210856168343537092348521069553088629602
35675416924978506795570634303638295571396996979943511850074700460315700102897, 22139912857933881049810738858863552494133546743611738410244205697460138375610
33940958471786818654043681659098250980778387797010748508390233093544362692630, 75398713178430641513309089086425434779634654497005253500136987406932669906773
51685777049613781926009659100751106227066707634450204203380423642386429480520, 56163958174689872555321695982511205362104666968857395512947601291646947495770
71632281630859290847955691073412363060637230123386660972956812613408647566338, 45383945399590592756362147628335143868340669638554985034349903495912701496620
52110220322178699604917618989495802291452932213173740791125821114138917938550, 76021148031909565152441685186218817724750979290943619653995220455153414579214
44288647289500134269783981342500885586963145056578476969513365731255707196944, 29652308012662623200176003690762677080773785756222188847538428872873298067440
30999717942497431979517055700077210961236297376174590659165042788267377050431, 35861982281610008889607967072612935265715133570819783761652296863260733028128
4832255270497272953551835469502625754201515571290920838165283237445082689270, 58799497278565887222128942989245435555189123324691883081550395014753346898997
57932083951427378578614859180540356403307228387119197244480456369264525281768, 13105391260861642846320893610979026180828618665999026993489909292525523340918
74877484450513177304744505766083580204209816294446738438497280370080691810162, 68776161654168319976046455182196793734647523235116548691937762100196370848368
64549900839938760615950617178222291468282167328451433882568632351937676359703, 4388754578614802157595788421149043267643029143962571430123651181837958530643
60018323967121800487583418651395937961063103525100557022734955329938782868045, 29179653388970381598252454767303176074096145354775345072137244554802450855838
22983954142755598927047016027637787877344304191137990971133503318764711114382, 38862549041274353024638718628993747552200951682390664382206383471822341159413
28179542835222803648776466504006975899029505451644960876488829437590558857489, 40121239685956656352514053253802522443385444798255533558041751088823319935937
7272359446042900099793181708019332450138860840278087487122975514053038954659, 14221279583462878626098516522263831522600170370243829809858289625259775849094
70651145515859531935416147392963583207555686039630218185880341318284928948498, 44825870341894087465052990056684227924640692196918292613878262364514544268806
67796118521596693424391433117545129593968606782153608577843390742835048119300, 25959111869622094416997257715426905429740832020920359401586038784377319144712
66847075402526693726495843560842234478944472225557180963063546918827447479657, 15107402101825198760148119783916889510907523358215592819889610178760183600290
62874628515198324600987349459983881445867872384292761290591615109316122574933, 43339548777607908084786662401704611535224748918314393264441325124876816709164
42012104168808680951396281293049446080014062001559942318248770993378764622535, 5601801717213799348577080177093936869466515033779000235477102941934055382434
52773571594164728639730010350117894528448076570052073778001223766574051047008, 76073432486476699511063524637719487557444192927693184244310781812904905160180
11167669940748334069226031565207447216441629450387778962724084285066080551243, 59708555623182577206988965240085402443723338681650995512461500626058619974998
18252839189374483979983608937808699959705929889968735954329907857400877027194, 72311430870306295205322155775590283861598450949959615155708805270660798873098
226280777633800596971746010475072952138492469897370705225102148349610323475, 9940569099643428496550581601865731712536328989632398180150384309020650480379
8267173041720752434440653435485645481482439699911159965666115403121226304248, 32978587495551215870891850345006913878979119465597634175434503155919218189274
12573393101828981762506736582629004390380610487071835919926780264218211961418, 21138492224410413689498675749395660235609719496832816468590180378114147010308
4992371397811896135826991000864964334982854800288000104951532575821380580738, 26333345359696748005176597880907908923775065454643321524715331319442137085453
58087106382336322795400565382759731686224545452466626462393256209826182378099, 6062215770438873183047594370049151216651578445120106380892599405782077075094
6278966161865876707406153443699578502918868381395043187420940756890397862001, 71369653504626162081604772570676346652315070311543471846753409296058160804469
46564463419433974288850419278628359659356226643712138925013278372052652571409, 38579706938398231787307115729874177960398506739348378163183551058725044991660
64851486158087815357529788525592688738956952550740040619886622123190869873064, 15994329080382797658822871355454712208396312616604277822129306020905423314129
33854951652715384519631686035802325267430070831419940778519583293061719340791, 66126582950149224378204840032527027733112748240770696784702346448012027278658
46765736100286829219525512283659802066768113491200939433335797040312029369328, 68165212709415057651228557473956928168482176395477612509873689403351733594246
8803320308484941764859075921136884136314045601713764627106800810635049303817, 17955394039525394905667208132168897736325431874392113717715918586950486130654
29347010076093713976620789662605763711328667598485487806801301954717125067925, 48587024109344829115612526341909255166947207942203749396207414492257571313580
35471493988120063587573374163124824660998419143902466057179061789472354313385, 54775846738254205040397376205414978450898672892656762146388100745514837236255
43335879476921612399007447892935714656626212874003023287241988035870892814793, 4573908983608129860526264419761291516612238167308818921005562994123396945212
21898853612109545174530551294521960976291491589552720565712372374437762274985, 10535822046662868283365817294820347244408374009099010444818347439396781001843
58965023702816260390258685070878920815913226387650788017088199888515437328539, 3290271330410467498350598751567856906959403446231084015822570642773418024492
6644714052081498383028818206825809807149148130062253520592421569388540132291, 71140787231042959957684530647755915297238335303760415099691752100763132449634
40035222880176506377386899313763116242594048459378602085519160945515482433774, 57286584757518245296739665859340440921366220278630700448548389968267532086720
74795630636360751538407997150282166063525322610133428219978247396358498876045, 13067838259244013109996053712511787448005958792566748334802343135559966783557
42034044931113663134497317027846012252285932801042715015833377225131417753076, 52207930446700044858662352159809940010817921719616209516808553523349590515468
74612364660748828911043300576596029840631543407429172185755108290963945435272, 41294429412562653187491249468759941659632966947815394954822801386458646941801
24981636779652832171719250606490490150825294773556706590287911659464322179212, 14828032242215580421866747445096371043992166270380389487217914607714805622924
34438808667083355207226728681433277849900312654665590388112391917619603860494, 31132382142120127152920207778269946840728985366448949101828359959639618174162
2100210387964293728214313768916114306027477259247799137440409909560593103477, 34364423493966858377078040689055158834063831282593967298774027143726627713362
45996443620501556916965556577380688553164079648674245749582671326655527039997, 1281306252702572293434857281001453620250467718381411456382305258134359151208
49632680368188511167426470213631616769766374892807766432651910288736658336126, 42683576924242632066451821138151405370374875254298597016280654474216702034320
61937212010801618071774884601600508922794829306787389410843230768528401221754, 41602998833083841264136958698102658607131717534911403350428270709199950041175
51162864479286798685348263649065493872450595700794472022019261157079064084278, 73010853704614858493600310240523123547340432913011914212461463196132760531807
43861467401614199965937755639155786289567142747131563229165922367045837950725, 17244326946793445757902953869900123607596399565772877587915292487891630544123
45431391910866638359434425255221096896963556404577147270534246124674036496360, 73227342133802946600739258088748587579216274803099817695421587466577527020317
53264854431414935607813403921835019021987831703208162073524860091186902272242, 13119425965740856795425501469006174708577736072914273746904729530332981903315
30327860410531944059198105449275666713002828803362350811857036918405099633322, 10655875391084473085765396363378717804335168068381728598499270683005066111027
42561856184772429760699569660314386292680566925464346582990300847534980442866, 74551989789427910447483662130306554704254488000695389173909660243138666152706
50310777688316909707288756893990499910762217047164302825870789989257547277117, 13386955947200213212921451512765969287839662255267493357933631318765163586585
49285804136734548993307976930057780037236380158138329733697238077854185354749, 71960781052853938853095917533027250557313030596546455333667874497058782613781
21314507000989645121636263095366615374825344831885422208922757081945184081020, 3219924975227384429387733286447861931070139836307422181636637633039177807467
9648483673306976803023166574343652525472538809555277501508778725545803374224, 50418994578488646127957592435430066058846720616723147953881416497124569257145
61270073540416701638970231494168809068145577094443335361236719614398362158975, 72074323368217831445765867087938558296133629629260589528379017028806828968791
45639666293521017597923220069808065999522853738743829766881960330949131033535, 5972036562792878041557255452602039582116189025498645206833657652728021459308
54272690652557509554042527290960351396641939196693135772456766425105019287735, 70904598638630367760920966734228555351263988735920368319792127120724485340472
70013853665294403452455433775126802163731272650996801740443196252743373476487, 72774487609258864500881656655969967887368645402144204375988333839729481000819
1638702764657377240153274202646958183542716999781910996119436620737164019057, 71595898941394973019463902964076071231673631960905720742337062585844972625583
47310757387578002083311187624469535601714513048176309472590743135805703658283, 3011644242866447831771128581118863057067202105242024785300229422487931249041
62674287556009291704152962726180941214301166432489277397722270729525014989355, 18635862191884184069078516922339314422864853243510718015162373582568182840898
23405664015669405726315092373003383633515485430006604245342078503055405126749, 56367500227174974274976163711470319792630419800054739421498432810615130805899
69179497211858976152595755123132017573671610411973175941053954084309495852439, 37513955414658249108636865840107317508496574171156381660434746117945223790862
54444074525572223662541597479270264787061651066300137208380587655969061387114, 31189253123226593393108201302119347908907334236358870466867350244265205348252
68394876744318048233785622788534624743133183853896044308000030836026308496803, 25516196750607602653903471470881137097570869280953380000276570824389856978388
32382689627442367003864251722100763931968334121424240893289624759087925125652, 56847719326529294244370294842173172638475177629633770405442382936969398286097
37653942650540611727624320589567656581527116804639752103962511617067896100448, 66262015207286489185348488556860453774480536882033351584651108688432787478390
10693811556853182074665101899627876258699461302060464453664940765285917345769, 62370220359500112077770740314906727038408602437621350384433518178404782044067
22937923697663440713950419262827025960257623131645260787098034342792377117640, 35951180598479114541421065472977813641433203404686482989440368454288747112336
10869344482234726327506819063215880765985809098363310084289584721190083568408, 19850433035711669306489963817374190948895766562000875215195939358136476436884
61291876396142175224788346283290962996653052067960036978065342371772799270309, 39975560059180430431532696051210210716022798229293095982793677207866354273009
27543189454571408620672722110033646453340255850168444310782908351600710297784, 16805920635938259219570754617384539579346126998344230654238602150376547780358
1483706968145535514435585069569321598515181951740063661146811030001200379766, 76320622331099157447759119906368405096553316952485965386694110916097864176481
72961460213791104537884447370619292491281519025142020660331465496295969871920, 54525631904514620072857240695085631358769229509651672236026607044662209826873
52757646473292525048201859804632249251195741529972293877226603709448485311109, 35292397119756226993092479834839549097443113888127748238410426459748811830364
60146359060782468471864043745430697456934845441715471665146914290323456895684, 13292404416435339650010693547237399763343587361986521481122273732791868401917
63779717157044602997108613666734920251066060181616411424089693036157794248601, 7747519374824542278907846590119275793344934286240417648822767374928996635075
27573183041898337192806091626802469175562397434756692342807584952257055935914, 29702620594723307624588222358379908866639417860754545886082753210929841571880
7878779437664912555793636994289188869089017869851861436191069554761724671341, 36897702106505571135861240052284601000605536635898031545165125765103705923111
23178357299334225100016521472620043978937995502938325203102858711694617262362, 18217240335958505319280211530894792493402047904220271063658178528655974226945
24515680848108422956213511511423507185929279141880336517353661042779301649085, 465623529730662795464830430860119699001678897999106405249411755933482838065
74695135552768180052025446764702363556909847634291351682851128596134855138389, 65381678049520929218351726796751149698872339066517099916856673252951148557526
53059755560012728447789724579237986339999122743223127507751617042490711487810, 29613726191893725326759992400787801062431817267578407960579238708706646085522
43249806225642070370279268543450473306258332799429489501594104744326533279886, 41883890584853508991883627370262727207336181759428699521888899201384426399675
53005772237666943762237052219702471341988452102393392726810938868238260526374, 48478140524139530163168373265033750663270699506469068635879247420190526358736
36151627715086535272929072317326127550935764532356568293069498265254632516125, 44329050308040882819332118663875667405061211661319906920408823355263161235197
48015318723826886926145852114553551732804930586126831232346112971201543426631, 20599320688114965021380924840355210712062140675005962262304291506498095507714
3465029958429137744142053959292218528797334563017120607351023081602415928918, 1028706810518538200135711616526269161579050381097655411284371826852186441802
2732329036576844644336622644105260706744988135404757541472553308455287139345, 35093929361666729872944505161746991778538745766991102597388478802609153159826
60602408228813590646197852285541930924014582496110993304713791840482129555545, 56071493597276746663234933798323872775450480249124213464232207722663306365714
7861424123508339642755576482750654733817827962838697632232949760378105460290, 31459380106186737772367452156461793766320283979078794629066669256053167219237
26532793271309835608998768605791814020718550657831792125771468829099786708517, 31473970904849497389530620881480896829369530013596806945033979504432994494116
2405020061346724441858644689230706906999115715228985380230135271233478295663, 15396634472823566909594126292415185808933618991939065452056251639847419405431
12271363094678991663385260074132947646980918048985278616653548002889888817823, 44956267205701531385259021237558782009994093237879359760799487411149376816061
72681495963358778833908938795069739868553377887463223260778206499029880100883, 56746722819577644053010589590854998877674829644916936362787438743617006664683
68019109066263881107093258562414907024889581528853957667970530334088555473499, 40656489647629697388516814117175856549830626505007288146684808514612608703842
52901272968760667420029503965352803090227061837607764476018030772368193589194, 31382448480000453127577442185071651233223707422970363259543363797471577839119
23854288996480351802077882512069019338139084368184836434334288138267763058021, 3933831738650045334986570650281469900661494371442211976815718292047711202382
60522105557950722226467326637448580347605008335572558977142413844786438803225, 8057478205580571556593049662545777437215344465520592396129323826719771905319
63747020454514115247996158011914339866120461923015820363115045327606147822437, 57492333127570269910996499688255876535247909618827215774117868696849259145556
37532710916987170543015989107590490249034666275025140523745616106019439385924, 65339047342110090609936808335018679998052367386263748528112586759287691436276
30352802685063825980055023848396888171139089690583470092125166025540005112942, 61382972347929405737367665849083607267653097967111340185704149690226850770557
25829035051090272281821204774550232756656342723573468058336166159000651924406, 66041339922364464609585759666826152512094286353861274308363314304080543270014
2649773316740077356836375255797358708139951231532000317495652249229405236989, 48766240576225247076885429583208176459758025237168146057182873122434544410616
40853307446024514570636023062557877406016018803360712653610247690944878827560, 76871940008759350843083878260255997758056850900118154961457098934867844359520
54081303281141303798658945879575967065941248905448154996034432331759197707208, 42411162273013248380215481547128199356554649721173842316407048786935061266615
67303572629143662954028524849823945244553790851188846283890886782954550320526, 51331542787910754148392808546152905621992550265406074697545743558785263131229
62896034827290812566327168721324409537804715193652033002976333448076423644957, 59868733976588985050851323147577386716258856304916371692916245732713681255824
57273210893079261745046315037250864991290555408545747149444993274672482813150, 23336663511866979926676856822631570925669341137821045947211863299485627860721
43338903079887201058235417590067234697565660588292820079657404335445879360699, 30153539422411619285993371833809843398205538252849767428715877780709427416245
51009529666862221089273710579098328531350802338247704474741051789382727756799, 23208622557846441031127668874724303059901376546628287308699851505327947526987
46937859230214311473383046202395170519781171563536581455609697185842257637112, 34173210806328527323970940110095975488056711448247865987345898943211407026137
15654282782855539700076604111308209054766984417832716862264164939619377832002, 2481400036062637225402302529109355428334756815141162204017153753850228426796
59313584525886813578596850594464087337513215357641640497668068365898047893457, 30398976244003908218004758019033799268978303223330223978065162926744300478029
48716256311385540096521147932888864395527509322040392471745113848198582211647, 6250680091693720219767826893895505755843587757312110120784337074960144314403
42438647577688208430091096431565744713049904624777241143562426877669698962248, 35546371441777727717686077831161358230883643534445379739522942706716832981631
43034867348350977406997505660183782254981053880461449027615256956416970130278, 51678276032198155775915012704817357544518311834881402100982585343549372184029
24038611136155222451549094100047997808104608856981771524731150048054108729935, 26670921946323201636550191164913162182335830638833185428169613115810279220276
45679993621497176320750104003666976371806223259711279560689122287888586887942, 62287984839551878667538390625108457299926522226435995814987314928547029746119
71398672144321257222344124203520259047479407530792305099212527919990166698109, 59973661442828522300272299310064684661934392829060736174122156863255950373190
39826871764489622000848119797201622031170997194416121011375886893110006789148, 3938062939519995920635537021290805490461378504065496365682849800340750560268
23774088892790956927344018160768892469708364427284318553834461268678785430516, 61697209500705898781227124506717924628710579277704029449926447396993080845802
40415959278413043968610904047926873302729762608877277817189268670142057307925, 21508064309933502142363337938450347419419872356082903156472312477420260466194
12310900278852357200289493200977215633443964044278711504240084076295404983662, 25995191454177570657424325290834135890613331992279436616804304839597201115404
65545683823387018575155827787825485180061620553297557232365385432364770827098, 32505306074204731655115965608393128344906387544086419941510240753820494076719
65022446192721501832954752949040074973738928906732238166660781714852357664147, 33292636331828459064328668718065387953743613192055544098031117669955046542221
66277292388438239527801442788966167156894965825152986063349319835525051665766, 5845600122628476038693454927599930296012841720629163825003165189439876722288
1903975068709432695319620626480210904432994679693542206451863220378401699990, 21003632107320003889246404942229441518335059310718405872682636134214233270642
29324297074688083011662744947359164283774373702542348537953058218349401550135, 28263380924834090597720702222752536116811575366003175535711101672207907064837
15617713145459361195278037611131299348550476374877682621842368658837628762778, 70370930137757311564413776377730995458211965891957567259693841610216826573976
74207893663092069918162125498751622556468511782082870887841028900596918226549, 21757733183552383410125980207614020953027773677230541475093942003591656809373
54039576433697404779804403562951584243481061916443684306272547736199367815856, 8305663309963512542723963014268668043737977536144130882195756043212598752232
63570259990350762336226881500372423455155636801833523856295093349722475053763, 22640411385284757234286227847487835845521047339462952986043424699523052695628
36807497872744721104249634583730831202837034716808884113626970753663083618150, 12718646711347154109257259222961315021802962403711491160340945322650581107533
15204293059965417555567857437083467716199306354434695358249403470125609102979, 30141261177815383431555445736104781700757886274186534475624725931874240865339
72299514280416210506323313540589254715298837985715709683427095787818492867322, 49533415837671976076680856936092854877470854960396428796497246329312093659081
32623240980521245599061340148746825423253003125920331174108776208433524421621, 69585125508100227217230832421713391217944409583909809158830712829842203333075
32154105570970950440169677838230053008582114370546122803411360839111711846267, 7692220777033286179477225424236366086503808924755793357679190429632537889032
72190637355937302942951767248742869783862890437258229292429231250242189355802, 74333408167735404356787567226383414632237109774600627283091939967305990189585
344201998165529529738594935967357489391311620210336586160489228250633960459, 73653706273094619663144084045995468314570486547959624323254023698572196023559
3964731063463287617385779611381981152675324166507140285246702098730107986956, 45853795961551446351855348554245987454798299840706380245094918097313979719357
22798962596569145697902930525366093831232702504956912158832044252649965415189, 50228544552935256471849860350940715058206859854852328485450968725506837035219
47183340343485113730854581432262429474736622221298806790482286236691648455782, 3635192638850729486854569274021783587355296330361899491136528119151163938467
36547262540715012957238652393456754129306524056601131466693159608009908197810, 12534201653772665406534567841698827082222995503295370705201443822636312009536
50098584202628346610607962910329388187618485962595448099749877309282007530449, 7806299422182985838238488648443939651386676675619524037619124017453665279540
7032969756915226878326375745867031164053934621027943888516337302829193118299, 5674900426894496551975938340098776195160842001247467100646599041993417948440
4272611709281121669554402216001340676189881746860391414675938253835020736089, 54862980121737873378660187740856919262236438489446124518753103945618325414753
43788961021432045942058923078390114041939530538071668853710524026940935128811, 50357243659888964501148674650023933320219634153930496442666448415935230381349
51394866052549664002744442508637350915400792899546426330817780603180367661910, 57496338684505263945281376947728547885297369363085146059352025492606469617058
54015706383612109102829612595015530877448105739645936867266424627807737306298, 29447256812458857998024743743800625635676704406036699141657423896756175308872
33386443299295632443599243513136763059015844270170030526414674413927341324474, 3195766194082492942434114705687763982048395644727163873999685895743299861494
37805009339539456448413611170097400830392945399429864792414422367765319861109, 33835357582834370067270118252723075093678023229017918402199469694758281855467
66200785231519074331169630468035569284473810979801851517553923540869225897808, 76629413314155906756278478748851938493125841272370041755223487955326085156458
7027858136831421461120045409376839985189474640606869220215041357808066742139, 58751783092525685884480793138032081432377777647487522550170646143120076854724
31553858974793239502248708891246237257071081850530288757956044707099522014954, 35083836847341524826482703713007346416665179133338666125396404757161555394700
9344041288621114392344767828238223067856288240909990771598070979309331279546, 30462092691798791959309998476792291953693022599472434545247838360958645804787
69721040590452230232728461899750088141643626588350218141849878288716616551183, 47055779139347345000396637167702259671465890931152201275882644727736709343387
61837969782576377414847437224097944717805146721166339501184325659522682167790, 29890955407971508792306554814393184520276677183771733336073718043044417116194
44292063354590858788253738856106928877332586987036288775618969695388139169180, 70645176204992594769804811067887898122676174317710395553846400317648512255077
10476290463001456164923522507818023074139023708955291980942180868871393440845, 72131670403343776479390086788521324713802768732709990496245499759904000040136
28545657977659664285874972160868060475412637322682416169633128459384530817634, 75206438951514926188571961364579539164340619113459508140395282294819416272675
28727813622075235698138208847564814817481410113484918289382524027153963196776, 26887256951683094758300617948495050868872627514399155351210967146061365975331
4617680487708041441161046312652219919552785417321402936636923547473362658514, 30066553556065816472972063678370242779770452563991204069144832996874431838893
11456108594380505099136655064980530144671370215532384223245685091768432608423, 22673117543238011339874194970914798088455000797133225014215613421051691216789
5141555557445253531207992794720253244271862292834772256330625906830485837009, 23074730730013992558910251971563584526643978183793471632626539621667644601356
64239530758737707352684918495093357550041280568181838395452379927629953908201, 63237402222958282056907042960860877090398336079076333250395044168087006723150
49980837750037110752849230169181617160456419454292435565008938450730588414191, 50161124103340921413077331017265638460703866482668742601589485937065939744967
