Elliptic Curve: brainpoolP256r1
Field Prime: 76884956397045344220809746629001649093037950200943055203735601445031516197751
Base Point: (63243729749562333355292243550312970334778175571054726587095381623627144114786, 38218615093753523893122277964030810387585405539772602581557831887485717997975)
Polynomial Degree: 11
Polynomial Coefficients: [11, 44, 56, 52, 45, 23, 22, 25, 40, 60, 27, 46]
Public Key: (2189188670276202446124510998358688006483906025000627372690367826057378129446, 23829430597719840310335752773295740604926285111301973068199760198667634834252)
67753152807133782125179573762560895600486055734372585859012204619497376255662, 74216544554006772342818779683176251396383097677730049037449955578177618793054
66752400271206033610170703090215019170059006376213258325173379802329215735302, 51156380637435762911879633894546397864124842290167616026541583389712781608100
34107830626200790576895624338376894020436844186556618707409744032161362977454, 47160448276957834683060830026840089488894323058954000216280113544992852748176
44876711721675768382659240608040123993953734905787003068233235611807650336551, 62564321012219144620208902779746478979334008285760823528795975332648703077828
40537338475252288642227600086294898921680887610950219931906500213115446219607, 50397137118124132588163814064774720185334671442354166696783934435149891680808
22948404202466397170573775694811023419157015314443228811995522057491493503930, 56902703821037592163571648780883823004116818064756986429674439742855456183021
14720540882343015868751627833783678829529023754928362381707406935070227519743, 27101239328385575915403688241924117651734506840339172541880710615130614135424
56069747851899546547907759890437005247868662096929810724620401886946995057227, 64797998608938846594890773765323301688409020247742535770691820502671341752185
39061046150733330887345426106014709025998024871344462097047034329505109194559, 68664946800358101471669067359214312543689001213446580424555443884657946270015
9426962987637780683018579297234035467639321484741756994884382695152955877009, 6188798428098420650603860345899934798298589147008596886774898168770874430090
46445961100952772503248978882090978385188067584340474476476274228657748163247, 13754320536534521263911631479048968140736530472376841393310271911182841953771
30516045280895161700003254408995972458992418585399993163826115497556568854128, 63639348022208966998019436428651655134862546929948245589756108056993063008716
21154513706408980126837331417021347497936655692548442099082539547811336307735, 12988238103912890394980720421028299124574476749057996809706377651025043181493
63154703983757576017153858701661407062951914909836269822780458430097627101, 40170522030762984228699803471716599948586117197385861461983546222985668478564
4672760016692075876399840503868023272632293609578522854928377960273708998006, 71968232630317269415941987209836273406507209259667620632481434820908109476051
41615860697815296277868576951049952309844903761720389355219165533611244891715, 53126933285890027750231084856312123201809822331570488998199845239556435203337
2415506807131137769607081293699843158993614544811622335748000605413399840469, 31566195245404119116522736446839608777714087327556295964760265962666565967306
25423392227153201821008924160437608655859415131804015011656356302910994418604, 69518585728264369359159812046388077603397834350692342471758762355631506202533
75922915668103229880517023240515104649005975324111846092124973577593566078446, 33962478944221079826262861893551704831436791479945764605991803356868862739226
40184204225043133191739850243317157448883212563797250097401907382923156563964, 50936570619391503964972966818399807035720424183830349191121646242942549382300
21544266159845116909228605729022226481661223417005968448384470854776378758522, 48855343368897069128422642214028469058988061972902208258936320113877244448459
48297734428763708290361511648009407770257667168882458543417670800324964046331, 44180973172114003315489438379793197372650547643005125491346990168315832394314
66050860583180858984416841287674938062843222044353313006056818901634713870435, 37638102473397327555970309680946778252129150824842846093541855297943107168065
16093693054553804264882162158930942229258600916984902854234773051222665598783, 56864742948242044703688553218399277359038722596442216524553834889018739394927
61437117303325769440923316138542665067102805705224226512723773086929136870861, 66706025780056057320799545860081981235880544457461537572183394908213103314861
63791374905157307454583506340592513935418693737055957113299779422158427842197, 63253122200167144316593563601351461220211047220160130765726992304758611121717
30371056927148143241731770392692109372233002027363658872826509812504844691277, 14230967985368073249069807911831111938868992640564957725092326079159920715551
878120916553063823404868827655093826396962967715491842922349536569518171571, 41094123884463067071820845031229714332165472326675560605423140983421259411963
64786992901156964420654219453162782620613461379501600669975917137222960884043, 49272601451744701891258712551625574914863020255286843227600550101373231671993
46083519565643298304626703385642129168312965339802192382618609457237039792259, 51398087585642658058837107345355397742454146585299147414809262957005024017622
31746807801039640581941430436583921969308725966820841352993491522255076656395, 68087830744777379764864979623360821398174127366309969584089227584995440603105
50392792355420948483885419278172749095039678059899429454822449122587489059530, 4707079288116732961405443892786751332715351215558436628081162131533413192779
28667179683137983544675799803288305778971777526354210826300122302870617415477, 70814723132699016943033199999381847526352190458143887602245857511653750573156
60818255527068211790698618649488436187177814544302372714258819193327845882682, 55950910103360600742325214509845026236674378595126043334263560079046135862908
33958109175814954112293566866056682696508006262161234865402416393156016386981, 11260456357627846428004719771281254437820418662540486101659495739954649549955
59409364000486176437029809973841236307114625869582157193954372709489494403745, 74259003471426827129519972743944696390215623061292986293855782563679688130573
38434395967868461091035394439142297071783540890662636543640765190344788739061, 827696465967726260866649155880043314694759292032167493277100260054226472279
42061067664072487089306764600504088752330500390857336369681896351639060678310, 48330565000149340452660893738631351263342864044959159284370641723390255179252
46050514461601392569910883959700221716653050106362839971305546427328875080696, 33211827795032369849036459215949971172771407550289606695234143409041331158747
46051754061084722043944150512416336036953185726925699275289631262501800468077, 40782033878179790622120518191228554883375364223504860682146430137536130533560
41079552985082493508197974867864638334106915420074755097491006479202205826887, 17814090500558044216447516599758450670597156548295352907961102674318438011651
39413734401836160288600679775696209298612516697138808634193780096521561750745, 46736335782205943952459093729867493698132938996724121826028148969277359273314
33507005375019595538258992698119523869691984075688467287276670386887212473818, 10583768812502851214549685313650682863376180744826076712159955956574916448616
71829407418286660459555362616344442525478902845113047352963339830413845886397, 3881998751985645370901887025703531163835984912137033816321520795813575222071
69795845470984623030793787990057358391986055587474170586728008395966356991572, 21942914745672131337275802645054389552132579545929616901070758236748335842042
10190436770489128952154104275103080278181405499536475870636449025196665066653, 67008482774522412910299114907107204435173208846423974909949287042315238610603
25224529586213449206755694078196780363622396178851818576987681314948332644120, 51585606832156337701309429164075523530661578689900121810218918066324453079105
73439892872545707863094469590575299761773161390139354745281093441435816151920, 14616161532992122655159974147283055429072565179690026974616390153453163508372
32119611001434035486043405895753524502461304098466056387143197697228864999773, 12847349689491399399514747242547543928568917938954996339132732608603818707949
40034526590643060997880438225509774101747749967215443804046659880120940906523, 33219187708682173584251635670973502327289151822917438075175195586560104258648
54220538393711691116016951548708171733505370053413869770728173192053547258021, 41780332602701293426272547973383464277846347655099291724983840150278411192170
17510360351655536428344118422726774743262167761364959126635019115554445704096, 32887583765846611210891947800592587523392157802909163806917483670459144231100
20215798873662707093666727144402502208899391340215024959077292767275197383791, 27638232548859175733377708276207703386679330788788334308984765618045741070894
20008980545156530601199881417736379249826250662338567566868745573987158199523, 50419522284797707153183481083782166752683245086672054820292883099590221076441
9885595308318777889300364610869759913007332607233215097850914611242869805387, 36582884019858750232720280894228537902935054341942662023577410600136084420565
21375042774207656415579793080902607808698457144401504010301968124073695685812, 60232668297014037717177411961858120195065875546810871006512356604861822368485
75616907344680109608965795989251872816535314420566277075912023060565731240909, 29221553608286917528193944308607062348895036201960298252538395943023709454609
29597324003151217956885555713116866143782704492665062786164552893510724673838, 69729582142641794696446388929661728741725426903951398541246125672310363102807
49759611679634305254230973732537331906674098460510685791003105219538125276773, 34258903564683135068447862063361262255005590411931889495029238808463977660725
26465099314136408415067717132993422706570395215078468872141914301065678084921, 43468828884106198413500213256638797224409948711920799079991186507790245379054
18824581015862043872298693767013306491707661993959848098956482194963281618953, 66601142296161330762401699513949233581219105564630024879888774713632763402205
74619263358764551213007456742814903568250322015779396209364796426822249964030, 54941015874865191656120871065893099927722290293423542392327256770679739031845
5276542093733127840100577644854965656678116384307018914781992909637000257326, 30883754781652625624917018850286105673989793813401221129421404827850685293554
36441570075405959372436160172460307981871331471844790743412097990106105561810, 32015847583983724062098965341889071080329885188583447281932780735582360429517
51192469101062806917744731164575228112732431375108176274572206153401160194125, 2714748241338320542636103725831282520650065797590344437780254046902171386469
63972872950412002773835125512654376881987421703073366629998240244335388270419, 9379968122722136393454334036131364601539726997687638142011662888827941036106
34728334792876503061123818976181410584573802527294015757515311723016095809513, 27112574075431567860043332003359710143741466477100881892926714026348900419984
35995910451091635877707957384698424942995562795040088056993508165575281697650, 21305535831892322563536076852088428171529606645081215819794611238882411210701
67718409455853204368865324001797903749868853754679477871147037425786559638927, 15208178559079949605827354810759797121546926457554351756528761463339758301195
18323534174861659305858639652562138961478638293899392703838751298687060498826, 57863725558107753562287419815716001054379778660458023049231057552677853336437
46156932875271023971138138131613541496935500165052307819319566269496546395082, 58483786445991297429475127129555074073512755886373805397202144184105360231469
59511948862449368399734200362015490058754354702437744107773213254751990413736, 35497268326656952229156301023658155596204179246347233460568860796649416369524
24066373251759634702505113201908784095005864829616780190865817563730439615329, 1444999447842464787074339333362177591386400531150189528259808702399215870062
10653247259426794265394188231026328039502855735177489873058135591019032580099, 16200775793474677656318763062159999296066118472144213038641355344952279204922
47448697642984576343459528917730774514090453838964647896178726200725152932673, 11859203921658074901923743873947453451466514644036731317230100133404638703731
3930643699409000244180612447096051862289039744446569949738042288333049933975, 26426741796219118717066001822633667816131269242117655450316123108677943815166
63347441882090814158855215131124772045271492320831542374268424363414517575512, 11743928401587150528005796655708732563628258600259286538681687717297026804479
74014271689941991206027750967218491895403088399992715406391155327005874686642, 4575375257275983815613496232887744058605676211661083968991622087583746481411
28186915778869168648986447639341582988520180319408296806098796600077909622312, 37419977899356575137796138990210621137942285093918363287335762828007206837030
46614447864753214694825647616926776149527418633756759996707033217524002827113, 71823954371681550659281968615884437691158037362990954829200249608922987928820
14311111430874609796141765165834189789951857564033937775029085952483065631653, 61342390400182726081169628269897442895466747372201496651150908028706171511991
48456533556665436181733707027161551249231197463139344850671280117310867668185, 18555479529573981933234437644225429526839831102254151126079858840167170559945
30702041088626117581424619345599573943319173512092397441731822348180142516649, 6879641971240756700504552688748683224166975838081209143769458006510583220753
21264609681887547745611409275765614724313155419751755873842135437236007525974, 29503498192940124366740181810190592573413069950055151583878978618400147405220
944576799180610363491850933344430187500751419987362280974236828845508394648, 26343466560208303600749881713146947005214928549768709034313457283630582336712
61024614745247801061084252916110840210699305272742113872783008832344492887458, 45658710694382125702993046276505290597122822794596861289355260381492676716347
49506697843587408711475885067205358404281204186378960729470525485209477044251, 26421297880273398971436437074256711421618457455215730268412731058883416374983
32492434225069937848374042229804097830806119055791626831863577551956831002856, 53205890542061058458202996478321523867349085899284960820567281027675493228625
51477159547333499060667001426261221302906978118966852890920347318496839023184, 35715862018079217924067634686748804052245700974871702599056648936831257783452
7307234413911099047591878273058884556401620723940621122076772861173482417139, 41478113244929574457216149052545641961353652231655474812060342970981851607460
2423409729331511852383207772225042136374516113097574045815481438224982505833, 56575695747580460265742764118679496012607625717329415916705293765344716446902
70978067759818215287251115301959284309102257272008575339154840322644002965389, 29755681812984546880252342750455865702796020141693905024527698960788709288066
16335055776513498492679324246023607406396418575743314941823035198220842910046, 7791909109485640370902944050601180105212617527154696272223699045302041436955
25352102276657326731099985043973020401233872282452010633264575491582438151590, 49108677243033652142405975645293928932929827461660737963102504476597077539330
57396861739827008320552515859169825000529163192673175569096980105578492986494, 59362596507465987682426920911563206378718834370480002812048115457075587447975
24366699820247507989403594120915757987506668671837844371408226356186038547329, 72902041249618547281687842811595444012719553709072134919658797032087121356930
41499279951224392832089765091112738558493196004880156789489369291258637049839, 49737023197571841505071164897128790963686025317236262223274187114840542510871
17943358141402909401396986733767805497297947078039520637227386588623647141844, 33819112973516353618098647942308590803693727037223889261922083571912762738177
46361122783989728142308249161141856235044923790304455966927389096532323309479, 68582672362857812576063621172666288768072515723806175669595709408986725075592
39836638933576366025606087870383517543170342395522878508374955207388238257081, 27073307226952635278020571180565599524657085227487163174942009765049228710782
52026913644397452869985515101254324425777501288554924466049930989638844044056, 58994366935764636682000061790232560205549722514945695694010113775161622356643
8008259169105333603723053294259247992225826543397304701364262141513158750085, 30772499344182267301415141921016173487256144158913113675220146849306017796951
43276429079665083987578714494392393652936551705150599321202277417851471084122, 6726530683822764574891887798643152314977863677250266382991284110673103940766
62862668328786644471028990211509346628819784484819552068487604944907950140686, 31579108460265029341059868554071262382540022279635863871274760496787754748435
27956266988235444586665890735145247228388035669491749235727843904633193406916, 15340310872993482949076894107156688676356863497936662263806188278934913832092
71023763726883590370576166338763851759042960191716856617351702409722191775861, 11050601316960838965412084487409796692082022467671423093424595401744118184007
47106237822126397474977235993206853443480259483940589311422602447245330329342, 38176739483260917883383796950560973021441285336402688196196493701435403569666
36597491024250634452681161859707154399162115157352132499257873902279391010651, 62457606143032276741359804099743855878163876290571815439481517379598573069968
74917726574402175529945872652594806425272991333165048082963911170316837564346, 28994909080880635766396152693612231387229183900084753854068418007546616128340
16513664161334302107861433221966413245949526970972410068613325531111330461055, 14979273290797927474742135337541582224911952520310007105773492076275606611455
20974477703768020430185063257896440170098120361932802846783355330529537275823, 40680945619815145704591005063825572941314379509335873710236046375741290426278
58484015507839057019426847069581332127571852377353599067318575845493565546065, 39148872849911742566743386685315101815554614350968644569713341097162222675945
41392894015473275446522719049419630454522665112254780618158124357074318097111, 34890157919157013427783555472506803982444322173906905656417601600108000074290
17315936498149033896424191859417031556524262913656833547987847798813978735209, 69633030322565442679424706930640228647551970160890823477984407784931977477056
66380598593706806989756625825539040710429748350462424611017926766884110685128, 2439753812436702943928398727667557622776680770519652293711293678784851104748
33160122931083135822780942964478648829832326296080956991430570382930183324471, 75010024719352373533905924905011954874184873210554228085368241775258031883971
26236703807915216917458192472448905528883910482357903191414288008795247656759, 20413064957607546230316484158479058321669382545580249995144888914971115549649
18816353047932557091717208511192983656346405528152514567419594459123045907421, 56435720096715999529510004635692082951818452461272006917790886774239140477860
9595401458046366601731514946149046249042241458824743102600665094324613341155, 680841397958719392193847118233032153925714227886798278010002230662639242660
30203784005013832420372032573111526004406581083046085719705823857695779055019, 38127853565281054853716497729893358957299770453186352238412755205084647306827
19903453871648990143915445101833704237784284316629873863564166638973600061020, 42018944985159692147583075489176817666399543190912241079266488640179997579245
59751687161116746338353720293363891087153359810353820454381830843138391114913, 24757268290502059453691404399258379078381542252456554588095068090352896745412
19170896015406628547174741051327473551219715879437385644322837730490269240631, 19224210054704206200930321467390475092480282991637747601438823963901106401210
12318440970332268565303421055133000706344936972866961179243631335201834499300, 24851238832356365375862075173240330678690397031991133162272457786793817464333
8901729280962080199139309588732666553329959189654754641159819392456529360239, 31957205376526482473820047991227716153737425527951570091664962937845114692356
55481899672475001540033290741262897418781735668838268104403548105470395617820, 74132466999232812835161128150488570863529287169036952229574082529527973346885
9432960025101446527449843628531900722594303966420751891800624304789249395062, 42981937101368195307304600554097077365656807176213286331065030303583551110500
50532957084043840573552401708283077355839520061229911045613900047220175453155, 31747286205037586137963065604595375229196166220199117376376564941747850163953
12116730985262986779044656808091119572209574684474092604958474582512952074294, 70774959297889955658692947048470571347053322576154712445297647924208100558189
31302803810183932496236078375036935982892215083187895415579291275600923719834, 23796075182885663585799764754259637386832918917119630457022457624747510722174
11632160744384945434313272677609567352212149063947376184962361825167566375824, 9739956409689239416425372177327365624400657005058780735039789606321970469279
47217721451289646999771685663290418510564892689298145371904891399679339002128, 40605046167346302991934958640949590062047951981560057752056232793761293008942
36799137072015515485707519604614955159496411862454036240011941575266210920643, 7426252757810753036309913481587924623074171393427862865889597900576495473719
57421188517839276404893294186441079020683217997727430582091660350706556780934, 42046563086999317873428784424944073357144117591759812852350041487200314917718
10633988815409686893018076932489383721689871385593167437866266686775831299949, 68007188349759100347889464457450016501647918751481197004222191412723223474361
4848720540498207031304939280391881985411206474285857293784544161037676105389, 3683947821309352053859302679764089455663602317176399068952784867160887327761
74419867213514151203050123111819943651133312013664228851640577733183642402773, 29567351392205477104562174887458409182258519899182284589011006084468112776809
64196605186016960710810202783207023936708138968381028122746563405603986232082, 11498384147090379997963030494012094323098796482689845519372182475020182288427
38364872996794860314297544825943134186670007111813840883918016172683407475693, 48220084574037319413439305641611551942863544933159386721006239134366678283673
58835083712566548685899624548951591004515218240206341218299106931107351764352, 22281623609259262329402653707259362491915669345355391075640685347071996457479
43641072407393855170328542290965493316030155458840044007111505772113279175680, 25509126811250175813007403448601305509645008039283741506159416241656365104595
25415037053356808360109853813119860791755771524295831364077160898168093625478, 59041597620861857769160222044238948777535357016642253196954284380125908749827
27131281821404585139516866085485984820386799059016854166668352633884463360439, 68112288373008891687919374372435054121799194061165052337910419904603694708131
27597354800419920769149331574539116975863931506633096741766543509668575504158, 62535264596666516654861392918894554201502472515092525535532795827127399230765
22730338826868584813878776257173081485879750421543376222051497526190078478445, 2636984793281512572966425189274856307685571295094426609831792589384330954633
12906570308233450274942921913154918346555495296554171230268637165584681915743, 71140601146880467137243221096579305381481186265116116051762683019793667032433
47535384486151543917178614243538864187705262101583361835728737822483032752069, 54132507012502629518399649329678866363181079567109851783254686963901705843572
2975540413992720785845374310206641313911803286509971452052294382327026980353, 7804472126018704195752387035801876506266000690480905785237134445049826910069
76056552178741481458039690445488600698674751703492604843129519277368166249365, 50975617368732784053761267252757656634974348990269407297087870690099133876046
14843768383465896215779486029710539601423924088378782715977943233313448586031, 50484126976943458248190553854688198941351474124239677743818799859372450641657
35420055457343204622537929782401716480047809828935044899745610925809823740703, 47902617914478018848122237265803484964798323256159161366052587952763284069100
54644395341595053139259788016986281223634544207825648666902360516388808052524, 32981969258028579218835188374460708372803514897627281056091481320153592059370
10784562294799157899424625092894981031813770012485428703038682262001427336893, 56241888619416828735165309319067268781846522801522825264749959647715495938025
64678391015629917117077572816395187897858094168335063652970091210710717434988, 45937753537985474802606134852801697507023665628649068554374073937689418645859
4690636964294115068528163319619803023830828344744294648869626875903374725350, 63951364035117741891090940114580821873917406735057191260112394663920922724407
37729702793243067906186868751215384210187732877529661341078973408453038015289, 41605624727697165129531262471244570157779258518552520248054124748734930776767
7007133775783242242926312705285519945919337385595605380411589993085770034084, 65997978826314291717931787423055975492114624458492138445988057965948261330376
17733117348898538853311291714597938926891226271067230948300098042351474991903, 28982817600247326904050129299178156470370426322874666148917093585922059283809
27589371839074851635142545363013465572424232280237401238670422230675618495600, 63482481421189603554623753845708165794755015350344197327030133264047538545991
53765317449166076526053734932532576728042790914755132697317781177451164451888, 54845673384804492677717494381088057585338384674009098773892098463509885008146
19912572509391823983968321454655768923857431743500393200159802483757594456195, 25419462161112333281396856652496161452471227920351430366916247036622472813657
2939778372703944093225176161534852289455453806969365673132501700001906826417, 72449929271448673971054642221312064035384056425518909522480359558203428765755
73129315200690493434855739420370477679018590007349827745222700468760101783661, 26129891385649055277882803047372512361563695146453222406444798608805914836602
19009342394630582674886550833186500658181711255298332784374304752044188765912, 67655230246568300025118056071514357252280520142812111008795345987857973056223
12666320515662083067487506860605891604483121216946380017466571514776936459166, 4423762727254873979633344058492802476062500918469500141617428612843689924396
17388878426167342868085161036119404298772372306219092031750894653849898763572, 60773327457586975885957999458248308717944531088941853308668662251906219600876
57597304881772769021397858564638904305506030033435808251432123106335925581064, 38315670227035828395404261311544104522598175019748196283800062131842785159263
35893033180401909450409588072329108293550187630451741856285434874665927711625, 45284519184063319888606857280122223501221672701400520523851335140221590173883
44863317530191840292836213473788460483205937562573465215154473964109242040423, 11648036526032674824631817818234703377622756676095286803485144090521912515534
73315759777980536365362476351951844875069963452164528271303963311718125956843, 75298609594276712673928537890244784198668902172682550822855059870294695583045
52237288015094446231375230405414621378791524645342316120993102168961010333894, 14035012594476297622109177462689484986448913185419718925571454675299827032778
11053728853007275358976143477477420121907105091681737112983368997989091110602, 24779343502550149138837845176239869889807149732596169173378589485845791566158
51684760633206104936561961770145923757625945059420396635713742947411734737217, 43312351038801688853683497545038241655170814301159541494666535016662880852948
29389852098194983923404042697336119620322041159817025038762088923735440647904, 30489268245413426083262739005725057211315258320128255185275704970420766286623
17595064598699175691242176741325691435359162476850770747598927750493474641756, 19378881692669382287185943972748034352465394317115253858225864159836717260794
64411418180523022018610297111550563817611221791685227463368935575124816955672, 3093798865510040521971524547018569676807929051348525198260531467269937592355
65975801546944799719316325722814343588133397440267149318798424647937739454040, 48151410500158344463949459697906254169651903303761049430411619886603318216327
65811897183370260780559069042694507986630057328837406182537718951578713190745, 14491804664009327656241435459931460462340762526981717369268628249902662851567
70272896176820024997074311342437381965144418879314475510695651388490167073413, 73521733328393498018329258188155256866105743010262658880917788133149895798629
41206704026786697169599285481493180854961081360160281115610261193632235351580, 10080444213759008836721314431942160005283479597083019957805519550327438896486
19443872428986337360915805321656583909820037965081805020148274330544440100433, 76773966498856073936318663007623798623276889987124294770325621848688752261852
74771716656540942970402651801407058622518067271625874126233282116287919604567, 27701342614427968271934426116180715551182888286071005633963865046719742351516
54375573650205026445062099499503407046486832370751138498821095534254801061312, 74448499690026601967945322863311025382525416161217068946666744229892176793520
64228453438758771615742603728598738229541708608549424449822469572567203267368, 761153147439809144042185107495523454911933046737493921722481440545597133958
10756874348450829857151899398064527138771204031821157514773278177975489221079, 34652465622120121266595398507964396209504619305135067481104044652686104757087
51484135367311706778636414915921903698976988474422042042454500421500640273285, 8259543208885332804558720131258847574320576047922092840134857014225298727868
61431626648997789250328175086295303580355148218217441552359997122044421024783, 56900577067843782707609736367990752365749497204689743761585366529456051364982
22855275434213475596120722001368977392899382788961362919078532441920828077591, 1103028190854970275812430247169175888702695720055019494647088863307490540361
23157114230450762865865687036473104857391973204189844292724708508414968838435, 7044428363525560191612548091197897125934557840366301113223957435141812779439
25127393512305145871496180260455381545421208381945714417311998228267475523861, 44783069025867186279045142806227785058547329389743538919694616135362829636722
73535963150993909540083721927558957545567424083881776087562784941546569147365, 58088496770585226488010188033646656671909636182496819418119355158804840107894
42622385916717718889731935878351222293018236774571615498444414192433117023130, 25915195450075825440928474781806247976996299937976460047806707971442714555793
66451467668760554639280957497678006606350183722329091059636283483406136839415, 71944820435593669460989206234742510511837772306967761821396963922877142545449
64465296204319396412334125476641925633087981537474635303345049394665558004335, 63565500110116317781103855943824032228213016558994534269091499916895977485242
31429939078658912280279095054521613469456404134171758830344345093883707885688, 19495950685354455813302482855327401653795438472478796843522769806884413379167
66671155853749074294492860935263479656840246694964612154757249714579392146330, 14976006182408421307100096744922862834959971624024322008681706920987867512710
76110894114013591808591558176270617321606160755887243718873246464451294591284, 47068785719098023374200144022613614089455371072760579260242020780683007873673
36683631431013695355801940830275136603016472034069140057520767332676845111951, 72648116979897333016886708970629001417537637356296128476836659104555497495466
18078827809468476704662487239298936181717547556981457922701313437086882950894, 60885524726343758507609151135975914610880662513995072192576921692092060399367
62554620107649187584924384390173466833308878362434806737681211772131974864123, 54418316180536859835903647174967128347111923391303850874001895535179916842723
32348961247864848830939056177459190681640193997939303016448341926151591695998, 837932442920871334653071334853737276640172707139546861392998180631260744279
1590539981409285439238368208826033170756207055602771968969125446909744897670, 41485079904880424690365133233361169336867337330908193859883667775209589311976
9260704610191643613796620519933682067739229687865641685146317378907619057242, 29285045562889598400465699070294735260820535805901120933473991984148259017456
26199035903839020327702870593508465974533491367087618344088994796019188423116, 52972834352100530776955466885411426571019371351427497976419831705856647590872
25320573233627457447711257126199316609461721844584067139157193326555124888586, 55475704961904450556886599541693138747573380490893022385612190647711807146167
49371272495118861387790242475108125588593154948157917556431668194354869598311, 24154947409855538336734073180368424359179896507526908670497057000204361364343
25997830314503670137923393337066363130440127845152152325006655033844704300544, 67456480489580162024151157939363842927262961271659583249936606473987154070782
62613906914068807022914604502213389385956216463770446726500041126414351342768, 16516771419234819799470480750049676784576625592184625337980658616608059856068
35460970609004964191980669480777841832945293603199562353023548774459764515221, 27683346963728347105955761074800931901931439621469617131070400169154972556139
40719850059268653432607042310682294348461021995424017367216918191832726293161, 60980519561960437863943541865233227535604215934734714303678651135644180564224
3051911966037401000977857434517643440939373734700018988075165325509344450825, 66656596381416816694544253542568177013918884596518665561568200197096658057292
37134194787344471024888025557262075344359295183359520353334820866789917281965, 64571080258002505951408356133464750378283801156586943096160958756372555496623
2606439991692543821674255009426530961133054659637473761669073692179181326685, 35623118330843111160512052881143224391176366634560494544582525155976253315818
26674808413723346968303894724605329240924001018521617963588828375691238352708, 52790810450844743402845500426594561970789693397035237903280560086476034365299
38263994999799342490087352013187466468990731363510923029126760569316878082777, 34171456649056305484002370557190013801130269383328406569224108775326664110656
71109039438380796210147396441774125962897094440534097766918342332878182450903, 13370459392207681996991712780797769631763013259565137606965127602138874025412
68775673457824068739984995758393309507377993879367542185975318779977247972120, 43509442942489536910481714950629225077395728138415892231413703793212483892074
10301912145985333060758575031469258118596355187422994517022672834333920778313, 28396352608641183184865952781948589778316685649756960445736108829547379602144
17824104663666952793726989125814436042410852249886732797695979138473010690282, 53060832286102191684584105933903228204058706617045365474297708990019339982876
49752273749019546396838959162185771943962788230447134669028833280388670167150, 55074834045806277028174929840499707198096290608459883868681839440522582798534
34023126616611687601287127906615316244722334009394264224494719552957902770242, 42545996312926316867095434348119982354652185125031890335119595727188111553105
70103945917536438200357547472643721074567009397284168310016983555660736015760, 55842398156465071292668218171632905569346347141898429998344839228048762215033
27535140359193592282106417862938662686470706872168595884058095791495013969447, 54958053061946494875618643057865435297284792748202220712146854640130200605043
59788888888206330902665304532577451946270998062561787942821836817754268287726, 56234107768107158454902957671533505873195665205037482699845583940148701388112
74271762037742841100561688157305565670698341930517710175502004038179370352310, 58721395909487692417471581413658796849137767596778243689960753123545981625792
18357351827095603541464978060940366616369571196924038187450975223261587449527, 1998012221409868426838396117515114992003427393837271740061042877860518311348
47272100888987948817117553725700115510853863042273594003995003560362939117025, 70532093876238766967347180890416427594293672218153941321878252427063715167531
42982685410717554811060723601859104695787920690167250647691958069889811906281, 63434594903399787424163379223298625138288827402225604908741375317693339068857
54417149182820518807689374504971511166249353084670328144019343912939888794904, 35312335521086830904458407169154711545487596860114526922811571951502707623093
65278656276583246314877260741511967423233670044733557131489869822338433758817, 71437799476695605100677795061402115575438729316149021773369396999562033832412
60195673987892826481737413123937592452570935032109142646363646693679473931622, 2144840033530623953294545553585048053213441220033742608568862143931566223820
28485385128733528057974455509441691639440012391782564446605208320962401011380, 11032252209611176627227612004880601630327585101397284090727838425274989990428
6182831996777104740539940448953472263142340445608721610746524234060506344958, 41587769603806049277413150525008036664103305825136506909678285015700011679611
17995230719884855102232396528725392917559947649084214142370262026974110539117, 25388275550081339413493425632204815489853427486853511633857795157634114124865
74378318077062051990142896160792829225671238267428643457317382162531371542554, 74309318311978104316725538857255287161024105336689929245011451424611889000364
23693708583697579409778242786964829575408565098777204608065990926147452133575, 50367658488817115160681171743129576965492117786539914269130998769854169643267
71126149796500472883017967903301705819801904573324279849878875742187003552113, 40742468810333111040552903967980772578280533855232604308609841987618030449883
11791386350909642102677505513562533439719037290356032056083038019556636093173, 36563346102409566149423702502320724529040928607624564612043425230425213990963
62992641641440684527918707595334999127506897792865861483172149794075068309815, 29143744802327151011147078953885427848134105746641059805027928419546411238412
559678170688131858709652475932595652065752485724731782789616329316629343446, 24173083195624065013101360860459609839390607563026324727667036139407203073840
63896228593502206994740355298476070063773727235047998913371594861901939298923, 65215807810402337894069851396735476625049815458976280170867917973673248924713
58678646690734016501283337894360284872389964810052114503749962838923758380764, 65925103002395444757874138789042572650056887363415964666301299826613190256905
3701703659786522081641472307526484404928450939261140744614383408794768007166, 30132332235662578043198045505718879165717627023655131740180412818405925822726
68403656347198406618465515944993931616263450604705071257043213019100758838326, 3553934291429502344809302584632415142769436573989152799098514827320722424308
24104852235733601774725408801099924968992316795219776553202711851463420255826, 46419044784559796545327894330741174539155114184533838087176575351826181733023
72038426214148407967029503835811408050890314782281622902271310916232312048532, 16235187369220843705015384444822102419574647906367904225085917195160134477703
23759582828084040396622022163352111206735377433710231689027591085180281033649, 53064002116771900916017097678793460622973111324963011631543309383388941393714
31290708323177970960105915966747930787529859500642325725307336594593942691022, 9338269053263098360988858337151503055813901762554267347429114762230487963832
59003284500221909823132857875941605265915329282089894329391235911547541538111, 53273380266910039177588884528248718503847026843899776412608337928666135798394
13505698951559276179310536360741784277693472425876912559376497654618585210362, 5932475616486694469333692299001482577528830260049170315668320331133583840260
1721606047598004647481155650128219045160661759437528100598551045692594322462, 26939025206462525343663736764259645276424919628735155131480055391571687009742
14987769222666031863597978705912364556784265077686280314690885535010498551067, 72584567866116998234566323190453816170170700772658413216810877733014858550150
37155364529922651848304480569132475893569063174097281953183232843112861426272, 55528752467587805553661479449377692309707832058166165787262071841388734666166
53110983668450850266070414104093801001191270512678078592968753888110648248979, 66137306647784224510300321918417949041847084717868630743194037509490483463109
52974487545999435284602896930699153393102941484638909323172341115694950078801, 51165039392438784706859230465067415765623208804848172769519568229618293665141
40437473759184951966733698607216872398082451847760367389011788645837934970939, 38263167625928987578885196726133984266567585283328351950250629722480306982688
34906473774903407075576185360511246768229901470703495417986086620279817160069, 58227515070644680657095706374580808671941259084809009920706496030004202051283
14884162660818628363555218889531456575201637864342223124763363693592812787918, 43265116298462868923642576380559261274118314309924891605071828047788801587296
30914418362050368849820591439372244818162101206439549942357351023355977831478, 46223947308090000037930190517551240804652152085871870255816317415859636443585
7011405460809648167512452224484614483632277596424395136751375049076008512095, 28916627679617168444005874783962213333317645268097009387786385384764918750785
11644431220590352360553102714145958942326027830054167444797760291230331067435, 23846158174106641943675409247952196824104433399317637547666819732449203897934
49217682154888480072081843729544687476683020018150115809744017938367150782362, 23464120830122338355915950309295562522352194374879681966247929302545542572285
10548339125269297529033851454634254132705978398538340912764484586610125686322, 29890897258390230319546564089412366147320054202275896929291982244199454837308
26449861267231976517863026572580871593174502505772821961635726507764954900119, 50217615768520711070732226054869017222942794227968966652584724545725076504610
12022364828301504243109356007241641152990949650249961592023940621437829535606, 63392098625676881930916257633042609491367390922342511095344396990913405271735
39405632550170505233188309493264413125569937877366301030592677560106696808317, 10976595465277075366110414334728197264607781948857835314136176601848770383554
40538727813135442571949700321431684082810565599731162717700546267649877147680, 11782708751666162651827000471556347185639128646739893545111549394812492926729
13294763563029542511237015973436127521926536131267928575765918270300110931780, 70775737904057175345229258119250714944516133477091840957636663794404834326431
45989076672964173564782349450224029928672156108906784959039312999910659428318, 63767945765823756200401188597597612964973377861245372022575831876337632884221
52627444985209067596152559098243209134550013492443695783190896149367792248749, 67925938175492681314353309410363412229457861841267594232984158263510183248964
28328188804701814530531841306720034572404739850688271286212023961326030487186, 16521743643427330539876107426746979112148529471447787598808999845941981695860
72771267727885549725565065472374133383127289134625664758403819742255564242645, 58148082432642529325009441936483206142949114132763972494522317046460378321169
24619983910223904989630953772159245702853677883596104006158267623995704648128, 8573386828177621346421504387826413885372538326992671543876631580184517794601
19383613333218374400339106442542319307307074946829739403778694258316499916309, 28008377654150366478480398884804732994425123862984093433737705247054263949523
25750969877737180007133956344127700385962255348773633310790121646895524152368, 13164745366645746351973068470690015311923483188843652540587530878959688529516
23220813612130930187541125075716758823410752885841457051007200193087642306, 33969035659544809206081212687250013131335723775560074356349218509011004310924
37381162271112007594631920595291795182523469324566451283671796780787960695598, 41361968159260057376826252916015496259630504390259373423164489354962218204202
76652055616633900559852059157319766523942943312698421256829181906806946150632, 66608033744475971714592256377118072037326559749094831427980007626641757631383
71217479902643116557845497432935190801508482672957636776729205932170764476, 4440713541742313464512097049102430113656794356213366469093292496161374300384
9230295471999988965713862697369280459926677446957107049481898211714692757286, 65193042763258975760817105679370760958721100814744539298764158933724990316545
59984482462344339244792225375826653781548024872029718993060308720982666846842, 39511708421925757797804296236548390992713390899737883356907395960114183424594
1975634401997543633685904914682498588878588072303674205838993409603679833284, 40254466181783457295060824605030901064457816447049620121081695714505867928912
51214978566409290156486291229716548593438404109240879962968814584075403302982, 41293947202527720816956724882809992351078038414326953306535813419495771062875
15485571903165360374317818588503006622804485891001012549031805105496918915219, 5366906044317028025363104643953371713673886959687395727291513701221541999182
43936531231690750018180675537898448491330241572745257679953265746948647982386, 19423611148112058200946275166301217576735741760646272551365859651435670464650
24999662467334683928250026440607897387931618735542364045009623718591052978758, 70175924494371593577894876230422855642315763088737079231738516731530664386463
4312345901560675649460064821647306041450649201318761075259267849672769177321, 41578907702942548767257929384104313745949226085449229180916589408936644908247
67443756484988756601951208534110949021977616723266669877462056477495790992967, 772140883468177457875300123123280932848466880571408406003922338668622734919
8600098299452431409212130825641329562486290223346570548128124183346636943564, 10782771160044449515658350692662108675224784805635466382262116767641125037670
29732349302429761877710448351845850824328726956638306475603068566229495930504, 66269941573348448697286986780899006645898643751118119883598055023150517515667
8367564692727835400541481291072175098989002996878114940045686172821193058951, 66881519901634589321419857173547638585986402229786962148137112300698224651678
43152887948972392940228656358747471501652053585677604718600655534075071512173, 6813415244322022466308886404649510309693156970240749542378384759415179236774
66675144610359817723445020184654869083033653095664266455966290185257705036421, 68567631658907955566763793342882579194662691695754761167638712254396022406517
66841247451763903391618111424938117808240646164370901949250871317342120395002, 60591340364726556672894328531077399872478411524496684588053933635274390878957
42204201864768716029835624096044984221271366522024616121299383793490557138898, 52320471324800390815315521332479571275360391725936874814310793465029172761414
57694730932084012558603797755879618344536988888011215894868762408010935915701, 66069005101242438475933643659356757931308805249021896414836636072530213833894
11100399974770771768811257090454318388294423217498159447142672028277346193969, 49891547904476716326045017372308013357638060130594588094432390459617541225352
55627311202055765651359371532859418724328377483576537791633604132840178414726, 29252968976464784900292930408725378952523477740956978205004594994520721025737
15147392619673887921884159401358671750529644076758685414487818968183006108310, 31400801215247595338308263056986556879005846418792301809319034862133074438481
58207045652355735755826391076732942228029013975604674180717360788224465090768, 6447129702974382444043179021003873267190664261552802244868317936249388192961
39105057556027742435378202637800886958276067949350813405298451574019629810082, 46741936075344160480837664527345624993650640448770350195726347374463842298906
56548782284916546595588624403750381022475870683412077724766088700290651921750, 27430440349328358609345787936846778499244319615102072649391407565100012521119
16080572237420834996225915994291102023437117589060302132117657715726612162678, 68588843822195052555132692674170238456804634774463216197699914167470563328184
61631480905317135153936016784261799543634055057637714042775403561620397924175, 68874984130886355523381407876493165853538124979561627912608615066647696772474
57101994612220801393227166831190125576134185441740206680695273320272212908903, 52624447815969039452662707207257454524892488489522171874608667848572362627036
53211181778257195749165753785424765522840994204567097437119471415712576162391, 14378480459507727083350915383893749231447347208376969623031998862321981001289
33099440465655277920328530168367373074827169316706956012724471181902811260692, 57319984571836924048042662700084702989696058353932078244799327874640169818496
908768056369814814017783033102427278334365631021516533817919348643651612138, 45051169551087494686103311441517008760890410653656614039589698969215454032775
6909006863455547606580578173287052120949152163823650947622494384559233942023, 57012090067711284415423322066292092564752081242163782848822698665923449529958
73516336690270300590032989609373082610491023130691121604226375779895740625842, 73125236106368844347229222698247829374578968521301673276825348165552499268510
72001360380004651749268675343399765832663406666551019831558190901449549544219, 44685971780324646825224084745510318097590931398567405391877048788897710881595
41724685555330721750680513691109011155346612912810788965858557040610447534714, 3627603375237172824379059901021178339894372732894293630430524420796817281255
73208362729730590287619242543016359636517614821866070497012532216185058155034, 49164850934529224556234228195390593556509093203332870815872805432083965185208
12854501222031574086401218488356478426108835263520444885981045103625938992515, 26000591312208956206621551164722324112277864499723832210470087443778316482137
76228320173681635496163118481767152666556992340038934748181336604586572355358, 15232038202728250687480064836273833122032610766096930109263656147265272773586
6776672148514888618789221282352765014907824899834517599859100772014782603209, 10502137087797909343626488605578644537267351282004835403980348439483435014734
63190956573762335270786192005834522531569006889936165348774252566823546518568, 43876898853248200579277643496446894027404652938545385292100714835295266318799
50898538674904755459207942256784161030605734684956102126741483641774634091299, 9281019415042963181325561644105125403562705060282839165093312577948878572773
