Elliptic Curve: brainpoolP256r1
Field Prime: 76884956397045344220809746629001649093037950200943055203735601445031516197751
Base Point: (63243729749562333355292243550312970334778175571054726587095381623627144114786, 38218615093753523893122277964030810387585405539772602581557831887485717997975)
Polynomial Degree: 5
Polynomial Coefficients: [33, 42, 26, 11, 61, 28]
Public Key: (29490388000570089894463538917881291182316683489872004348750702532189902487535, 75078612300649212831048528534542320225453281095961758534184393092269799422160)
20486781026291361508097260766055439749696427548079172562279894292857405091152, 55885689263664260947775282677848964608316458226431306401095684758274513192752
27659438868910336353710112849386633878391013663346058740389252196805500982587, 12376997988634135719232611643481482272311671099828730919617111377924533346266
32663840594360869784746953449147692569593230907085109545204933977190911238828, 5913384474857579115406379124016331231168573905583219375458295011380808005044
31247546158448278744668957257981639974257466869669262913127137771731371623608, 72777889620021826097493608420037076796566719183380256874563680724651638506400
30592624398522686621765213362799645617674862338541426543142046093792364743649, 66635396017139917276187890682562973978802497781395062077772200508056426172741
41482308607227425404900485519028194936324878762348161192985603919812574258131, 52258378537077126251016206871183340731669314588915987877802231611264305319553
29158324267329312261794724641042792358341208538298218232291090431969753045764, 5392643419130865243798982202611555155326999806956723474126453660376772569400
30742282795069148232557052112574215568645188166229935863309198440685982005505, 23730819461057904077073305218079802410363860676011728881114717129937727531751
61372608325743309290314192334418619259100067921013105957694283138121152717691, 43473278075509851219849304200435165828871352717723808243785388400351182680775
36116095859869554749821941400305330666239565607835303867536740118592077698633, 43167012074841961886825402072558192077574513134392769914763455300220932549147
56496646490416536766102224556153836899254873721140220925024113034513958188683, 3932998938174829868728030369017210154844372220290057502369794329609191633248
39983662675449250700559659031347102776517665735039900974044746302781216839892, 42955871321801316446898812375123954924182511147873612746642427419224429388794
1954484938847578224838094715254249655365371120113303425375791966213274453934, 50793980060860298609041013872473511190216720008503994285936294623751467720786
58619985592215156304880221041721941377638573061659420068028321011073878388257, 4749015969758127033554071986928609175793690198467563082625994922801287214665
56283449112370639747304120920974665153366291662348594603980030482904633778256, 55571542004416472248232614308328771834381756368460704575947015333169886891309
6882597346472351729185617451844940098272156937558629079319872937812526040514, 64377040187308968735070189539582687819810780027718728116654691630761808322162
29812104589831401736273662603939733568165691670785982711940391936960986285391, 41788208389445905763870450739413042171418320993635041810545767093003969560476
37015232939763004783431834926627771092908470675805508660762404010549277930664, 6407314304224296880813385594366238040446891211867420072012701279727421985901
61742873720009960565590934436346130034590220218808430832460588995424547237152, 24099903704458676726336253233583408427308503844902277465125269556741138048144
6107054874833438102165708630939742895219633814095317498702372268405133975949, 45003717304660175261095462954395036197270624661896874869132820585089014917343
8104101175498569519498896300392988717459398571672585484348248615266941793283, 38145863052801807504451690351585422522625539891296989044392234976190755522697
12719403814652108421653351125777324531178863014879905174518934389538658510562, 12590990336185455838289963108598506534816991688204088507260214956229077251835
50797064017752728582948773150385112430773321055081564022579128176900766488124, 43172633541983896876787719478275114928527048628456624887587301287082523471024
36323852747463647359199069892132479439014637317087443299444255805305803282314, 64607338145001027121649765673460478393923098111986135695016256520855672749205
57003954147980511339751271444867797365148326976050622939829887947603228990054, 71083149438885952056108822624380928290049959577041785132865433894388745532996
43677144811672214291168684344109603606592527648596297524314704290550174123594, 70449262312823462273939736325323247434546059624795453897486110547426654268323
51303980225901869637025508721616768944971964663076659775353610309220134327669, 10715510860702754442821055031644844417947629687116795080372165536460156536559
47969554890867629272320479891743549822265546310802979056955401422298931148701, 54067060858862700263252087044023393834374293314237575180439939071946857802172
76049252580082779213766137180182978064591977509162756193224127465669968389135, 72598668758574164269790485901420441455294301322044946725607264698394024518472
27250415797508088804006608437129360764454560201587312916686329946281065007107, 22013838487102703184517540278452629340648548035327377834234238316715612954548
1118406230805886457945225166804948639815311913204580237735245467365390053250, 51347790174392913580496858584205148924980570362035580442370785956205153502519
32505785335039409662360357031898417916779798099664145894572820141233254211318, 65913280309410963405724583871063608181392802532396014157859723989454388522006
61402292301482125979407638201738625820680628588187677719293602318391679959849, 5952188155125734122689656927146406631013965049554839489214411592188932308584
20846427920580632565352823738652311134595390407647175393781792342206717623892, 48512125322990778460367889914396970004918702741428920200566301322941181234135
33198863245590392572412430524518943617226500566075865751620229961141177364142, 66643401654148454746513454182243429553857038596834575892437366733197260329597
58147579081994314546246450862640027906011051689018574556545476289593673602386, 48928747523892760303390524276811437574751502273053218657654236326708168797565
50968569229813631602088356228753479395096514573349564047207283501244590179489, 6013901020464925781639398302949642636324373970784150021069957902734557465939
54126939784135678881737266533112684468015160575144097329120204995829287795483, 583812588533750951590460706920686010336328650998144900903449436692441283533
20676488848906454905666547700827526413366017292748289049626966757573288669185, 10513367243872334299743750401247356427130153757547982322730178028512607589991
66339870946189826335512170472067739499541632728257206758026375351754689493413, 38720435470644176850640968835562302147170380243950094873070950778844979872580
36064324783188481890681972004424981644260477134417103668068593747138957992203, 9426193415112114199955243960881662597780942400806873704225647244232693401928
40262019160845388513358101729129989674405587375792780740301218610321997937072, 62766962531757390751309761855604160004568740265724007437713119295870909972947
45832861659293687793473364016745512458896377130633830401757245475910554188623, 60067341948553095551110948343342449207812643428938855092245393836198737042002
45016499620367712298208093321437420055976117775268624349331704891386863990847, 2520282186567728964189634765412239331316032818419314333861037485985282434754
72639293318842424136385463501921265824750210966502398792667390383714144742456, 73538666751280122066084939343354425231717343210788479538766661260425056015506
6136781193320857556185200402740376814771671029058769451717484269920471047418, 5378217614927506356427246012472936750662570501860746731551859736152178689742
13186319121133847496094231541216280020085185230093470326840676304785572108117, 28141617627324189946980154474870882928500404073942907412907961765634748270148
22422251085571839989156773110813143868391886034029240548981518279556079096258, 325515476258949448655916084661543098367499392077573755349122025041653260647
12504088449324410920715645571954579305037774743322934222460857350245835526946, 58027204494020597416658286623065212074132123209035873131673231989618855268697
42323413729108045857465401199356984404654287899050327831355947718835793449890, 13988519298655028567623074624008093468116789903190389676730850292196922036112
10104766957432747163692337489899877244838158926918845331661471990998891721386, 51681865926559597766216920896547829479598175807316995530353140024422501480610
72702736109892701948185167440833413031933673385101106017336749047030649621737, 8251176484508977017192270642551997316198835921446159073498293268998671400657
49636610748913412571008297099333563967677008466669371850014011328530800798348, 22071599209657397536330795364183513220124670818061971317380286858845518551225
48810214041034617275616190822790535605127359753859995449224352875784893578367, 57277591552992274738758617262660892033451438991405322262534998610223624860459
2338812474703143847768739995230264553420658881725281006416692935003184916220, 73386534135885872994642314641441589972870021465325005671892313122990109233404
36009617999616806387939048652476596651977107672664496794244606311260859691773, 15691889543964327124415224493614475122209885859593759496954341046233874093495
64962603572170264555906699264320736130593530254070418717359946977293496493084, 10870674860258476667015369167624469267685026316151552629113552009554606285612
13228614539860671603631363463530556867627985886435102642810097005101235355975, 14761729617785733470575378049398022065032972786070964773422403211035408179162
4698648377942590737207947031787031555621128951140842804289704483946144141192, 36538448936028245638157903288487457390632562366246517464834554569028378343986
67933894636081246107085435377410975371683018261674137015228041723310170569234, 822186360888970583641582449676880174341513298579676608898725905082161399827
6936595699567742305570970048739876829714517593993401225916426730924366984711, 33714557276170394580320319692984279561446164446498024978997150018901605265431
72262892537002526521460810496993467417578977798558666866157490613357340107817, 45531292543520896255223264091576013695568449451050406161123451669309406706197
73394882019505472754895719472188781941174662054845478320880662573480433058368, 45378079041419547071277831918830965991615157775576729895658755325396643653636
36576348687208376564505698445023487888537095193296009652219402975583349284756, 75105386844126229490475301763759332210286776574874165448248864503205415172110
19317929951753890123480052995453479125899992172717968983335845023374621113486, 27812407371052505075183925207245434972686623999833118372296182733398619477556
35641673923599122127158975514628387862580555079088620328719481677605731156484, 33025174487832798601592145069145408892662691100537231318918772891151185576210
4199523477423242424243044920230437219299750671989723221750765601238159412622, 60351019539198681602388738435696351615589530748141233357811062578424502568703
17309512277859973407540799112287865102283558014078751586757852657130641744301, 33621672230253264653712500761148705908547823516762651843632022348030182723827
74668128476607765990996829088411369585933226455967877195991129893555525884086, 9525315056001012801990058944748885008963160031460055541996787478653740566496
75917010560551085461442276935736778065518066684517143307472784053879655732695, 64277931108356817556997976025715731605848353142749909588446620176609930695706
54590078415520074524451772626024290013127817216281314525878505297976261294543, 36706773046409984435461707366198357452725449906542337844702381258183514188991
69070330320332253218725567727763716123044166550626466661860016018973356443061, 57473919582201302384431660206751928958489119584001847340263565076237022734577
59927626540550800469242663048939554676681666010783871009467234218804043253579, 30271197671075218280772671939605141396562116031898381454779219967970352404554
22705171918992315682558608529550207255745414468326935859929708432814156293834, 35872134653195990501778407778268647376602126425119096584206553044378783446137
50450348279626889589866578953103673765945095771731990539233612701827224081118, 50782639145975182034255057527231908313155306094580995486504018733211547360346
25151084066714535040112670844548888076381191928606515569224395474490628372875, 33465584110093750197993739593146736497621194570821334218695008849578746843041
29851087217161513635740491427194652050134197690790511491949270745446767787615, 13886056210068620871168244634891620304755972553627200816720383229144724368999
39711329843145653407659562386256229674279986055708485764818261441378467373817, 40611450340902527409491192633695115701005831320976552318644304124516460194355
66717643380696461792244885618171794791733289876996091574143516157499267397016, 60973652608925204157427138930078272968385228882439099138318271250346472279334
1198119328301486390538103141922891751724444888191667355253839869787361765921, 5003465521338873458047746117450980140944435614575385802539930134124291109014
41434402331802876260792529394503664918943641727129461371450873491520446114649, 2122204878854660322634273686539468384281299079934704516227002988674186504959
54719901862500784279206736406748744221020364500502985117748960623475420214306, 31531342029745343467576017205774135736835439076135392339289542908066857126610
29118509322106455726875204487106715718823888014895654747717488205794414029546, 37645418975923038404846077016868026484610599201584545799718002367392676962314
32936121031534371749035334238929892642535235938458967464044293274663233302532, 56897931118154661527211746883385030653062246734787767700543637285665639578846
30620526463810769514850298135300558192494746628371376791803290022055748957333, 31585493612437631232710333847978127793840627586879223956265972123779955404363
42769359912270942622440274220611336489439171925103385656730086343878131803562, 44797675770651473543432735323237630505910622965055900680986706538830655814136
44075968760996576881555041990247042774312500253307977358016210614520152433955, 2001178704002834328459003671872471602011534961062681731738623430965357242553
66315307841395991590006007918607858233354200728130026785482111918646147974095, 62277741067488822370231206069191923101223369338065801377951276932437371628242
56354342168120574027672846424229920127709879473770589942764376443831081020432, 12711822619605146370991744889324434745299386771952522179883051407888808886760
58648355992663513383798691447809317748385833214566766240636908527961009687815, 4952237211247443691461094454854313552088800195226652162106675348782480445863
20333331120179472320965382737203558913419117703138904030294947729334514665719, 49813745958086881846059243219367467354508378002761496925992249842901121597624
33249464061896874974708731227068975226014588220172103917395950991830853512990, 48151541934720252748785654068838768598380127161295345019513192079146517613592
8318790947129781141248683002864875393855891994212598235642210431722698570957, 14416473306651776273133947106371179067092631027754013452708759343166014826658
35165167142422746108910703494459756780412364349753090583504512087257854222318, 61498509311810374422517131510826999147094073596999701875623599053311065662701
75661339405487843076204492206298972075975840128401649375490860281325784675911, 37682645492479349973791643955546629638913217119478857559887690452709127752309
39585956605529038040466630785570352638406479412800221927374509911718444319138, 29637982752689993020749409615757949489024184952024354875503809507225959965526
50656756090849862312379939199939596242261952455832048368480985883313127118902, 9115683237171215156658607688001613899223159019849500826979418590282639317447
3637005219143771272686855006877172693952685603251629712756264257877786893602, 22353274292697592797122817894117805074528121373302696885106709016394355108291
36719373030194098734506896624584459122765709745154113969596189194071272522552, 70859821864533542491675580006721949838443550645932901313747674366743499742529
5638824298978188079030589246309862938739836415592684796555750094458332634407, 13554615773808116610346325123650301253262709452610092966406858869635344988912
13658460877847856299388087175833705688642531030477163029866650570783960574088, 9262194523383306623593505722646268410938791627908199182585909701054346935915
75172548554694163287259402032114259648307578401371399210829015625204744956231, 60335360327457927980823061231252915208097957545586648614615398217115520133936
17671404091367565527652584287895947946907481875029998027243399229816434654206, 12218423338016805596724071996155096036452107951221309532989359167575993316475
56527133149833323671735686391140606574553634906662118180633849722317300156110, 74610425306881245231726833057427393276322744706703540349350023330330057470756
9302919690896919991030151495200855540638705710788965913161139803877331836926, 4260266801295589421117116044217392090832307140396963937148465794127368647603
71279477083224554730350935914198838148310063800821835530929412415335259434689, 2600804756195921006611801545674529033983244338274723089112597013846867571160
4403454386387598833528605792972186332864389290561004163621909388289930294558, 67877281907602027038704450356705550496581716559511215938651157346674727180830
45063942953959783355185849706219643498742668822735093345059451452072463049979, 52801207454177316485147668477818472570737670542749023827290016718799574363859
12454325521140046844412637771944643665426644237139907285390986263228179292082, 30351654754605536839314821275498523489281327170707521363294788526062786960247
72140447519658990990519853967044079487429459251242291176461605835919175324358, 12597867627894861383613696065009397082994335830229305626282905203161463932260
9308152211770172635188007127525259290892155767390545838893361951432573653022, 17291551378270773681248459809200628485400354275436999292840712260273201846674
7802697609678991235006496995443514305591300672241788580085760275017080271385, 39753371628327260058401239734746525996809394860188203542108188371013056452700
70916169483281194153418462124030955359126625393353064702052828674952753523376, 42858191390339767598625095918506452394421714199625541790718581631209691757668
26537999629938956274667251889222201976272086374219981886922167112512335499849, 23717756981198079547889064813972575049834033488043652294327121832389333126768
32721120134499539100942439813546718350489452525405501004534671058980516841663, 73588693310746886741117229883829739414274865028030198271677722469128677426842
52055365693198320731461154189174117982669350828665089461588713048580668851636, 42400188888495516523338795993077509111378175397364348680025344361068859581583
34113211692143622771862597857787415166735389334227348175348954869536094359492, 13453799425888045279458186868986971990327392872484655300539892250419667871001
32360038719446067300220073808349231980039701408294771240384247110803204811617, 8125130962399708000103777189126063233595575395115687214221016987113598988838
57296099426517091860655795148154813105389228507380195116114979491429520825575, 38028283811173665740645598442802972398383481932774203920054752803338301762740
66158815583479142183954500341800796553231283098379588424941328457277115800204, 52174679535905811034477341522954722326742276403169803961328534920853577505391
45836982164048506207706015883120615004065810055395122211163538393250705828969, 61298369956422546168106981397505493340525220658427425005464741949761365000661
35026279624144531997522060714051129067720242351920075933476954778853613653722, 19464386394858673371401691395905022578344222866417986184075156078434191335914
38092888074040222857590985571342869122705903226301500103344183081246564237918, 54892340850027358334608231079989060777469548214358306376192198150971155681010
31663868708233906987619352496642612742512255815390326680044860454925652742588, 60853362225818407783496544418590809100649377165781219634084462040992534073505
22972527453198067034141555637615342802260905772363943974522538157585213853140, 33517337236674645446028017299633668229750017443616413552609492034003977115393
71372083768256575855945714468704393818266720574554501095992978173707515119587, 14966611908661598317928374052817201959754478291190270577016443801712504052355
60696742474106681195464898823683038511938081732786332999169757591365366572004, 71786643645271141926704883345660738876297628989112499648766182777070810977273
5230785268778417197465516221009845602227415735342802936172007720473345441169, 21196697246620878685356342664161397851565273540827974922127453924546779012909
31176533630829406216503482029761244875054933334494068111008420243862632796896, 52551412134981791988623015761582929770613529909694557823548898371015827731490
38926513924097629716276154591761641039827306949684881505378199675579556387861, 50459231112600757128884888408502491605950047616599430907753383719179556059242
15226971893796777429905835099058629988151781896225598782489519088046036282779, 14080054053000432872331276816351438367379024866331736031975072880519630694203
25071902119357152769166839041119130833255579403768863771270898129349653272550, 35983090642621263042303585897323040744392060338706013242924999163182797880170
72560272936238976155468326296784189625618812020792240781093550421548880738554, 60372803704117855531282610447112788026671546355934457804563601084088642786102
24351871512801628023207817146656747002071957069199370341743476225681127203515, 64487823685442704778563380901670148900511343694104590362905092479654583441511
62449691993782278282363925929023544580731402528875203291914211891703398980842, 13530341806320562312278341265435350027636163032820500496785605250642551903577
68941512674263346313473243836533512287501874659939224067161000346761794231956, 7792400844755169739029092119081857833006015284976883246759495086501348800845
32028570301386155916571748592743201988121405839827978775666751878645669377036, 71335082516479595142085558472405176151691282547301561335462345102916522904290
27107534547620885435134232290571581029330446259269062547887155710983169811368, 31850454887923062726964352710089206655307516754383180976624956760344528489495
49811738903621698937613193358955690484777452642065918967833359767023958395662, 73248324425917050346887004527544043474165016919516901896396625202476910878701
47039328374959267186118455723136784141434439279825414225600070133284596826913, 6176465193531495868195228880811123851753243964953797035430494230137583269937
65881034789606815082590901184753321839747102218667335000182743413433353117813, 33699570847404582843815968244158932414146740214927904888465791178931865811304
44774764631177636120652972429217182895294922643699802335606862750653642324468, 376787864498747402472755510202252220062443277248487932641478483577585077824
21808273937612041982783818642547123565769183823446165789888691057724989115578, 53672953260620589398168463637550846826090989605804024520646584270377089870539
47686006697788194011702428597542453863932809037506229871376463676901123980635, 48338714176618902931596699040184316085325081027282307658722352034574459431178
38325365109547418160449456920730622224557317012370061542359930402367086104156, 15288654643141036220957170439925133166972867740124464301475105405514081189188
23285426294678064675019063701727656730574810942521736350315719872960498910330, 26696325142473546541366105288583057087788460560040916444057370624277416442277
64047616621218208474603075974993752938676476920106756097494925003279962643671, 33466410228024508508504700203075563144990687895557910645457459199738525889538
65137884458731155357387414705957016945088811009186791014772127358907067292047, 23864999564525874826909769431984156218197112322939465446680192356038242925588
62410844338781878752278054375942019708778731598119688873485370472781620972792, 14934952077807336458876215350883484058593370627458016212753074789290287052259
76262047207094288194888095665535472528474445219129267091752829961539373261415, 75902922748023557554718111392130770796756383373155679605290842265185063431201
29006450969266157148843378587830519579594805361214856878005848998339898813176, 2567911369437374711235480568905219123289641663104995166395436005952247134425
42753959191113479395538252795679256260232311258516764016875340475443082999992, 34270381615801058572016061946942725679599862953359248314938805973319941455766
8512957676110590249614248569010455376572841033071015484982213851150052604307, 55324725628924696165800798991105081885130013825485385554181884548295155409210
22734780260392451765647453669731317323118736418326392308046533375924301872109, 29969467912963422661600165024482845141383399087521579521707869235683399506468
73930981428632511704229559673572367824896760825657143637783732331570206295231, 38408378512503112796761330938879990008351913068931020643497778016609293157161
72620202513530903933148107037172319701813291267072296393865726514250692026844, 49453693654107981576350772845288903756684770081204495506375823565138758086375
1942723011556477231323450264457062298612898424756834721306494936750106686374, 53019198973822093125216605069041826817425366398339257551882235044072580877646
61400869044603686757904672583617948975681096517935179167556844903831599503999, 51698985186497905407919226233570355049062209523343242158632883864282930818497
66713220950430061223230728283544688939341759846323542885147413613128397128198, 63200458268377612987147579554872381660178371502105215948719973584121503357851
50271243679179075717474576917026346921160636724813118257672087257573462606570, 15376319099123651249206560480606530166112580207292280727608074701649967902362
37164713604996750253256997515668955677379313246050218760998357002592108356611, 43695251309681465712860444197927857296520414028030716417300476577303398579909
18554449953802567079565014088047768122120200796071301896363656040595247819367, 10758451732191215048432476816539058465175947931847089124506250456780254119124
3817476963623864447017205010781473937741989573481317662111636563260389550153, 67273183326510542029518053840301299115485155541086470323160115891863942473705
66172815501523339495626859251574274021168851443884471363399612923462324905901, 33486327587426448761019769396617658974986983786783007265051088266707852395682
8912702425270293267536629424395352254900816238039406874354731778435665721719, 38171429567158145446943791865578927316284961257476321126057659258320612356995
47034239039969231728803012613829131772308265119824416866084940689198494267385, 23158700719358785714103055503940762261115089587747503626661872178403425604457
9452853750033166197082111829125029220925557100450311481694536206123255535217, 74601838963383947174743750535679627120842762511680437670400265179962733740398
33702025938591364737469190770860192443184682700347899998530956700100152385955, 18979976966940443768664317247230031144668345521312319563362467990408500868410
26584315059493547860935169950972650302429469695314448804346917262431973961541, 44805609334308516473821222662160550828618101603024403083588930675608957810621
6065436408180585171823347343357382831143544183406402863031481030862219343924, 36040177197710042422047785662949435183644136422514779446361750520442023004283
5334098538288929938718031575075895937031653133290704783004245108069241436352, 57007516323444261354509103335173947189818948106135978948014759722112139073972
67495239825320382060297159824132929795384360147250191174442030084845868586022, 56485693320708776401803631996003096837188012176354691595770054441436476443602
36214889404973242106297786451705358304828133457561666148716337854538317053675, 5165334527216186413462716415640393975068764355848525161880649212615328916056
73926705646620474391969833975893703660432272104325212164156789576729720243053, 15662103476222313659269739590273032143096464014393149285005600265784429407259
54600050645309040615936747189807772244626585962226664296680347463491716981426, 39413266546549283501240592592006457554523522405280218489808844232382655268515
22206467597749700717920530915967328615892369399346040349258961168925897260775, 38700745386510129019941923150644779535802966482661958807997685349217722489291
29183472695809093813767276285604416707382324748634064096374024253768173881674, 24977516067723563600205766055799627177377574737565597030221430886629932782788
11801488723876177587770410213515178434768658002475121536901504849107223020414, 60096679231154097750477289203677908152074723400275428925889776701130298878894
75435688623547790520312611823987738796573397000297999113473073519307793637952, 34157739393899031600623750989124008477621608122756831290664456829960619921920
42312582235280922822582225299652012376976920135922846702772982497825264808487, 73714746826820337793639272868099732945401671782967669497649275376687454353967
14604570235961903772043865058845079477788164616609311269605337347623155912927, 47481482133660489119394614388647822706232208533838270302763632601301818904250
59575658191356393689399445738264694232125245642605184248615465070118488425284, 18486145509613042746291486441392703872023753869110741497218410317182862016057
16274891344317784920981881641127900191322448016995283709440786172307236647474, 75505081496874784333251992292543766814217329416081440688608714060890584976298
71072205088118172219069267715176870969217034343410458584322992843948479348669, 44181848933627510599648950557606022764527475658650091055755090868684627073081
5630631071457155586030095141859060862458324554729569628864546498315840755180, 55037859841244249709228881126816127346861036366080425417252616818748912686824
38088446942310087001151350756120841942418548335334933769181195754354242901134, 65172969004314646612440288960196254999662587879025772751609080401311649065822
7080640559952354127255333116263438263807573119675268294904792503539250029902, 37177074920202726803442664705017482556121466868326328496001944631486269262690
60868370684888200634482925526047977584846400966897026449577520269220358624224, 21199038830545266573650307640765142717344997829106490975685455253772892275889
24653629260328304635706403078296359664088451042913250523092924823088372417011, 25758349638594376294768107467999458442487270317708617350622410609337231610667
54703260608125369678021199790562087196784879508463652938211410393933957551825, 56893384877946196474263970912753487995978666532286149586515687955005332640900
48508811144396947784796625648659586907914798509107307361291672957963229557776, 6058719092729475163652176525239023061150963990255873097699989241361685820042
71941813043140125545416517771024305092126639062529317642039786935622326094176, 53000459109896583268575823566621885867823902422610387668734747447140122916569
7149798073559956095328855413007120142601937246431046222172856203327222355933, 39619108489135342028518692901705283541991603055692139775959023408994001928165
73529827370003924321342191290957962140962966603414418477387669904654638344815, 27436980599539597833443959364125643380523012352076863575694254793043903390694
213318203976987053523515331789940268724183787499420837368303100252116885070, 30482312222538660189448357102428631944402333129235323011065727634481160898680
34066843171459371788789934548006929815425898113983599077313358698194435976956, 33072002540012369755356682696796991175683538576603511212492786339667649537733
72097068983300439463870702759479408787817471415052570393058937336161185294873, 33230087350729235482148244620186052700721686268693951097653238108225492012805
25736733388442430904162195533430774401661981527247185782840211765306559008051, 37548001357264658235762355924977919569582608417269568723417648153044360375936
58774090286241389912090680537762243730558241179875907945786444910469905218612, 50502315568609169221954664926670310910523001334776228317639021557095637623626
39584668874173254158651836379304070867571370438732823003959010918134951492685, 46393596980949597836471736928104337303656385377864962245571228778116133716818
24374165693339664207404073104239544822110658295889259284495477571621979118408, 28385813043565261673776654165634793440233092838427626905146315996684066613282
61516181611163971149760145624408037901691727941008459735529443909380313839061, 49964796389137994482052272005645596003802759983625013568438833407048830273977
23491466789799746390763698754903574642984333311371710048699189276675800152025, 16179905505519710316307100184418490610374092640306211944941530337443480912711
20456717534329199737955818968057575093143862153373969058928519040809508837207, 53157522022455836903401396797498124859919769270889501502242285756673245372426
37496843447527480839733117022476260684891490588772919682561332519808664460538, 15402578825886348241630363218038926755246901519038516462570433417888262474982
12176502107367731014762740229638993581271272966192605841258968672992764678814, 71029223462723848099671775942255538104412241424807087317537386195620429676441
65881704348393748861159435143827760931648247883610848995630410522691708599962, 75301483715496635023077145498386927867564381918355190104539251611984033844611
32405645337186257944863277641760327995702601417394003913744479684296510501505, 55525919692207072174273720480113004480266785687647237268020478961428654447169
47583664823353434820119939190062353923059289458289745595416434463363819061908, 18016220487251911258255783337168791807059045962995856073121840550346651233294
75938308830575777825050786749549444937791815891409172862341079133924383820374, 63785731013943875663757130972170862021465036384495652676027352093873289590230
19960991213840742906335054198994349232509948783027196033677220215445853271821, 7300396777350328261204837540793357745380126441590791579694127306678942244920
36508984517506450486454408344832846878736034809202711186346418404564323182644, 66004263930886928226056809153724051631366800697379146971026937002217896897549
55202841597421472199216697499369421999257960170343324987092990022190403459789, 46055633101460743416045832934342647762678582575275106717321606770467124872659
37260114898699278284887888872816874774377669524288309105287161284856636183966, 9119188084688449125559007786003502149353044441612496506325695712091712496407
17018665253459459253979686006725505466272102866763137509790639070287752678306, 38848226860943886393499669938764997294870648703406543229520355174245084988237
5350019509576584792806377529577902749062794389818168865421959006657608361606, 48374965693820388811505273850616402573716260926662026633670062559975282850317
35440786703525338607518339354569002998953173126416883327314129303606709956424, 73041153528169515925001470354925720161739083254938007604803150338352776686362
74355819710014986249572452593096133639589734747632347953778042345192055507162, 43663054232307736502381340814247539175629856043076398199154319923017976922674
43503762820127866777443025743894659248440037718088618026145914881316032211324, 16494040035850694484145333392614752760326732584610434997570910954660247373783
40300933872550642965777834902213814843702363720750987286540079442637322662746, 66463266767670301929871605573073573168334817461996308291484696150731607287032
74427366500997517544551916218877029514166896616551629735943797204746757285134, 69628360897416820206821647012953603681554654479629129095971535405611647906858
69691651511322023451654392804898937912036118369911381648870544150798049017638, 69720633428103084305624723324862879618523063888552380251734836191738512704301
24581458229759971224604587365391167219189002826397488222387294889380265378755, 19022453440243747614897245992318049043856476754640458393191436801309749215143
62837849814034080005352152764658723285130450840690128979323495994888920917652, 68541432061527878011975898707600199659166275631342606049187383828698287393568
24516978824517191528980342726342938333005167252598536006722717394938799496130, 13301539905658252706866197261549824409759880254291141510680312131531152878141
67543671135294917598353816522637302896489427601308733569223922084101428628180, 65384675018451536772082750859286272698182472148972102892497287907539096017719
14032906603032141703490915229721766168453679522462582584238361465090367344596, 45460027688053929112235332891175917223488866256952299180703508835072520401749
8114850573228666657479693579421563632252289849198163673095772574456755919915, 1818467073939786149144580790179232551200314118680916100618872096901494860319
52686531455828522929194525572898220066042186200540635460069544396309730529348, 73858062338978354913851335359291430348788671820513299838098561675931212681181
42640921589518659152007017883306082280365417194692148500358644706219928999829, 62349595983979612159310828894856685134439078538864423003064216693138281261279
49811354234042582708432130501205998557456825158122985329010361613784722241468, 13305934424663200817936701268128029913661708127311400207821825825751187110972
73099631059425448674333211130139447459107599073724654711594641022872192189696, 12883584717101713082593500772880336888500285156808457320632191638815098459239
53199155025757649617721913127843341932215268680251158709637587683265090258872, 35774958607091800063807797530419936704505828015109314134177761603428886364706
29196735877834518296465404464897833465235326091064794689149461825572075045268, 51537200135625408242268313826534488605445660463198958154981918992138840012380
1963991316255773558799981533681605518662047459498164996349969763214385909016, 10015112734832142926184155785513210196671902794787535474543365960657244865670
70758862437172505952876405546137205260192516705533748374395769907783279884216, 75602622355841489348574330578146409251458019424141007952597176251222551814661
56706911686437296533436426105754733495401909448095656104973311763402073480123, 71139430508391491641001707329577586998860775499745030467418425575072649742799
41870416570272874574973013028199114889554775844856482115091037521128593062575, 58588995090011612999205611019631222951242371940746979599167041284850126877833
66580743900405263332284256123260226175943145771678797700747262946318271419787, 50156606654671778356915883110862021825820476813877360333235611457852250313696
74843425860700131887276578649041425193376406406839771100247480942926907001304, 50307788592341957184672420227323180047944968225365829669472743902016814697512
13432815862323038360656653424610039941814364144876863572182959054858354002104, 8687470542266480611700399758292258478292560154174389071530716435080965971977
57873169131485765429705661017557315786577827857962821095642069955311725296236, 3586734377179949278774309574604023293795206834907302171401849763226131509204
40831273965482332882641597671143772882579394897418839963893584276755202658300, 40988985265019491089930901583440573534287467808192014263448259011228862226499
2129611587083839058846239081420312739017286343316746891009824724432366527890, 13309608567880222550058598440315975902640800853316040579358717582754692019878
26432930326186932116138691742531784801912488109043604119290284565941037255542, 13112204710065311355579404568776092109363115876725605105397179294545364387144
29650421580343560513225250208393390561612677590086395958526765965493598466210, 73911902092460386331497238093293825030454091776941618157442281243661946105563
7798609901517165292204796140247461537327369222472697914172782220307842404951, 27701922214028711459640342169921282640169861184364438620160046310035585082613
13416406207164951302690899057519207597915284787776082026531470215269188891048, 42441920028914620819850381575172374936981827996849994356694156170521552556775
24971132057116265359318156132866149653962382860536202742918095778523617635700, 14812891766005860899012687361619689485478322413587709338001216857520538742033
27376003629462578776188923737360805628737942536264315031080928481693013009104, 22990984368068465261200729081783708777589563431514611035192515020210806231631
1595011094779749169243310527777179193232595730458621475001752407276920801274, 17666536277458503113604968430718360989950329372535265325395129755372694208649
53179710734992933664614948980400876698862832467554998492843891828563188719574, 58022873267779381910847121964046203319772815641833420996075770765484682710602
14388111557577684140973882653458935972594835420888220001471996908517270871422, 52940067140748180318597723303865299623979816435373982684585273153158092600539
56198531809471996257567314774727552827857134710334229418380579505593164652710, 64443236441251280630201021535058824402238946716858219257006388392316852727975
11252084351520707824874211173491934361646371591530055587298610962566611673314, 15149000685491131621028234819245792705437239534209420666561521679360680770662
7778871469632285093932654495464001092539705730001750775551490026746063089431, 26153036170335191818315040893147131484047032119224190122386420987494307989337
27416225717707971364595429430636524779789031953319748649784713471454176402255, 53203653724950074750991507388099716334342032359794966332555748957685899708792
29536035161330260015203161439373794082058025290436345485141536697430889582143, 36308868144714313472039584665620066228784961924550942736528925246505387091102
52216064772079562088398692635505933949388803268595989675130348230689366083060, 33307860349574635467069037479470403897525571695386598652429472451994633966775
59777458977923614308455426404296981803410151539288400517211106702840689454553, 33846687963589621683420116593730955414552019449497216664879353844359287101314
68644464484677083506188899973850952875626751525432575447615674191406125463165, 26718116682483088836413158199851915109723919436643301236847631175665424901970
542864081511435007532977630335308796445206573211402014629603651334033392246, 20102329695271648067355316552516152057302718594520238644167744176845597088000
6453102774990535443636173567871397124598668147297753665687766772482397822704, 6733193913624590633367469886042765713064772777944371796015157649238938692923
75006933722754620868213490313295401679466041704679327904946185615691350701014, 55767123898349069013537059035171712977288998633305041237751977332213371121339
18673821278736787836416132058301287247614804521221453320134243925645868836057, 49856245978057380531807813526146533567406196381897817981418108537816759119321
23669703173225515264902853189893422802686676850673963773981734890772555317754, 43985456615505859141852146218533157626391866363844015735806246005454642562115
22482288875641216368093194450104960367644991419623622814175118165912520294976, 17949556148682834673014402779276433688274458539862596515524811607305911879241
7627540871938241416474169021604286957179672470575310623761621593610830605814, 58324186088798411407220100907215083116712136064767205320412907440672770694741
23850057627063584777776331538549244209038474005007592887389496690690304702217, 23802607913908657321347187351755550826344891856112779462929585430833699855979
36296148654015057078622048393572137054477103192610059187320947872001312853047, 55156920161261926399152125172919495557683493792586700450641344260680019127523
20323437838109309871897811539147698532496011616746146469069121090157714144838, 65985035675840679893295961249107894892227657343270575710968164880807580540235
29059265274676399841159268393271662675043908353637673494270563055361830964738, 22843888371318834225194808483290945950980819630410691227500396462957604225894
6219272833017506333439131628450126643572162067143792330283873470921128840025, 73754968057105000645043458053039970079073551227416242956187911413935803529441
41102452454842821640825968625457817136308718492054636366825080230981906031362, 65509430626362595977134538089208553409448339139365820502266876185166972191986
9426183619444117165672807042590418275881257129416577906211928413070762175447, 39094093448230756706892785636776857564040414215207281380541331960080278188046
36200336613137716677473622985739334971068748385910099842577201271335217309211, 51036614404342354623294653903055185357701073990599850760068826046558777634245
56559904586890765501194490030985044832427157016287756641953528107038405190776, 22520932582691481048857261667589669441622505573790467302133782472530965124811
46429334940436555232955005686337992791783554102801266647239799405089877238035, 39531899864528852638046211167606744746487899316453657349944794769465196657717
49229111505542897581968384445176507812474128138196399636688876484821675068289, 70942349252497488078634454224093873144764807632926206416701477878360880781378
5807754156797804518476733989298534471830512300775382381094801297242356846680, 22401791877275809545044371753903416878178725488314229961679309796423899207439
61191231816725510650065479424712750296427197898204220393110816883558537442978, 6077327771525248077247766693242904484726991842023245338596202128902112502728
48337247599398812738920563634952315129379595899052913989391652430913142391366, 10529310379538272737552897435644392723827094776711308315685154582940186019704
26522369138717137825346257702579191268491782869660949104964912359417175791109, 76301786876171047326208467912823805188934728040414517292095870282955031701990
70728963510596433999731377877161479467146643726247542678338725204791793427715, 14639296357849937573633507450573337853220969049328629018301413804030383996928
20923392529568205825373336755241418573335688331125379567669714509860188709120, 54528059562349299147996250017025112629399547195270021188280562592740728851802
58560578452145066557949772144396947023569464059390318836762582903171493193085, 45843875084217471992423631516126162879215088473358461259927405503732489906142
31816071576284325959536763493691088949622640450032510060821513962467263993351, 36959821710603058365959597221042573025372978354428447336888178235079183082312
48623073394143300096140798754403662055476733666194945727295045980405124654390, 53056064348074783985678072228816794784726718426283240236279612755170813891496
55054581040529394141932547303281122747971107305878574261639140684443541685005, 37815472699733861511694724481724479348143704572122664130549620453700720850767
20952929265245091315117385348203746726050881811409257771995304738962990770706, 76016185387810281140808985184980435904520031073899930974681539847691914536092
52336449057996079955952966952212668733375539404575991639201734040042362775199, 55734331651004178252724507001197212951402298010467000756009136856475591638709
66801299848324852432666006956091562883728877042819528592918302376203482467572, 11898783129616270287314852011004520071111581742290672097955520512726829871355
51155465346231788701145977488578455767438537993461795745521005178811219167110, 76153149039817121966499422612378583245189878434676454060165519721545054234599
37396801956410976537987679681846221387845696943147733622016428439633604879021, 53913634045226302772682604703954739452276554258527202306867901077639124781119
39044534345889733098764721406209362013635355561780662559264047346391506980758, 72543433499349439218533300210848765226169272324198603301921652227406594891367
8301711165679140082642889305045041857289689980986539415674623851655429131391, 39539973430545020554238686959207448654123899914376871232356636565192492969392
39614307479598767374084476914470466212797040546813030961690176339060680944299, 19202779866574228490498414632892773165552358364366145847227765026882252522831
39485857176269788509309351382598292199379599669812814174217199217940149205277, 23484029141096192845630936703368332741031989677704398482393526728294745926161
69755132702106926975841898085678179324823927174007596089313312156243604116099, 70066489346225326405426579299130467408411222675710368176451484644157344019801
35723852547753922704482366474409935041943233078286564915476071442062808284143, 2313631871795406193601062547073466521383374689725440934799335254283144340003
76450696704063280934558833814309583856002630511268128422669100772177544519342, 66614090172643781726135588495347261707904465931191736182339960146217944622624
12957574593256216193332385933262285819240317421887796937125742079622948629264, 36610249630586493568951959043284325303522323926959585258197326252079066603364
34774581395470875488129176167214112318151732419914636697905789457251491927328, 10752227374951291210393882098375743132826218955743451404217444773394778398828
1528250797825574538848152894080734206705089807504041778602470566885955292036, 26439350988983042634363922895044915119933586671658943503470709802523510802676
1435597336386317582771686659080990737414377314943632959536758773241740617987, 74336242331808976174257856325793656057800126495972140710274131456729844768897
59634456880327157620224680882273617979404163650285376146165070252216285918049, 60021473596112355577487924620637209516029322006898496019734578852245278654608
11699380509231384609989735921370434445238836993162294743840879768250854496122, 38298395282730207492518784943193747071714513506919786215059722727270424330764
26350756517625045863271600556522390478375358014979466859684928288853466670555, 37960186578318181385481035780736061720356673941355880394874640254077008330258
18885085004104571006655095737403846043694897984773466055010007895970487743812, 28495179631352087706055745785838148996760820773496658720926062833160500315532
43090064157626942008116547853413561033306853335204266230100693208984830864074, 31962004235419937372228137800371480215853403438142432230596747420103773743281
28542201764590620359197733278528302058106152548166928420190279893750661254323, 25669250620416421422024940951597554412964419458228336703126781879283268722186
9584167024179134901043572491656610553017870348826700992787589637368017717297, 31165865148086948577594464600812714017165784419238760897373840934961230683415
