Elliptic Curve: brainpoolP256r1
Field Prime: 76884956397045344220809746629001649093037950200943055203735601445031516197751
Base Point: (63243729749562333355292243550312970334778175571054726587095381623627144114786, 38218615093753523893122277964030810387585405539772602581557831887485717997975)
Polynomial Degree: 6
Polynomial Coefficients: [55, 18, 57, 39, 54, 61, 61]
Public Key: (48410744317883486702998558540992230587725065968905441853270742622415965561966, 4643057118156234869631146382867047589766210281793346180772204806443722773257)
14462667528647295137438757648898708947570477032132609196655382639662292605305, 32520078877004577569934067461892480144383550633808034880245207922598801914128
45284285246009021324044183682892024081944142808059945184145905693294584307086, 40944571508459158607269102815846650073240299216199173522252036151740786179266
27063349424296278841874682542757254994725886163349355011486284774387929933983, 51136279075041012393802666633379350775508904639521284837412430875110673207722
21464429181662579172447307740179028497857050172537731776017778196475370944550, 75946980818034869276985089251144060523746152713232223337241994324119098432725
23274973061649493272030451468254104816898078302562338583359168596308108747417, 19180862801261567862810073954115120868634362208259626508260839843178971674036
10065199158852478746022515118636503823137514556124909220840630964929794045547, 74120450210482797525092892431894215544753286020316722188363603555388711437657
59333394363031464312119438657005396928437522327534099777755376907234483726871, 39311665456798296023180315347062116224698285140720356941337980667356536295992
25642631507767815422288347577740463263868978386816620796539913688662890928663, 29163573464434714104440649307775351678114507930521297978024972982546426698813
47188591913845331137884898589392092100464840149687471622938692813161864580252, 26938619732122788214533913996463032796127996825396177262785708381929477947567
57144983831249945741510620224290873966871216837710771165884791311455320885183, 56072723098139488913555456718659516953900170686813558545056341794209615919681
49866623015629825778590569196439159047547418317110457292781679722367918248069, 70202908342313245657266128620235771608917415416954422420149347702843000309630
12800126066487847117756523225631394122250133905159308501360511039738460096283, 25194605846852636906556542606048875377583418353063287448449632799852134062701
75193007140733880730876816609776725707098217414787643524931690095776227299218, 69983817499504106786760570850595872184116295792441017294887362822423748699528
36824518372119168506395993491034207755576082640348784795902500351812826176297, 47869932837167088121933103361791402606551655966477127696028863857555763601324
39593311550691574491885407956264434369487386654808410446719624640370889030302, 59653128241282080906220650677165590829965452588362890690334704972645040757791
13614651853442723404618330929517967003394646189332179915588875201662393938289, 48160909354854451710650752892287973773585626250543604773351374562320444084964
23850922676634711920147613331258892257577316997514996545386553405960070004692, 39763734413705206773018090207193984849675802540722598703209600691488123476298
65490982405780463702643287199930427285392134535687967104944540733933762145677, 31416091603322782736415116149114937411687476874256557851441724217324012803364
45151281661511016981105702498117761527303347702055904462857688599152734831229, 53585105182585955712692359411335951593366905567264401113574164353142062377530
5114360147611189224601378581616325934216991695377451933985317878965501970174, 21053262781637029982938265082423871804134436638947553304762207093534042412747
58879473567355255247261014337108838140288861124973516149140904728732179508401, 23409049814488356873148595126280695904789196073268057426123135154932448748065
49889730897178977723673506136891600141775113325087221194795855323349416674713, 8551521771893376646816789673822943284169877377160088970175003284006566233954
70785098877610087548051714162890983413193814236012408977784124763025452134907, 18892042639775207734921917594899053045978469416814812563481214631494719118163
7414076437816354155852321418010252245977966723498282946473399477524242158207, 59624478227699619036515818865176938854223474398964120964458527805935757740878
50454259705681830532610542030886254262458171614577495549411341647313695064995, 75180723382348250464060345173993111338351943433831386779138910351251511603238
20453628758557462790514759058484295650854354059535751252125552457450278493210, 45809978361738066140095738536591789583478004959942910903952641361222015899699
50245162838309959886692981647164011795772655723145629997509726427852457792868, 15576244858512055180984117211965048548144447263705532381833229580511147078567
32821377662618680548934320764454312645492327369289412801919507205852140722740, 9220783496756300301255645252740993586445036503124077279516093788294925995721
25228355809696683862642303600302632567386266062962102188608422639862974733108, 25240661208759434007574987928744904708195349562891528139858414274075377975011
58293108577076562321176737481256434244365941567434254865627490007717956607965, 22721367198403475209829282117788421510853947611615047542585257566239558011224
22764572450968095483806024315822781328232269911689655502521798838196679954992, 4251651305350700286378999015969972078071751984077635444797455485008059953534
26208953013143246202563302187674310191509800934557338685254630703854385232085, 67177703505021386711652199197446912197696426342858994483687494650351409349854
29280938884114677675145219242387843943673949132495305159018060738197583816706, 45130568880875002287078111235921130778651679996534293485008470065271151643396
36787707046484393143402809259041998246455598309986124797727143569710788053414, 40724020894764586028823204619230485652708603759318982461947060883895248100236
49105133133668792194956288755985481313048801808283148834933895613454108853948, 50330769759138149386108572762843264514400445192081901925474790941477065167828
46681968327804173853952368311422145791666683474890815235595541596393892001054, 11241675715361673531272051922154964375123872400362279553253275839329313638620
48086237280645148601693559793970632997538354404450603839426374421983782059157, 41749044709345196407737922994833525852723963271304620005767645334997787473283
1954484938847578224838094715254249655365371120113303425375791966213274453934, 48707328387258449601052540244056211848569984946757389453286369463272645750812
57664263516764253161049325726142672405831653785031387927989010381843921128964, 5256902297948170902748495872212578268040498806889995817077023041808133209959
63680816573036843363780442672967947925478624476353208297650702614731284059051, 44681165226179318974841556873140488020932243565749760584603578585614054616804
8635647606262293906285554452385550623657457505081445581969014703198753162273, 8828866305265220175246757741537402345218282806857458291398340538056659541749
1201846834297400099397656941098921358465896786343052721287534766057330201470, 62847898366103625759020304702989224690713914114290964808303848734282427358178
39102421990464917901835551936451341110777093337331621623009245353240670195718, 43411887631353580887259076460606097985130671482881574230019337440011331970582
42934678125730460084252173822478049845700283235793482332989964501306026555059, 26672767326113775999212488385330425990693322535264347716849709177600565580538
61402292301482125979407638201738625820680628588187677719293602318391679959849, 144114182012003483150844184722291398656762632397280007505020037525576743370
38698560627087759523676269735397999961619220813877334608701119197475788994956, 61165736537789722993360472466753814409676045023258705068704268849225290394122
60721996496232078177484537677504327886209834185733178178701538969763685178260, 10443750395106081722317722989402935746541537456112371639292705955440646727288
591009088863075029513112435956195009624406867295121990494305671974563210483, 2656832941208000941745762072116935413053339793046743405462519373368161275064
31576944734591445783954525385856697250103109581800368778094809038993693089294, 16554128338942226255240296387045341964231489018962657585924464476958847157257
55174155707660102915123552258867960241789252302904904110337737074975980300219, 28827690515208566308145306183610981080595291034516452925320775195979786847679
38889937752014043917900227393369437172423510979109854617460560265375843041283, 66458866466832224105348248512635473660939452608723067192126483646045136656381
71779317927167492304638693320881729697589605611155225142668002691848988515367, 3690245227363231927317248680277305285267350346790291739459737822663089094644
73254630283278884165664816719707579862686416958574507692605129182980498404962, 498432143740973459659895921580012361669473274326825135391279234419086151045
58252697424738047056659209277037082117932198825587290180656172857289674582125, 76671438320000216118523514620374120457927469206955494272925234533621621829057
13719066986399392408679630629378621733289717737727679873051813116484147064404, 52018697425932087747131527657304687919723899978844282237289946751478576141357
2783639429155002203135252052046027913412854979841227366081642783253059480653, 5904871025506808186841443107136745812552246504328009678709560947657787404446
51825564153696205028048902530287700807766803607373388408337448130527693535393, 37818044944581947836300794581627761083829157215685226765472045997704467428535
53767466614554527824108067300179158765188840331440083685569085595259613934187, 51579273192170203165775897120029531024413575303753869731629001812343223064267
9345007107432116555271140748415443438116748004461094838222283725135018265964, 29944044436094614455956696206451842451024033326975830568869797726859796242030
74367293628222818082921199966677542201327984413636366712957188032832375154160, 71438611153229136212055233890403247825195513928217421177276129719690336117412
41819723109677377963487294645329494867049154230318009354655780289255041837257, 12174801502697831970522632580986378409574996688542491091247438402535032667223
53359280916844248681822985892412107230325361362085053300612776611226783947192, 50870759931013414981112648918123664942311717108665339949887863767872708990873
55488354081041470526032761441517841678407231694245999199685747421737439104338, 61187493681726831329556949830084958396196929029915845076277294589394907071237
59801554679769818498619368703411616663753964377091603037379001780665893282990, 15872396596830237662922901285512356212106488265709091250210671804658451824876
13840890643547293011490521542751518312772289531391189192244820374671967938713, 71172195494681316568528438362110878685210213103092616564811906817107202377479
56122211009719370113752166105187848241438528965473419712800668099006314302199, 34126759459168689203155707919737554470523742677601649710649532923683972255935
47580183388815880273578797942128475590464285561157198739781974549144760409090, 41065808992301725069189266229020920466562326319734297805556088217304092246257
40752107499254103500762943285253096617620621200435794035670390467500035376055, 59531398304094499752639215137281343454461740556161254725675035357428538139242
3446535131905848298998196510359119164420623836154277420239273632750917426131, 73796906904409389490306575440326901547434099497261420602610449094019712043815
6379909076994921462185386857418779004302207656353485493521295101690424058756, 38298053983456180261823623340439153380493511761163458642444352600401535176785
46100963403638067384787802816481638693208222725008849062675235042275371237176, 33275286443438883808166320406210277479981417976631480597934296621435880277594
47510580187169882514209409582848019650047875335710122222176022125819881679981, 1930947363568838979710376694626837239331564304574590068391136291620303817394
13186319121133847496094231541216280020085185230093470326840676304785572108117, 38378811216398545287103361224141366122946957403035683208708610913947974982710
60474299266313120236929755277332260625186944995752120260175456266822497828315, 30121451447372131599438550044671267710979268101594022832724234541933722210280
67083815546876478915426812174410785826461187273945080831771716548516404955083, 9461048005552452504454133317594267201014008270002677963949095832603393024826
40408692268442025561977870680029060313282437411860403967033013410540358355608, 61137633721635409512834196035794528688526820482910514907574720335863112580848
25916273406769292490051413516728669790485430305935072404210023343897006187961, 22376943663256660083891535976664631223582733349539421214748677586997390135960
52733151255416677971982407359086526159032388109810329417883016463449352632137, 40822771792562194881219023972001707986838413153514411521449442514837783808052
42260132525714044190201152288414975755470587959645342248547580208401777898712, 29311373413176200353630555515996741049620277771209724044542670243907216089738
45883163009363946135561609048908820481003367015578949502568519237788303731554, 57133486674376198194596860280366767498313914751782423511810730675410578194370
14540523955805244917503024196364163709027690115775005865794506677812211493768, 41422958779046274361632111729244223605090123931617945770545590736887327544934
15097293332132810395309843150647460536198041623494301887642139883377207205030, 66560609672635429827683357002583612518098622696696345183132419912752126373587
40885412436976237702748440327792179639999242341688256251508120106261222037378, 38069134958161863840770821220866562487041491163162084193091043535403304954718
76859281055934666311820053977795092553225492732236504854988646076120103664772, 8661303012035274105772576760752186264632055725796116613955972662250613164964
16392692631570030553663092058882836620898649729654786760016036662058142012456, 37036253116873226799804360342839784413948724431396409118178375659823601869747
33198863245590392572412430524518943617226500566075865751620229961141177364142, 46686956546398547410635427336220490553498334677146723083817739912796687092616
38926474505762285431950891841586959796276391899526258215647859929434854983121, 21995840992864680241032300787678911509518716492929519956887770245628584583630
7559884589483519718757133312533214769901658751619446481720769630603581036924, 49983838149002948611516676744195520683838555266383089357008016484758844391286
22333532404930327813028128563158012819212167407151462665467417768781985643479, 25097625193455940758131268190591616862037128369511523686440379134151493469340
15499467724646662201905555642124284807783957877647780957396402453819853949568, 22595638886893802879773576171217246927389120979496338491742047886775234620436
8544986578541029459988837263822124942667025103676983423371167141680551806511, 63929938978685592725900093984276090847278092146759995631171319026678991278031
1118406230805886457945225166804948639815311913204580237735245467365390053250, 76837572877177573007802930099239532278955946577584192888327019640108786340760
43484005083962376790839325109069054227059600709882633989458897729311442425908, 35093037247282220330551347395502482604869255733741285834835581278083811783766
59518472856100364485396053013736316582585567373210721777135886027260873684606, 65548448143178313723399356193355480619975468597714266276891997149651208580795
56242403798784078473746863324061392464085798383715167759397063602303835858905, 48180878308537918121842803472773780563317589449901911400329558807389544731389
33034021649347894723555218173746002852594959346236491701284854211964470464655, 50739353174443838391692009664897758896856837491796693315680397632028691990456
34554323520417466766862653673152668051739922998881137490188568871748979208129, 12724733501616932905379465456168684442807696642852797963302364679787080895372
31727268478249482415905105517849575626949079827307930299070222589374511045251, 31443796568140642194759889189452724330311257712588989125749898472501589650903
36897427236045530834043747530088327250907848865510989999593425557342007575422, 71860712856399580992529732351321798529112769088020150167986392483202108947595
1480454477235321540322831748749378451363042430922273960505847438001339041638, 34239744688252907107920508654731681243079647921493422454009820555250600322107
65169570581453691883255784656137460514704783251810530406661422290798902728514, 17764107435800100620072446047294578900190821039219504465613482980006233146575
76540597026266326751816485180189495896631969507819857092565437850173786186431, 571350494402540616242612661263214050703513862396417748214697217669510394190
54445029626005108224600544449883932173242084149375425495674385243168418218758, 11540129692128059187316347628412983907731559341179876565789713924718530500084
17505728596023268097122357963516364943883968995067031983210363975303270210327, 43617992579166338488082115691419730637277510402631924249534861773680520040378
37562068620824061734063327567767555606537195671752617964302482209899750331373, 47335000976917776326155067041497673700141421220415604603052540966826363432606
5832360930862669631234345644353848777797199174832558578635739137354690743331, 35546144859028147791241113617547366444030068803170528399250928513096210943468
44859085724643251924862219433669983500996851204999167421508117923996601110222, 12839050621840908972179374385909761589908183722215317498294338293620277361015
5680128147280381394690816833365810113379130737835702940382654372719424692258, 36334196302928197534929197851786410860792436306121292325309491752983863961783
20175574009291058900737174858721595250980202859454351115760543277389855464937, 61004369937150408307731620128604887240834112351755685264150641512709057930913
4876234911872628832351701986026114256069177861929418582406191684203213868848, 66734034868897035604277978507983510900046696187185114824522056127186364626281
7671096154563101988942290736368550145481916558658650031664831828425724284919, 41572671187685964931375932994477386876816117182570012640104471470353932138387
29466257073193340996897693369082838632498551464411061503930288913509370504502, 12492560812247191283215733866621679153919698577043487954217974843394665080857
18592216833385327411310993931718232280775310587875847777385255659232568434352, 74286999266662910422179706915143779602518974106128714117816405533020754560055
50175465685448556579012990525565886131158906159617323655918933574677843469342, 62931741547407841108915202103963290264227766496573321733061790346130214451245
1162690676038912889318786610310931369256641075658725145276624527009537290671, 74503396635675425006459474731175269067091691667165095654298216698398670783253
24374726703218746558381240700723035215750494435126643708554028417207739221964, 64977406868263802132795721712782378364731837684949850484543175165220985233716
60251456565810082197532441329452637760629120054120651169235278542996182665295, 30943010482896345688953263862869972646185383839885667926064718898475490057637
15099351192664168837651096157574701958257560787219524782577057520235908122185, 57194242556948598091894113196367797157226095107325230025022308162847056229181
71910075709620381167071027715072853286323901744732609000394917233955917422701, 54334767464733937779486649576118236082207345149768226744621076460514862083254
69656149753287950649335560010114717313868422615514638097704786066549377477514, 15548240530022549189850700944596437287932301623247979462828697916174086928055
63149931857914293156705348484623132715397643262070855799698905952930867852429, 17053677839329438678596733390125613572546739580836029782147198819295508085079
10279912763174401517368461352463857643290288554729982393566196962055160535817, 49982499400304886511124496883347327819563013878761235838908877241658129626047
21341844060499074704582990730817000214712699030833163581398191343915321750515, 14364762425392823945818785432273890224474113360843193513135796860625083069637
804463177563945856565631647685682573574732109252221591931635521101231913973, 45810955194382036887365211697105102058222921337680996073175324263270219237126
54444143037701437231013855076581975762672898616068028319993411303838822903893, 74414917145273483055385249031896672604364210577982050205688490163371787166450
23774033819012831617785539496552481439033641473974555621691366287313381674504, 57929271742160539401048368490356209531042459708859667126350639297390664008851
73616631065877608486722636433663356804661217140297794667873346603049293709829, 38766255846098620804085659319758806023899480160160568672375100917962640962676
51328736462259501637769023232353795513995296574993553186770160835406851739099, 70585700399974933985428585978558564184589819538125608611436494547315365480069
49362811572118198933853313709787593206493562414835093062055066991282039159623, 57885098985974577990376023370694396525614952412178606291047657758645349752345
9343735679097017686991256054290887707476846604876315163675128177309744672595, 62262947461364445982730104989460219269547771128029501156920987484064001964892
65938546570125482851201427392819548221528581189385851847491574084520931674810, 40913526211279775693771004209887131123408893502773404926860833004437761989598
28877015617274944920810800543265409432939187112128246006028740431626645052100, 39936853916683605483247386600439181553900700643958362668615487523952323392080
45398993591313834763807130407809784154985744401727263787245741844541746664621, 35358307817050276247538348742650488321394162200293109600214501003427352318932
40185154628784250856519974342960544694035382923564981446306182985489842369085, 6556319265629586678815460849252414161238037315678046605511745952005864083085
9028650948252479433822273723877371756832510435335713083757308275635577063757, 32177449620073819653547361905498624934383749912900999796465758782255854167544
27886948885695053693134588044498262480465751050528826618084120256221252306536, 42545543128464890102366458619506765730528158501048079448889712617091057219917
72488073838248637496667665782857843544430128566258573289439954300417437191827, 55498471470211352106840205409366314888674828740357049616124630070331772279384
26375142846123135767877033105859159744663848184002773073881700728145676814917, 19678349620350594651923556197289822504220512958793263951231635425881231157091
41940560430973359312010879414379344848548420902456089152906345320667190410127, 19519895878388807774973815121350441087573272130786632606508095464322878752753
30244987674025516770186017637272559103865428443148936932881455461604933662258, 34127970886044390212379179487916134793097346699939512957659179825991533590905
13488953103078547756645191834502870444538628951717864515167363562896985554208, 22968927644907918537175174066628643530741781436429661671021816706258723125034
17896874499700924919896912670176089956647115973884768871282967482262299171397, 55671515077331359411884963797434274249118923960723151940811310042985465277507
19945882272820995932802912173233999072461737695611885430388540245272101268129, 48103168105911865445864232879617336157507074500168307839659050516452185177880
28063108430346466550061803463451551007011825550475123813047482661484485416579, 22122801369473884858027387671782259238417150123532542169720664776764134344980
37723160216157518910896480937533148814492640232388747307387209623696664525597, 24016336094613330100423427493007912577255834077603513015247482458252458555988
6890292589606237873348369989469719545855871902983079670329275896059047101868, 45534934189241620158410239331085700888303644794808238278318875137804812114742
21308101343515234673555974684758004660460783990405429133199365205840620301241, 56346956792905910705115679467125658367744310917815561049622972999092404855136
53349443888247610239008131143399233268334238485090499162923206603781499856806, 59716842678414534713546742193682107978242815590768467382103337121934243825599
32237231311189332233506088748403030507761713172528636754622898003043519520217, 36916772745776951723946461962854943817740374579779626676000281182140301884286
17333524605291298502240395903724760201135767438797704324383527109614250575365, 40367904435697255728274624918848259538551435393054828534093469214866590133354
72269255932514744121180022775935669398262256080118913100074803707756364453947, 54935080573320916320745599417082810929345939996387611019998083294212827882966
60765090762630283624982274900920797492625116057070969002104339187670907764027, 42349109908489349150242019364526460474835640267646745440939028653448831063886
72400322502871240162205015904570137505354337292519131647525592505128037952333, 13810210688501417644043248561155332138313394654479454400289794429265825964694
67738157148731787692816534340268311194108755750091039203212795307203396292878, 43032847613767464801090587649397537687200472335511311501587554990282900217804
60271423137463823835374451863744546403190389672502643102322203588036535858863, 27921880832128711426838427453352471962323891259551808256824661386170025406480
74394390113690976814699160377704345049271499552282435705147780346733371130279, 28783205933485115968101624500944258105799277394510992019019940565259186777382
65762726496196084910443476803793886853029589917694462101644430410205870346467, 75548327592168063013035881109730172202928877083258312725739050718820558202800
41137759086601890243167564497937552938569428240970673880241378239313861836439, 38634478393294579660347176971540511360261164717268901358864137570863647932807
20761464219771735140747871865543528257715054448579509086974760400018839992510, 69063317298786919247020738004771868824764816757842672216945161751236821510619
51819883619622236573809603545047898809591185816126915181796134816886745779456, 63172738040826964934934338112846465054572374126521846912687607258993775039604
63701821924200001761906007076058452500766372332834566411986466838518477031894, 2880917451966800184901342569725386462625034383319156751155155731840928403600
56452955175376234842349975323580210349472011448739984302897196451617870152704, 21328502163223039562462854902015423181441253865980765872126968026979883530135
8871314772541446741808210188687444771314739564686422695879839140487376695046, 65095577381144795262315070021258730626038393434190681240757520540701324889890
44522221086785071864973622598793757865406904352607493730618879974823936074802, 1894730013445928061285787334842695062479019586036130954906229539379143060092
30566551886597979727998521273468637057910419960742108307889530512939587986165, 11559438963263766583505644387894067363913103600023339854028661192665425851159
39482479467522910545203111032903163123495715353683075245391626735547950820750, 31607700069069958992585820420350874767709494372463187162829141091150694307475
62655288601210365725152323409523374126151141281288262079394976784216287955821, 28308342914023712988058885725489837050568811447741793808579710430320747407832
72159915443919181306645520087666076627091539716379259204088427331058786622927, 76795699544502273707602695357619728746072655596254841747661654424699307150194
63811687667261857318690309052170257688383806951222513670358238350630125332528, 1106233440456956194699983397143408004356624361459316296786341828070416129191
68554985969533907463572949010093516975334999460536902324394300977622048302951, 21846126618662366727087639506780418704295786214370808564949265535805654175050
12826722021217355975505193136770519751928720895803030781718924621008298167805, 6361252774966513960009529115021263019094199996403605978105789614073923305369
18534987368054184979970632174385777231431443969582064086845150518727129112223, 14165022448101342493515242226105329803671990548864277139711628562071854413338
2861812467038155304200544165673628810039036965497237792536720229191908541071, 44306338811195652876512058121866382814146516143547508676978111523230517005997
28907999764416231034379174094089414730989465732883309444336519715159085066154, 67182917113347190763318875148013041561533025318477557603428990175656654041721
29523708731722204615335089762574568636565190488373164674937480529616182072094, 72100720561290833861635626985947682664430098676988381586203750954547865532098
22336299882943244894354375697518443331576121672255327671335676391322166237767, 15715271249219176579002367269270562415058622803655817466069074121396774424432
74883718122536436683339437366521030901427702325847309287438336846266801559220, 29926275611757418973306083933037590873519448735970087868828477195875992538287
13848931379580218539262625188574963995977982509519611743907629920637438603483, 9027419585355737725192942958379082653789805155781545728206958488386354970324
33499187058405183349953642566776370291479819797644520795090110519218130073877, 47416209411004543925748658443433119259091864680610748104997678269385659786219
57480774193552873216447926148415667749994066212682795727735416903881060172796, 44926399874713620845514306462516397484088660424124909962998925293141955698950
11314935665967292928198390350856231825774565304593379244927629655765393771921, 68979066727661447828812027564526445299238879324886239625846552335478483829643
23625955001843968371180927193854506934229009293592017139282657723213413491643, 41383849373080525062698739319062557063746358807283288090678817809668126440291
7857184308746265825188192315079215743220361417493554030158226419741092220012, 6894793823116309722009971661882199201598923256509563139377088510499422339474
19449016337594864772392989267208359577488418194411176963601923015162010077951, 61174203091725561480801779159251861244130593426116679809464286026293147946447
24646175554684127686253794273775975007960056261047207889453511629717608581613, 7308225364947092866125869686450241817584848893499875071562612522868185172741
62248759940514145438013075452338310636029625345928956928512780540684837817307, 31445058424308550667780171904037733217949211546089537860796401128719014014387
9380317601828482337397376711823786054454779677482080339720313047766197900122, 33183949424463356677636536156284206014380383916869640696411322794030128043302
7457823080534130183843549065319774345489709754600062882478591064602014048435, 41776353032937293575795142363601385065277052059482987269091781975271631704070
28202434734732339425107905216138744346193262179957438385365786696866697711018, 45942927769596151490447230034807162370167109078552246238912493818609702092704
25358091514937355041750132827633291387461556279042342489545116274462867472838, 63963777971305685208854412167818225062204097587171182383344266312882147549043
44968637881653508732542061216333483869227314066959952375961858842298800365726, 62738454284009474214523164073427850939516578536500651246074619907295220054518
62797461161160246786945372158469841401930232552762527705029340391933457131094, 27962083457311306368163467449153807130791868826020096990240606252705722638360
27052734257482681968953432777179862100018518529626317193615554091335422690525, 56680791747580032150839318978744551760616035081848989496054914742998099885099
39126007771197752463194291818047731874577590973617763019748728582275213507474, 28030931274240456514365966280907250772397816020607376788406364261635707917102
68655438953825863185626207412025844251563222609770891520259114610967648838797, 60687861761627506700522485859200898283943553614984716155763923635712770248208
52221846837952016884130371889277493794427513382526831794331927842997090300957, 54797112143122784451322384046808590197794154892346865988383807851840367860914
5148397656190088317163922962349115615109206395353985124685993548845412845880, 58261748136353988451930337668318044120130571197861675022743589769930604053776
59023923212493699344642377792438753302989013644475683069338480614220373182510, 8342250750501662314326506703973082986895786372827593302162552346627828580480
57963359088900542679026440235710849549720915913774566246559176923090112620997, 51355378067954100400554957940053752830434738456321201289400432290778290031229
21403518114160188919783329989779061280178550593547775216301691506270057510353, 62807129459847605660146044325087777138225835212113016177468992239582905469745
62223140009388889122950823105445936582829853627387929034471043696606193918611, 64483696120801442825510026897012781401121173882563357699732235766898872618112
4854815869398306948727838408968609659155550400189127588467380827280978331586, 36504300306253521736800630095011906909089415975719813308477115966539110513597
40521995140404130796800631138458322068795264250359504349769342218668728406567, 67826640970259196235751050078339423168465114492932151778282432214316859114012
64446835773640914326370026384370695845247528350713459478421206907863784125996, 50926153639238837718073040163188424907141023073573288746842028254922090273325
8903660866724177076642625572958249248029691051810053558982718556585916655063, 30404620349561839540276792741976690619609681010585186550604496678608758098151
22187721800275483394940612846061942164462452335796487527314298512019878799506, 73357073585970396201820736989119222244938977398518649429688888565661192719615
18898071090716781105116693332438607844141938491267965939889883957918564812747, 32230217673023007091105962447597220877971211033822347560754690284822044251942
6729689555492929282765338588877620213068194292984998831994743262324545561025, 70801696155374778064686245204025170892864273974838264756173677818359550793325
57973724356837548474374285797807204969903372321354244618581599706182823463953, 64735847142888972970915710369533479451880129164920644276765612003910839988837
70735774578549651586959266235791491639645303444968178621492683926203526256187, 51741932040367358742863461777797414445680740005772881015055468319139455131050
29850700189378299111894650493693817559916183301947359960457883925441521244970, 4914967862853558523702581270483740554867860364031585686491626011826557481833
15279604841054951044018301235846367056257263944131128727781421299427846545678, 64036387478609476342206912421858650025050956778047521216752108870723020640390
67750375714961981537304592313248657064216433419285014372763486061638013427886, 5964297807510609717411104425723762280178885105237822072000098293186983202373
33808275982549854852236825565512337298194192333211013096141024755910932520475, 51549336353785163726951724538106455541181523914350916216941666946205068816575
69861288335573356593054565096342343156003156741347280805596811336514850180768, 26285539469974336841860132621024048007090913619138184799150178647478099169866
66765481459453421314686557477063042076361983703284555515463143543377866569710, 11980746454597971510737499958122347727298828859213346922665827320134734392553
48047521916402682517386887514072204329762149235148858312049594104099268742498, 47498702857146377433708577640009836805591307573122508865061590610180132327117
72125689929833026771681223010702063190358704061410326255409016351915991241422, 1866633811103019151726338216588596848291239277078350072497424289906337989774
43187435583109661179961905661396499131108146807770590303594705086995744400838, 33621399623819146703184394223874863650357333156354161299983049278339595527706
18121122895766225302454791795094941746852107487147856917167381631376952521682, 4932803587282714152025867274431306649798128169735642947677225941824574222972
45232440509838125165839674082296015663723668573754041084703151533837244216851, 33931492392841163116448543999156425940553726627910923793607782740697078255539
56378117283501457034570540705173806089632113542552634500370526993537035798221, 53908807323618443208672903533272100394568282895696219456246543281766651499099
1334523281770660417688812154489511709092976923740531813203238620936268443137, 16359815226851332779543694300395178683939082609388912036575992263459049192370
39836697998222250429248475741587482392548522899622795204582038334048927282876, 43585340503781203164046611290957397356790593606899829380327205438062397880694
55901257714129578495537456884984013577282506026567820548254600626260251505189, 14789283095946095928536169068358689442994195957196459665331638649938175918434
72102467639622682504741151114684554884825319190641582044824822504095759440908, 54114857960680415558535856620510192727130118792921747005202441003514992815875
66894325631158366081469252936418769045474270586191796646086567273995730083351, 61275943711851524862095419227070814876114355623715972658852485125752740881213
59597633608248674938498202726728621859829326108318974730820727629272850571425, 19687647697215813290875688185116225720245075711738821359589542424308583890063
52631089822457316289416076278894687144926669472869474269096379535395365080318, 63444894897505114066327447286764378548405171253216241458289008875578901932320
64863615388698975720997858240892604919752756962376360460023593961654267066150, 48023165576859024586945598435988904027754615892231909016647367267870882202993
27406309279737149688327261258562193433452547376753001725428875871683966075711, 44547403066021590494263614799755187489993794411374188880577876975318638960043
22136959484303554677040394529377435425226550562285552197501861705231321627558, 30749087641439762329131946308751543484635813814036362675105674663350420969844
29647661421123484186380420769420060897841507078704258143502384917986822730786, 23971967728141574806002987319180854854384827211788584814112620304951576692598
28463821558505861178831681851298868690521606441226688008855072445630395744412, 2742707465873618333775904788011349328218282936437786294196449046296703900227
60185861087937104661359842533554828934041080489151968168815341220085457130624, 75844278562390338840145747336126622515371132695226687031473857680503032732768
22358439268284732097406735747435714010107079924982472546896314934158725718480, 23820138722951777649005844055618841838712260096809789740024823714159468335223
29720554032978303828898358640200193398088137649233615885128586890633883129228, 53802702554426394618862670503854373816048490034069337504559988228400270291439
42644369808103589150183818554448379238328727356190015148480881872005195452927, 6973303606953594894903033980100416034188919027920725990383729827413201615598
66209269868732533672189485733565814588034431849696636522853635138870603107880, 32980211789977224875688579451121126722139342015000133071614551906639743075850
60944562883715498562984824278411694793145866130748830956905943003007966197105, 30314218426570007054121454855468258891282212666028847188427180759981980302030
19445120336155669627136325785505708504716938977695214798372418410934849200939, 23984045249537713267827639440101628491493553495820531974701201334048048700348
55227176447172999766491152978167553941019932606417809273888362033940825770885, 22906365262298976697420038321124414007626162584045293206539409143549001465610
18298681909718668910703911761429467874332933507031566772016423941139041932415, 61972318305886871147632343720504776945248529583918148788473507537500542941327
1693137013061414965467570479830305738181198054482497685247505135518863924353, 27644846398257851888394564868639770640127712709457223164076390737230472179225
38843864000156446943002842922225220192006282298824021864474637276764453171580, 11657720804857284788350348064539491350462601580860170591019309627216360294630
62061546533557765523997383137868316090821023041659743810125601182633546143006, 46658431382943800492766825597865984092385161616310018780086686858827098082096
56629534481863663059043681687584474214094207206780224088441820996674597156056, 27143334574656535970309721976658887528505531655421790777922189912920838104777
56232091516751913428206324152773639044009085783718886075541603094848382213261, 18092447026199326144095287146623632550699145325171114212806555732324416005768
73825651174062703179778557312221480918384061500216406791084758517820681020975, 61883268994546781721619142019289390187675563127697685298918730717306571678080
16332584205843288284086324792956700079199861643059248853431565506549191123908, 7450503935795635946715275087829497543539621701535188038816925914882558774613
40285401787898199332387123943455833780028107013037586630973732997134077580433, 12571297952725405535183420985588171231782354559750251924288922768345395625943
50305037616651489165161355855220242564086804738302028121827394822915933455542, 47254519897729654705894051299232600222319227857457412575804059114808705236384
64107380325260392043918022035784440104831913124942875182663145404663993834803, 53905692760219513912968815540749510560503510296187766266644591270159739623660
72369013839782934643026313057315709474385952375068934427049426707393837108155, 38212573241569366228378471014138623486812477322066591045112449752803447987823
75210519613150289479404251872785064413490353678471705531090693062159537447122, 50378501735163992192230440343550398227395619679114661794863849209059095499460
46363954461101702264198813124779193184796358147370103369673915378714330371916, 64723984317522397269036694789351461125339893592522903836083089016806376740751
30273891065561055814180711988031321847769927161941042851154614015017173682250, 66470690024356710689820679015951364133318351827967742377530742244455589211373
75714382512432260072642773323940422495945723001910749367318838340560728871393, 7556287379712938608531953252493695310429648685984029618661017678213528806113
25693298664377735319428017654847361905607525708321777371281332438629430098362, 32596195608411292555787000497937007485908956703244769720247177949590828121629
42392993891309373195271573245976991998131603657170823275009170322477625851358, 1937206412676927810844579066172981482710638565947397054805551741680336918821
66401493219787854831920601884763748379774904934122287226585314814254019603148, 21680585675663790416449219057168094809864584438061094909228614658063859648718
64270038264823745930157664952979698054510483085148825748328110715166565366919, 20469255828331139692697314849962183655968846444563817648206222893461848684095
58994834132430273778437991718188089796990634214807414522976833424439513097472, 17833342272557327193968462622156242130064233778982425647144879643420970524656
9494048917269653099479784050601448546060341485592771758259064613550304048043, 30988024552457959474699281012124584212240655578714491801705282584498634897262
10856722151935279633259438199023154362628316073575799466895060484901091987054, 52370542540425907514578724462168286385284663438258767843651782334457396694181
3697860397383515156431145570408499097550297519985173687475018093128754916180, 24151743816637476060635268437306543893784470716104493372290005439266713184710
41220745377295478339772079113438003898506273591735320741062244666174728417020, 52352578536051988602719662794928691350206893411403560376568653807374588071890
4871117719394669190990257498208404102223073274551166019084700940650393399983, 14991743506756905161937993879283722777051116255975975961733580746708470795640
7593641185032472055984515314148778367117085191228743592890703789189768240282, 49597200424019521069022542601589136052673478326679760606754785968679060905904
5787780922764621554100571332200904585724643042276854310543598414876925884347, 73131445900389059890427649596192491188894479672302606653677082280713738923509
75037399488814203299935243710983221543680398841760299162266968701037336218542, 32578613072132206145178273319536022069206818361354647309548374971566132584846
69254980250145659143708008240959063565979670038108959332220823274131742472221, 3659656442759627233564639083263489390665257992653458379599481415575188786693
73988321916669774632256767728881588903554457465488103282454368772362746537566, 1191737067381244844169013203402026217431544598498227608661404603528596594417
26587882499583027653314148698100438283627380002213022489834795456931614158818, 58807414346978469105527650512497171665086775056036796332759732756656038872093
70757753112024719579871623463834311926484681186104909813828012083759344625503, 4526362545276836678772103569065609497603082192513275802007808302524629655611
76092820054228796265564501369948298831861851279681738386718449746239130509623, 45946027134380642296873309931449657162259044936492153199907264531607770543278
16148911888140859369138554353491896832515266865229466630964388580448368635058, 23770732023251560868314485721949906944477266943811634699003742700960380270143
66237366406184009868068198338964442460556856997284729728776080073648117301805, 4207976987499424345678253182992121633111817039968215292648282620511414826046
49166402077707498508892251989311207969940887258567699390444717770985519992182, 71689004476730242129255885268847465284261125545303977929101676979793504850624
52135335891370069993559907187192024508433552311440948470576978283205929242685, 29274907041876327738147651813583088689789549641030637903002674365696168697596
69739765609913297485937866392397081077424441590273988571262305823241975291781, 4296774898504717937794211257896120955637455586182363866358148766301286783827
47584678658954359088488811021268892718500898178345880664898069425836859703102, 42661227475997406903708975111520862435967802745211889862939504633720391240994
21688804198435334195415751719833002266625886027841680497580577318515276141585, 60416519230883948343535870954202404322875064193195749428511350855100587140165
33982595794979357104860321490667702333474224585000205566145457677438564401274, 55640858782790118124434571505436267137732293904892909966473204984923200442618
30680849850029035279415608948482308952945666216586892350017418821975908732509, 37058781296122417614725005064673166454174893549729330842005695413883641975830
53136107699552086549793002179022227310152966321353209948352612928814862389503, 76420186420797409123317792489384450548297859335545807809709460058538550155469
25286497212404169525838470658339199707345477408484262558605943805976404642841, 29483201641565293937431632717031838382252925619104996885785640384454626667621
74271700604907150322431732293151792545296025550301771021956356636898226825540, 28580383799715019252202672892737842477914140727384870009988196124689395399170
53768281070439376472603244417815326612538539397305336606252927143244132548712, 58755912163468772253912466063432490721935829727107355972674947355171968146180
38804078414914789008797132242657829761807807279778042240984430672392958780082, 46456048678583426159785222294188210351448405117644305906410470332184660797910
62836132700049571491803460871596866219633777270811622925708410902381671007297, 39424071427685047029841032270096059580478743558482380825620192996601444193976
60917380328097344042131115409428094624096602455181235538638590837075072638326, 7094716418963918723898977633625371549608173825883992044252939090554728509484
9661766099926109898964033618410812129892764086432826753589497278929505155516, 59487451232651642642271453802822537688161351281708439251929300839631117630970
8921651067001280293062962434257715215690158777387745922535864270452800268167, 31282953171300457638227218824031994569672050742651394066668169838357087839144
61313184832459757773523317250264888714676388370755849527145013235489174943961, 48940475083811601318259965896323369789185308075327041869795005360867011753625
64022850993164999725448733497748931649529442043674349997040733872268836094950, 28489284211206858776679370311487591569103818796514050082900006373261870926132
21337607712381275170983454875417423725710770913813861923773831649591283829986, 30941261613724603065494827328789255858307171734307935021849996135889590120578
49247936539846090756083592173457075251715986292506941337649698622839055524075, 69410245686819119108499125414477220356558042947036460746398054900245283354240
44004187928756001218307719201483888987571387784413882422834753255434268814851, 29680975024569687348427281222336194697924496967204902621770178853397005196838
40308225569681516092893592574150065802680919705367789943202469326659820130024, 12910122015040703980111682125017986246410652247065737183868068089608170604787
7365829707214131273998196395109202014508782060528463055694882740265589156897, 61222116918746841236568282109677745359879599480748618634684158759863446563654
9258985995695230008338711997682288888409344952174043256274030578180477166148, 30578992015172917885585763819888627630660495678957035003544199427053663190547
483208232035118415864412910103110215271284355728046143432588003413082898086, 26981381908274527505951043114235657932030367205453126537807192776466084303946
71434811037967871302693060450100826050518455702974926686590407515998497033185, 49212318600391379387779468739667667369843181136880412447429173291175099826530
33157632146999585355608810692101255202675181465221009235256058844909978993308, 31690473294009195389335614066981927147797243757416280693419567830521904783906
6503010692972731442682026001952633918315973170219892392265762405125314055440, 72700499746957385522616595136925366109483715705936569960109120412460007441391
9524447827353045555947147900366336732289650943650311565206310049298524546279, 28131697744319151183592899600288474283638816121160872681412342043674361441225
63222904306031987365440313128435045835396487931527871418056929590037925829403, 9343244135490226638725692017715999484361209982637073477532670094033129067001
70627236326194399569835578197090292664120454406883985096672459351469393206193, 27362566131019868451162945977408039355212459592104241458527402769456398123094
28481470771264042310615988711652531384479073385711120875043199280437966277715, 54938518741171833581410823271342838741533339129496106091905798340781170409416
18271841412850561865349361290036632295711896519219456889443239452110041766361, 71256305380213521589859553023593313720618787303596513972587822403094036359230
67989837479977091987107212233379348350630821209898495814749062789027389891343, 70210502857649658943512059005674990862506154140044474621941124547001090426034
34160962594277669298820853012618555348897001041582813790364426921568759339790, 47922401520743285882550191204043647940712547799189754296276015179767741681717
52591445746309551481506045558515652583280411834088192074461961790233260757201, 64492433285881255541447471972017805191783785976152064430056597157433000886531
57694904734867423688849268120943119556342198893284213042184107775661380817409, 12392962717430783815142625778484284372333058760964661017847906083515464366183
52813243220827220846734024698219207522161326826160087943262551701708340568450, 18941959110929632420641611906153044819504243665300655399992071016241955240329
68373621336657520923566808828526738596039967618385108139335313032216450450214, 48019985317089987931665414520801126853635239271971968560051435546506709458581
40881922780677033530142683081613054814306899080912260815429316096633761095815, 33746840168519751689462782760724680184765796733868003523355661273139325440538
13224805640320654650174751478434890049680608258899539798026016635719918318250, 25383286253961192623368284204029121367879083177110863961531198170393331427314
37383072939046229236544221018574027454675133799246260608672315976633954934132, 47429435066484312600738972994090258347414788749136722301833354879424706807160
23993952945081272589867571451045687167840625693963454547783320110754382753599, 27044681646027627505372275543207439601695138553606328370368666075512067414697
36219029803445578710464570350554491213561321443993344734446269748278628253156, 2802928249962791496400858798280327909423820208515204149826248861926593078598
72843143538484542218602564857898246153106564484934858753742948622020250810132, 8171267241054336801821405031652820694095706692169769332269013173086980182797
56553016426417694140892887453793524419911492351342889236530330420364481221773, 6806155645838400131046694031465495397734241242247161225846954624225150726347
34234025285191891091555117395454299040746633652874962727371637386627731757692, 57708503878749154199433057822406343132847525106980315590780674448789260518513
64015878742315221731046848803602855519523625280625538162496982677832682773819, 24284477515033987546064617505296931122677803815999599159784274771212965532492
76004679644869071645066376024417375129956313862068264260410751214778072101894, 32172221759383440019609570750757019749251609331045028662920825034796058045689
25259271281586727131924380777272186877842924117407870917610612275719182070162, 23157813609826744368296907303466345546475734090121674026708641400472489560284
58039517666104247882017148114382126693983256588555764854478184517737630143434, 53061266253941379800802387894962994724813488884632600246580065838960336906311
69591580435852567426014176823299453069498711991593000647865626452145152471289, 24525065369104383369567099675980256521628198768030316036774083711645984625305
53487082382732723523802932747192767573512265339463803489020009679997818703549, 16946395846251246256585183472093826205855921031373132846044467050430149862275
65502862532122213818634286648039514309290790809805531833997035988121987130419, 73262933240192278168708046754888706207153698191677884014616181805876305299427
43606093605295867365961244564585373016177536266098371122563689188130092722304, 57798658101990484510825047222833915566942638938843288347231572885168193966137
69155612598475377198377949617281574975052918706420524718796779732646085821941, 61300992161546378480448274220622551220904102448691667157309487101517605919692
46216827434147217816630137241701103658262843932040013366077603522623876223781, 71282255686908269402380542175669647690861795317196372240577019623385243283655
18917002451525619432726902509880195574609266621315089908987705587302690324937, 56004327191939439017877237092348470873376096387185003104434371843807442173094
10260088206549760797476702366505914860472041729545164441683470797049974463242, 4083506532988465820500101813496048461568698865381066772400744074303349095741
24360295804598221362863283505228870613970837333943124268871569558239750347503, 11400212644524274983291478186462840197948164452873922397502696072942801315891
30371715369470694376154754228434905166734931470039576928313717701875609168817, 59825341659985833158248309319116760129964633682852318500855075226865812294958
35125126010472828984167158633348426060315707547913996063792103562430209661189, 41031371908496355567312860908362513650024485608123441490549397817167823899389
62518460823905617501546475903734253950111148824115975369327152093142981044614, 68720103873819033364822157725982733729611839988426637555084261801613273841177
66035283557647469810944228302459453398945589018001669681299403428617632626703, 40618830295308566440577276441183842096643479960110530639358917853709491372469
25749827004888606797904919563064615162377995099668176533060296108422582565277, 60380427186217493422139941130662602207712781490459145155279282330175320681008
38524615017812576470605424288295443974356432412829420831550778399465934079174, 5121348380558214228288398746741340782185799820407673165453102255545406245730
45414335212718165466040678196024062871407301505118795012888967303639508252963, 30479636469954372852321538447442572765760951083097700208881014993869964454089
61982162550109515438331737507362314264814150770385680481501102683998272288144, 76870801186065417957335454718736483284182345122734394645309679483543084338475
11785119767923849162225986674622144965170140267384985757617114234245363280968, 59144809569849267349079985785424917696268429647315405298233766298948419001940
40106529490263181449829448117116730510707891578493137497005641444307421844888, 50257834908671144557982247462583486539922211354500779186877717234698751123494
3752571876491465869457377731590172899389983060490022269851107600530831355573, 61495600532510015321973928631149333769925775326904903025842667040001322617761
72692988316056350876433583194708009458255727324749539667261673839206164487685, 64719769317602169875736162730127742423818132035988368082710693581452341958896
29835623721050261415834618300010195364377342745217123852903842957103969084026, 6192369027699523465344015705632752778156838519542669018874363511560749166605
48089957487385641212392363860185600029552484697386789811611602816362518953180, 10690448314025652407829481603856834694136813375464019293492269636435548187566
64804559339103135769485261411909234512587819249696364077041641755714227447065, 28524994387900935177678217185993447935231317483001594681982680181702902016612
34018080236348109346823452989118131654330158164238327979712806893128629501393, 68327774067217863316698443079203431884878260618831784788634594229863315246552
43700770721916517209597830922309404580680253234749695649542793979586960456767, 55871966966673821748594166355289558016779968727234754304288678036367446714601
40889519659009908218397788983623183434908037509878944470427182070227176662978, 62457875815566028429359632935728561143548890190356890902188402786274818780594
5088005335106488058595952604193853102593153697719590044890003440100477005433, 72756863457852318583888559901591017079088449042616671455848105783813347721962
12015212365804872939396447423237825455315956192955208896712412622743304763735, 17461155947610773521132711785066384026795257186768354985039551810260895223645
35478621295017744752922886929359098514396528899173847640537502748533691496887, 10023868247311991970891619893496696273694567548225138803990090458182505481676
4351593005749077646449123057327383623036310365182630901208709048907056479068, 19501752514364957787542703462388881723000679405633923617014058972468514931370
54813857659271778081886110241236773591671217120156943029238293184440249393477, 44440273272554005928607115667787457359074875128389801392465131452060106419716
12477181346019659396236355638401506935212270428369846108346031882154648377551, 46517571125953130340785399276190430633574604589459380561293810403079542302332
27496185125159382310470989429456691676576955665059920934669583484130574586092, 27241224317561668800821925682434683533265488367977336743273045184136573619580
73835270110370036835749549322964823909423936708987430281191193686905614964633, 67186817440409555710673430000537892426201670390687067533425066934754354564160
41835886480714403754806028897031541730650899920878759896564610136056597960597, 53028768337275753450320662487618005429856708796620780368409612670408480043489
31231902936139149125084294226415689071704530545332193944873358995260080609936, 10569201746588596978044368909899580950514350474766221997004163663303022407154
45577257618628694118762955580617134403299809447987177445899010847917032575775, 8251512819851939342884320886106557770003966299465628048318388192376602645780
25820073345802666647883744278346439735873667461778788745459984970983325296396, 70177428785072578555122433502975631308894391962672404932730940896063830282376
73782829776243515182978170174065179667312903302218481513744809804629191856662, 26686405371084762712802816135769750481371602905937543121649619511647207192334
41888375909710873760884909861793863406993535499821566239885662785516930511510, 44741223778828711939908134337772285001168594980058841285389387804628229046618
30426861473120155818494134820982038067116008457256979517475566596420714239635, 70572273965123354211151218500683773222176977414720052476717395542433087691587
10671170259135613605398568566002324270246883997747908785920758236164363390071, 45470731199567495890106497924773338900104811644531261438723131812028655311272
4735419986428727469769261106965281648154895511579542979537058499808381447142, 19359797076691642164358339906807150406048362648703527277531321382074418491466
1536265349013356830184746296539056607119572795833443482219191336098452492805, 60950123939633206592681757112900577534214564698002527833520274521874090680626
3827370295344934673663777643658923998979486838067932427842218877899210751603, 49284775710289708365043415502120216893446000591789572901351887103507629349291
50919213397622961414373531980806850759199691612855635736925217742950278643231, 19893518524276883524915270998673320823594950075998732123630524536443456644527
45455925685038430682720958912801543845707686703732880640447655440048334002233, 6204480544068100135752763614121518130923809028709300886230442834605792659979
72165546534171436386659515278208675819809056389231890057068635210836827768103, 37814751507419759038103955597999579060779729551160377064871592011871538860938
47167746615108356757778786007442567713292068947328633208345048737797608582044, 57836092125138428061580142003369659823697374054238388342766185027451365472452
21353823909404040285309679733980735830053553406886421020375533250190257166642, 2928991780264224982731103245824288365018328712218233055165661812373866553106
28637746859573234907143564850092223746622211501830588210167757957421792416983, 31210113232811454889703737429898120399196072617101012765898834598537031433960
19055341280672386932801677105869164693204919484717625294441490731501039990662, 25419680182530630484215565054340325959814449244202944186513097129399351352875
29704022962148927779987840417422050695751787164714620647303518959234436227233, 20176156052533672569044453207613995182586971814793158138481835274540637732063
6906864309334586757043778701713661122370656709909985129749321517983615981882, 37725225596147145087741263835715955637278045520950023433923228798878472683500
35488807179281810194682491449066626983048885343429381075029256345101628061259, 46185004295364508347401971247435345045882076858973090784062170261513802643309
64148240688069013718699317046359479769276332370504997246007921891168057781179, 73259643784894943796428693288211916783740137482830322269830296789256742880746
62910194703230739659921057642008901244721824881402412867624214499247123325751, 5175220100906586214509578821656858027327722133670092927022793711984515857128
7321669767384151136812738291475553552083053737342541379648591200236220235873, 50679001694418277936427005971383958841405967075866187154549127788187311334250
35359788645790869176431475472120699182073233651029096702866044346998450680748, 19660466213377666738383998189401779443609622166035062949242425861240833651484
10835511478473821174590205285773320136291155226557034332543948720416446000573, 8653067286086479369174431363760282338946791700846510738530167313539481755085
3138265534647370388281179444644905330413008615078222643775958743451958495411, 7462014089813582036553721357314406763429460954522166528363222153138529035703
2653292169655192177323822378660697691433754333325648822231060792574264939087, 28208975532918037997199940846805308442374297847519071159438218571202768214284
31976353696491674585336813472796347007895635034795795554369756769165036599604, 48368598162726030029969298275994075943885266974824497982164750660538491533661
59560588094132650454068174979246530861988318278612695934345391606731492733254, 51814496459568591572834733612396876867226660144879938283438522953299817179384
29630638305072907605523751585624039150305331387858590259845364141231935538227, 44944592682800022968760968253989874097926337371955351394615386204507000259821
21327732071412630567622141127258205831469524166791000936409941708061933649344, 26232332987061435661822475092496121626230900052994892874096102783684920565312
70812785912518124720404918964800629747187445931858168704667031265706852641052, 49286105587405948411079303496535614059302545617461832993379530807100489685258
55843372154720246465061774916775000110455292835991665711955869954296791224390, 45055871592498193160269585738124468401881933641068703926513515795493026819721
58613851758103049209648356739387018260253204322735369608817437526401022677148, 76194225135059112237714025380422806053150942289204438464074203382856455527251
5569621816630029940738923026723352392483962960514730415641605918427933900920, 4910986660210873239530883092827785796788597590493676805993364676241863109974
72685834490293096040282641753564263034871313292673013719093188669865931466273, 14176281031523885248607060163675806336234706292374941690470958370279701580913
52876907906991198757835170162424351069820488504454290223459065501945859167056, 76515197569131951776793014731862713827717424940390510716670532625967810384239
29255469168835157772654595154764365233199580616666622063972229075031100948989, 37543050884672815630532682562110226475106824502398222539814865504840829412398
68475846916496800755789513483143902412848441313976124404675397044038392808365, 3242840932739619441894051433050926558449464492359752353642613102032884698865
44549463360709444131545098047299202197248710469274187231016320284003460823979, 26191368966594365675570948965175320789279410326684728791979924923374717577022
19367905951011493206417508708835770083785383354495766246382651047812485440444, 52094307583488054802480056420869817079337790071571213345181236173197227042051
60016018124488330056697595101582458106861083406014955535305126117475355405116, 39582788610567465031648517592506516253946005752973451197436812583847279011260
46695620719934720906917454527739354628397828593263911578415435669311983491332, 48409413464202391318836383995939653283857854192527666606039726969558338204802
45447580231281997247508604014339365327120475720997915176582712971703356954675, 22732750121564941872855361008790875315035902508482678530254543540016690176688
18121385951030894061601049945245774893169575535857850857619302419262221798239, 50325151152033803373833449558259891114862526887916408446375512468765318565381
6321970341366991944781890987194703555297748888532044904973683272112781440685, 3621251235007422803684816082860397145257425917843690604737501581322883299840
45960442752354280521115469127012784579626380709284806632105049312008814328930, 56849424875161662488173623377853717086577656068426129056256989456266995816709
61404039431472873278675186007147298208666364119431865034212595900126597530416, 51947156799027418284908545906053896513030270372274239446072407982649141207687
31764037166425339214410428842353757079802083761637343049193939366883896175132, 65929910322504418263456898412662319646879688897557011853235400385900283613672
36185965756332343709505183868348067312838258335761482222135846992669419226624, 61816717591406161468450135742614486788931486508112286867789808939573026827326
5636523993032762774611635765979864386134670975771337587565877744087958635671, 28088728510942908516131636852148186185587992412789289960514057810637782664419
19583971760724090737232764165218440421564116420594338039424002976421581241376, 62537874662159386552614515200721009694801361419017217087785791376223755139542
17896684835761871632097592249852856600615841424209660945367426228864943209135, 37922499489053482590139579218521613837489856947223205463817938641086054341035
7430329258147504702337489744115207877905093696113811320188044981832401482044, 26121937961463562266794785632960306449610372716676871655964805950979728866810
43556420147030501445263353161131993517556541419377507861188027698667625452933, 28514398047060880160321564498104260892268024023301620338340474960145504043641
68021044000402436296077637969964169431318077228584530961702905285027653840135, 17041270273643263100312359268310993411767289804688367456738818605727837990996
66945441238896389229897855779439610479683554784547169653166182519342377272095, 15009834993091772327883741584588365002783940588576139712163376943185679818229
14163275676161936565918534709695695603826091420461094985932350585664198575470, 23686689554736471106350662531039406014823098972251674382200847828935128148747
29926504072338839878042129894778382068654102554317566266751255038837152898786, 72913850943425569798382396105415027290405995240281846584363332034746957703255
34377489298734017057088670362471485242337660347938359560385883888072139095895, 15999250833829336576312417620020929108246229130468198726512428093611318748702
3341620808661687721566579958877991588191329817580162976544351579598938828371, 75412242991226746840697306517910459292522249316599087881120328136316586686787
43445746215368808573725502712339889183396489707587334926256346951865736878480, 72569577115730345878121493731790932639547209337371968796248718653635870074304
56383961912474173284968246386092615573374575619336320778403970606381865106891, 26486648541010248056076679006033957832860156295445525947706400673841452330317
25570878426471122773073842770387036670304474376471698573842082931142148518515, 24690910682006457854639952079991132008010276669074631577114055574045938403379
44835619482816670787732922621727361064409933342280084354917677573590780135916, 16647214965692767999183190651359924104499606875181506251874612031201132002564
40846178724991740004170492279468896610388179669336658959398441396902499281509, 7577782436039944587854944070157834915041346319768208957038774697723431570743
8120610739141879421528427829307088029396736568412548150376676036020183567045, 66249838038714039703012931377660602146353654384838480512367047038364762543857
6263581854883392321598704819831279491712600234501525334059825689191465858494, 44969711658227108308152110830712648747418158983383409765003638708928397734474
18407586851391931249650494389874451590640769862510763840143972329776719150962, 44216506353856084266246970973857810912713150381864674634577986422834466897699
19293554443100374829771576271199839253316234679615201777738507237877436216098, 25869824742814882977472632061434448701115790793829060383820405295097683191291
13081348478025047718842281315064102559151140637202795663081605445302569032020, 65722038678135210928788770856828369380245166815067497361663494384767351797735
13272002966487001957712054824305915970199940860797733907572181877310100585546, 56505791823906740564158090538960133341141623858642403654645318437463041964521
6591326078743906547137238884078362561407068439497274097676320615140365962072, 71190318757903988628018150572883688581113946235080065470190011253483256778412
6041161420315649423745032626694457321871073836420183864650514148058250776640, 6510627483767819767665557019044995659274341847229412068651380137529600750021
51787646957006984683112942353850592432901584294611176605997579461354806179124, 60871504518412387544502894439643829361584197866128169251849322228701191449746
50602758398436806882089815630686132867088957312667702127203552869261190252298, 32388995604905277275480855373341078256023458301800558413731900586024144129240
5178342120499947376394377454459586557734129177024314942528896226002042062761, 27750218867863887472079314677835896891051632870822914654913986015011122545451
61548676044632469198571266582579846435366263595705286246183320328752912541604, 61214928674367762587618738996863075144488464564864177562838584538069666274196
921005816691786993515638012855565729809750439496534474444393628017982061013, 69669828993071446844464766404083756307765256451850846241909879439197095414615
39889425696417750958179847950853064662156257215226163060628790975775559713097, 60905498498938107689537341664684392565189803371926475755471663833650510242713
47669397327646754842699443887993964170153782545102926535128030349732234505580, 15307580258455971202453564038978256235136994196055271364986299503201567125035
69346397608658317201154445703864259526521952458064086784391893752060093745561, 509482508741991054757632139593198386071000745940389463915508843968396938134
59043022659817878590315193115550706689133268013250085100720382389282016501959, 18413454425309888330624017225014221754680737954642932348685438359710427187878
14646456297125189111049021865377721687693934667367559208971171204869201774691, 5013954966999651814742730223693471233461784106404863292699816402339027511749
26458228644933850271362157712415576361672409622483450127733258849066304177990, 36175757078639991153411475920914571891981982850698856003313301872630660812337
43562047498748247577614216596748602199385395392926061679718496589437278285764, 12535307186242169189082358060222253298415713897384020021510667150544930981426
37585038679357716092958412580789501136161959065477839473491182071288142055693, 28043382039012473911532307621278531581030473899734117565005639696449765560819
15509702866780284471794557369317226627580039938465509545472420581366941603053, 34674569385194249800153248098969956121944211933868369053682424549132554091292
72800851687634458941286905197862797902067374398783737843256278833826702622825, 2116626382683431563478606924584887862340653088383939914907979281207520339981
13921632691484852701971559673369802752667970374431396325046539896441685299839, 22939235263579683452192352814267998357662621934886394518156895608334998420982
45217799241084797649562698281601340155051278757800488661354165937989824957117, 47015383615342433735746611727435378535186256961995146324126857111649526142850
38312800550374849409114574979712935478163623993264671173439912205037157552074, 64206925026220749740897833799328902455717147191262673057093970609603108463309
61088865142161715123296707099828382687653235956089380280156275366513284202548, 26523029935329859984687402294078891315640047487771581761547440112769954376285
43756269022213947013739269359096052693369530928470682564889204384873663713057, 58865782710303969610650270211548967957053814749121838167296765619619076066025
20131891838408495015880172177501162300573437379873171238103931311145174639583, 39892142174976446813572165314812777311652240627041048014283664935754778107578
50708306765862204835744482718656847169756211697072710823152998928296278511777, 61262136558410519018540095780008540802018118493619052762358475267603089501358
37000768709298881350436992864335332686799796371496184045061076089462573690890, 29291566581118660688762637796205556201755603411202167332728168106176728116488
28278148741212002304150071052430570923408227350147632477779184134690261530469, 1825860510345100807790152129001598997217992116620126170363381080007650196121
33293340715533569363304602683723134173818718970827853594899304247481252339494, 70602425255265631332761489703197312825188875274376859035479353937886737087998
9075558701246065719597864412568625154861530937684074731822314004316351426016, 64945684659112401840786090385777975995220704756899512155535767768719855144030
56490939407620519748259259441558791898835875104610977574837235317579385159355, 28553920258587306831648852636761191349677048519178876250075730202175912158597
50188410304722143860798872648656689986755621018580009685353458213908077152043, 58937844346367692755896707670768151673441378689153253370941342403769308463740
41251478402482631561495156323739124272442813364401212773245606012219277717338, 10166704597126284632016916283131781977398382170593963579679089678584643721466
20372141254695551559794359105136296982432719856284542748440098805881237182953, 60412769387749895167377382934101587865235534499239499101528611816852558803665
37531013965462447618466448884247032121667243646568000889282329797340674898090, 56545148124760117822898676536126659192519064789777003816546526472696221613750
6061938668639402311859009162784127145625528636001493217576144141784641300071, 62874566494578068468730781999819120227384138709232599295553732883660047983833
19198941979862049166413805410590630169318356328294233622577383656443875665359, 30277122094651824944263038799270006761728008896629469064193959878086951262041
5980599564581385308693884437577357439519513755982800013599131782357847046896, 15179643375068276712000925821454086629253366854196405308521706399356011933634
53212162940450217952605887783559578802397344464718167386863143563481824285256, 21093529979756701355491593109447237743940099894915833015013365658233508998940
63331709098636500144844704539667783940750468080318577868302893597632126291184, 43038994662660420088666665092396529059017588414955500327682479129517996988319
69404436173016110833695099454928111331401854006471569881691975511166929283211, 29691928485444800223059836335903658428763478103132787401286357876774015636245
4916561884001913690576399485406355131477228774783681176179474298747852314115, 73382645065167575412068273549533524014208340473227144962605607787808535967481
13931363324407943538316151954980049877549403596148885761809426104679076567279, 75471776819638705332767718784196591117697971669844768435166339008949021125799
72745063486678499467095258062886359802860258674762313912539293892534997773223, 70961171336937523436959921503151175463134490907520180815711510939391675597325
23135773484701956946838203660235865534465073259747962193916120397345441854017, 2568256307991474714979324736860052083367867440051540809201691902881784340162
60925703205419532847596209164795288919893477769457461436468492228096136982239, 13896612155220917762260826460304942096535279735774326179878885198301304079084
70566562695571975928849032187967696869650681176587073649810056103313002145859, 57272275450561190302943518120259918405306491560340417442142332944095968548445
18933230885374005998594351755724641664041819431085446744627108700690988486579, 47577806365904915500786862050561251019957643810400847992007041541282028509076
70607790004945515794327538225250320970231036932484392372127678867179654539480, 24472906220159139585202629501263182707905562210105205198732359690319974227341
16906141593049506816182173587998405589760171621406696784989101161670582743267, 48341504742286744911498862092105040251811427546227599286060770897989650019301
75364293728734169169034207310410163477062745906829632460652025194243030726204, 22863556191830627995701198679054699267194221540101164941137485812831002323278
57942282071955367923424202922117481707507274157011894234050256663291648927311, 65783237390861918358767020839413415440775027941875189089589606500965787020478
38096623870032090540093417967327725577872565321194888738059250491554161123530, 43753610418333152258624554577794900692254776795022725546958536521068753573650
12047598033165590768787605901184877749584253556051477298053246226454335767180, 55209690735673380299475729038465866326446825544305390373439072996298167023967
38944363100317339801375447624800089458097703669807982584251395704711969715211, 73323851909426666646684019747265086981020701548260147744902184647652458143901
51057543841439821314946582811145716871311704371529995169980388160554757836367, 75138505046079317370884698647622363709725062436116369214614086097319254119473
65293370049133603149073116792181911394950349938357590569927016997654609701281, 256120659598154236072065753717121193931457265690877772716160493649971717770
40613843407083715730194899583996710880751602061701466315912079947835610300803, 32063572819487354427267239467287904276496387636134721927628444060162699699735
47305916721901380762428412808561992042404679714744250422377697875736594426428, 8083308837117653860772214247226327896766510325818933092730514674091185193363
25053729006065341555287420154935104296089315832730104362489000328287203948183, 31508909702597417622827002986063632047822708777329095421008109536537224983842
38580958259332672972020836217465914708071644326558149874171011859544276135313, 51502669689157895124744278150567056223002714098285516984606660648063811462563
47112106485348658851935797411313381769593331667896814266909762312169014886043, 24626964285570015582804752693544706488419546726809798456879869480722573239948
51239912781970412516591864230808738077978523831757221074091679180711686389842, 74049202961571972575826017056100115925170585753055152369721867693583789042391
1779758264074623857568147219877160138959625127433851966240203404208684636185, 28680339865846053321923085451150360032628636520802599131962425355344764520359
65010588373956574107533343906298468609570398715402103239698266365569881610623, 44850213682343163917826866631895479637894326658653989094527037564007909007724
39844383566540199044844679274229168841820324370554774952904727564227048532317, 62376324590106209429145006253939533989235095597438329248264240021547313805358
27282728826084128105601710059534268609470928456207744899350591114246898338007, 37750237920212321587363344035759432943025302701530892393747999954168423656401
4130019629377743142463841563990615644008107841160345766801637131555702131311, 31320721312095548499690963994444489271468541560802367684891199622475992449990
7348061873875962027223847781753358602913719591908353442326183781371849405704, 52240706592397789557736746558490285379868386157089619258855353624699551412580
28606971181921797044525077837194330185231680861326499588219088053293218220542, 76332088179373309307674497129001157822985260333832763851284442270017990162240
4160628308729869071731202680288925197797871606654303494872946259906375487847, 63995652648273751842567617914916151376326630114741841817005610120328590233870
26486144309610371806000333473183194885963698557099398857055891907635028383148, 38229398046791871457004413029125578696850674846734873232810851268829970140620
34062816547966606192391633911711714753040961165946168592287346790599934554610, 41348248618516920179104596958072507818915202215875322496713913316752554862460
27225307508323591933594965582963574632997770319010336475654860856380905193202, 19247496074337375031921679446328924404859325074861084318072297694948181843045
51757596272637222885222501331907943831769424752974900368663022077083805464655, 21340971920147774163113222329984081897610257228810081447184548600501179780215
21792600396441764247142597403190433696767496123955302427362679443401435021311, 10505945598515345064611653134575866216547874141859957720651698162191948308057
47478542208570430414525768861182640354883733111688348461746321001345764204223, 45267102969799315014347808489530872851885104671544759368154561346076475677850
64153299726268874800866161097508616333708669678130773264942715083297643174440, 55425000511289431949978560549413490077224017712874026985261825794380489841404
58575723526285407450154398334842448192712915977697376993000769172772566430296, 44973855739387356805064714810371283251683022933472359546670050667610186232204
4094103322615105960630059142075072436177873406302675342416203027370839683234, 52149942440883562496146237421278851265730154947783326544487953523650687384599
39116937706649688288851889561660023031162697938427795022727824252341384643523, 34927075376683343665521774580922945867967245900899745658295382578638144023071
54979851988597813235326392903438568538014515267039333686232464066237911225892, 13808381191097090175002603855511589011981911523540320734756567765974807670737
25007883589914987067566249820063624019286230663219474411556633224060201903432, 54285853446798160953362820077822592851333569687990601418550574202304860509187
14556491509834857925559240474277473792586494446462997739196381979757041833540, 69090974832924736284162400136679526387312961209606367797081111489811188044022
19417409152945670052368182815528553745296836529410221372118824543639625844400, 59300196519120350120670976438770083842826060421206899097475331525550813391705
31787918903058080991461657657239580413859366285612680023464158453196311486891, 11378046378200703724575878507955507793239886241625569410886869390456021310985
66928824493132303487397899725587503295923944810136365255552897087648437807769, 50229749722742121982867967172108033551783344126284279079245998111756215620027
32697485376952585232127225019362820250189650984337421556295489960115019888500, 53905003818874593212079958089222151931704680064894167289406862508209786709095
41961077166482056171579761120529290954387983977968262006357351956140301980779, 2989800041450597144760209012260890029861013175367772273864172598067913400132
13198562684265547101757362080431250621722881945014619734318979277454137515086, 21607170159343221891341366143123161774492618418290029342447346353209884976374
70279398221517006706627694292258718850042890513100717177112720315616394504274, 12754225379980772711559150212522082425732688319219420551289245212668221864425
12137342621171269899001583955891080154578070193563402192325025132693831938229, 44851049968471679193186159920182560679242518973912804002589095734356612631385
62349547086907836287354825258841678299703982874703690212683068170336744114428, 14210126885002735264787567977392081758661340849007336174521285296381637984425
65981427302115346474107586417027584701574459241330095940010993636094748056005, 55612164715557117914952452109921645699712901822025955419255720279232323109168
13050124394139120843798885736654897452173677610605717596459191470425811266145, 40442040557196252884949008014981634295352749534528625878747289357520436932620
46119688066105719777582146050800400111287636496621830462390935945236530731822, 27756396401948804092359626475786567976048868111108531280292172245804688893193
27867978591633318877223893620467780430086288723213247995667319535707281834868, 42004934083132034591422193094727486733185968908766941916969281361994626184568
48379666096249883378813040908373933810243496620494133581037973522394652521289, 131564109770833693061882907313120986573376156692031013967466123010542346586
47833516533301922149930233407406668653261391771527918311002309645682244324122, 74511515858927107123713950941608899544306590949564931429110981108205802626790
55634771106439180090516013328155882181256280472319710437244245906572820913631, 44866415575987112120612696680102833448047828585265145318527595361559111466724
10198103571147935594022260097631484179611457742166783578157226404850702660594, 18701903430642309395769891500290328826653204332517653173801981011615935179819
32374280529608919473359087100558864915836305191754245187579626664506778429806, 32949577356622521565459578833974031399977514413235334295365060670191509816012
65902373750395164605473203625044451671616116648769402058735412090238736333428, 4644809702758139120372915432861139776228148558163805482493179691867552027110
29026861969140042042056139488150293616751890793468656584465558838017127718341, 29093547232400188561389252619637462449861540322199290785271714275237281612171
42201261904428777850766971200761233355430068418433852659951824708791231300179, 3021200734024353337761462428789924091799057107442711966045469197062664095598
48309226979932413919494535556964978020330455311355306681034566856448960303963, 5997046584842643356486939237528207714533032166957367303462009475749269313751
21643770697668118930159756786359104993218092792216087463279985306558239195467, 38901645411586214981108202889879696558629928593271931545672035151531585026517
46505820772485213084221774317173580109348200997578337657343269824458666437810, 19933180138138756850841231500654485494297179318623519767011812049287404391595
45395868631305072411789514258223362764387865588198665665684043392306948890897, 3772715096459501820597037586626883096503487622353314275219304295092265880092
60839307261115487061970285194134680353799002376402078688147817236472450878448, 65577946797085950750240082087803646637816834282332731464543518164453620045769
53295344720192850407222547886943878729704542274266283223037689223237597741331, 25123094663355409403501065967606475556310119221859791976748084684777081143947
7331930469581023420616032309378226833764215324277038961637341389967572210882, 66376464948222493932603639338755870998195718950572296174089897103986040396830
33867835019759166200927342317693727356017685299535277760055378682035571085054, 10959789737318006176348990547810015177254413471401401280462654985410751631128
8523503777314057568933201867343230715774259249928325272328880923713559345962, 68222135222132482520530177524860614913283429526953186455549917527941969194366
69860907445051911089791435154232948341368693346380535882106798638054809027677, 41395181013191808464572103414088503113365109124269699976874904456197440234075
74149471440462358978805576629981235383308467652361269061532058187305695854382, 59144593248324651367627026363415038692997441244844322807296661182057482305532
59499037583059618432805734389984804138746597506255754702456110402126706859660, 15286725812795593558537806226122919636889133023237979476134573908128702478033
35815477129456884322370899113128144195945084747963195945109552966057571586140, 73023973776790977389224939167355877102376431859412586725117661781455255432922
62981119845991906756997020342037912840028093801982516518616489868141419124521, 45902414576840916261435592554816197490768641044583282322323422876252309896730
25704012111702435881512161599475897094698210478160014263374148879187149669490, 35976808372920655519565879570637737890699810938268952237167502817595770850326
53451499823196064358288709641481592960389769905062494708460226436075339793791, 14469275694424293304001565380664778150452835684730917430969231116920257577970
45069467105421155344478071385856853256589217933389585718100888751432659988347, 3480645611123107819940161338487306018007467373303428467236344033538489793619
53322066177761379739154506931442853205814958127510750030910375313063059380284, 64167156607628246618404525024021680662631149655443505424795812505664507643202
26808659979499204088895824195352842313121660780644981141535748386247683183799, 25110131802795251746254781549012337177221696782575356621667558924657887629693
59631848321311644306081863882253057635518646052792648645743062442359895338574, 40174915230872778327741926040944346306197641564121788875435721338282657368829
64819675512472629259767693255706185417071616157976338277300808439484483482219, 76387730319745985322448143439027582045066442163332233611446468525240274401072
27716183005826445941687004509669539208975777297427942226699508676699784392669, 14840131722432327387603152296760556458455078800578794354697826224185845632694
25204455809318019466570737859336044104590316995185112795834826366435897778465, 44971173755674289186048123080323210263898630959428886777031160613602571380334
14871261685678972085438240348571997865904064275166639257156573716448535102154, 49604054256215489407864909507647528302708895073982546666112178248852132713016
76755961722184822485936485580911807917627338199496037474794521826828753058361, 3468961992301656230149346041362350983977697923931555397208896296789949108336
48477000725326706311633318695182136336644058638849207101627497905302543402999, 21188998405391447898439718258209259493556422366845099959916655900799308180285
76362007044469035517798465978040891336404031134596701934159769206267783488678, 65238066323463587913084936444726603046356267937198800088857046411426990331561
75417519549024695416562747914874524492097932792085779410419039364836929772682, 48236051672045388544784456932425920513145843567976036490348050041695906070556
39312653447972956026615136210081265952777857163424781639787141809151061858715, 35014177271891440191371205189309422494709425215901501438149133247801554800643
63981807693782484676139271881661302421369891023043563066242682380232652634491, 49858387365738458338451499251947512533496174745849356837576214748985405106548
12900147105043262334732529134005225364285286369075394806622414979062003129683, 29530297797945132434620869931071462526396375581968204433140814943814174564156
49061303589370991991189150511963235709847061147096334131850110767987904975762, 37207164840327963468579664365422107164877726155078547955963779449425858042602
42913336941170202449293247235885603913614611653805866763804012852152983368028, 53912154873731550051864164244776815129608376034697337363274535013128382990201
22986042661547554539051521686637691496748883722881625227191620772768022867769, 17886653980206356789155513243916047995315097236501716837139998566575506578066
59647858254772299992757302989434674982531401499714631174702260192347951229621, 905101647672507718961286841612641952178383533659928909717752949289027324461
53932219574000261098079760779021464926345204831660105112371892256174878618945, 37631630299523316003129756966919657810975274768753899382380193467131918617420
41311668339451226612414685992197737876301659947273059742577006997151394470202, 50590119184322015082322510292174287655590015348699059734742878394367822605278
75925323837140141602685195242559562319617876528195840997278736356232671323556, 9948346544564637913483213945801805948967249339412143149079498784061138109994
48810880258568582640975053512991566823496403247428296193905561087244250663835, 17550219311108754073126370254385089769595861081765972932929431933516031671886
21101167572872495162183921732932495928354512398531572086972765462773359842398, 169066765402078853236440838369712509745675299645149722891952457581535849978
56697901134473062058563680846925685862447469290744405847082123967118297228651, 71998758778389037960189030739531105551988318214633278657078882792252382456411
14710860933072880646037144333866842737309977458326349295188210075953310371567, 56288961079390901074551729570979559126967970984619794364473194666806884594775
40898736543706122283338359033740624738585103700086372230748661654550942322136, 56941152247920467730337286174857345136607489197064598084103896657409605714369
39124846781824299342139373992607049784124006852112535918012431459585517006556, 19505154266558299073436931689607145488240475869172173851733637726948914330515
50825543317693213897842524718461468364196649080882059661786009225045726118402, 44741605904701963396858264301318576056151310016390166139402199300435347499036
54179913089289286539343481189925651629806172674091452424559663459577460100956, 7129656871187142328239735582447976532723684427245374800485481711724097558096
39530683018115826989845677190605796890378151108454659416445723805805736971395, 70012925140673835985039134255858738965964373029811854278738801667854261426675
25382281995835828770083946735876737506561534070253517260238515272555128728298, 28506282721950174905478826922805589789712852313562572024080131308586728613926
34089207679984246646393201735418937287959148310136433767435005973447743630301, 12688145574355997913134364989933065131830566169534403382689123893675720003613
61580760721503891806723139605626494657138182110481276296018398257851312514200, 59631201513760683677097349181116581360385777815150990232896951755947652042248
25009296766125122605301615616262899190654217209132343726021019022881757727392, 10881711994971078617065055139986909680751161509501951260789594305919453192594
7280405354679395884939471744834311716554995996478746643516261389927814919153, 15415672401664418990060183631315057137708768316302922482904012009472129567812
25124415498807255775061482201398737427663391633185819760249803398129796149261, 74864423794336699002084418841498300570797181357997825968984597177519520721809
58241054736284340952914322487391713754043072389718466485272291454284784738359, 61602796582007430912305836851545237911603026808710649526164037000853699337670
48521594124894759729708833157054145872381471129899958613903815130564629279368, 26194519989907428828600815802997085792427961420838306192384238949460252153101
69909363342852027177597582294783314812022207282058556092531909849275582951739, 50900839268819512486956400902623680892545077066240402931894464357901036950884
2095839099759639639512048296177128032013608502350903724793857909401692329325, 11887478566349958407795709856907976023124002495125076699277559898603486202967
31378559433497805317259457880246452309543920096293479372820938211018627631275, 988510696148194265967987472236271577151699001758718552265094417660419303473
33639762435567143714623347243785602457502749606083959575389789775426664000237, 9068940989268800447448011008419557299726927342574514008109420934373120071684
24313375459131704037394630086726916110005498965982296368222919464356218307444, 43355291451355374313617896435034723927232103166497871141074065631617568444514
14030665683788142716194814166475217650500682507689327170999620988102382238108, 64810787002832425471957517043175266845006092717897514670573170328721617185305
43121298559964784630325867586824104382117988635087461843041878922168280853902, 74147058189838643922125135286350930295099126770207413987184896418053614533186
69279250959728109446353735692762808740711048537750526185242692132838278561316, 69146542116011766206598598899363329507467349271718105213567480454029745465288
10687284703616121637216703657535444183873623562772943854206065137416687872712, 19169406573067786605039852668361804374629368601404046616240764716766204535479
12336301433422075591496308421225616833504659475653074172342788127929107746643, 17549461707856927616280324562744461985480100065370304199947668352569576406128
11084716080799294434332236514131259957308577103209130410946428631603681783413, 37400523995670880059158929745123790606121584243300259117369816200719150421165
75684269910772973869273981005350264474324817200671805183696570623800846463077, 22760898526865411035330321720520155993654581398124444781459436817585865539074
46276123400062700737440461139292502623558911925952061644674098389007676214800, 40059713639336461230215916076454199630463770573979761624648485638423252923273
25707000197389089277832863465315484923824669117818457682474024458367433872390, 67660651534875892530289028899170539346423572923064057580772736140034016908296
46822833120505553676463089795854000725545965864245402973020601457214096931582, 33508612413276774533908856395375031227323145609725399398690726768059936306233
49910602382573577133080476916029036671258171795890392634952785446287324831731, 72134198586695138928774257127021741976678630414094001828418902526228594448907
35856520407625024328796962829267672000018357892376951457752366473160705823974, 1883658841767093973637223778635071262068896332858968551315847224277020565415
27154702340550044613099110617849218807791488218651670751873862239301689662608, 43684937082892427874408368349090338866811616926545591281151718180224539688917
54316647139394411023037467123160569400953587734338718072141231425117050043793, 63771995917905650351927776324132955654126028203539328405271906043997126286143
40603780331049325343146767311661761600040110744778026457965775464052907444832, 64867192910090876321006209586306686573143860355501230439421467051661595829005
52179647936110467698868007504342617186035479139779235618078225562391871363684, 39179651137946252568785575814413685285551320823409575719811778921725242334399
23415276847814267984126592483026228290510763283879979166800935456149583050987, 75713113351930788651188722298924494156811030939487432787686001609518413136275
20389544838511462317350892996132041521407813233884761336570950538305571982931, 12667864496280582343538911544441938177358948831746618168264021206887699591153
68886064978861892082807844665678873578520753610603432679240595653161887554586, 45701157257776889462952549719775626834833146453413827165549196219636599877979
76757391205575406033774637596910945996290403347683155947371681486242568509797, 23032721798584902523139638728552440957001960922860489815274472937698839077594
56941683697421377082128437531028552361785223061830624348790213219835098370004, 61488109105386352797614100382575601586971641448600010645970245193993032078793
11123702334543795919191988638563081250560876685089795712411209226761229786906, 69348368518951323443897497653581608957723980992694902786069977470576046573115
32940076630559353806940434934141952339889564380823992852605734151928419442252, 32392137607907798284362708055226932130866761832081030502256030816777649156698
56976012558369014113087327503681423348953531199877286674099267364379830002239, 63554421714199071748988070670128776637724113084501940301419760288217883235626
19979412580785312178790108002070146338570023013167188783355408241061653729699, 58230373215087816542375374253659136273376284216709023887199685599793854716081
23543703871885765214695889785638365731635839049472402476346517488633912606327, 54343483194370222913541405463838635296043091007346322628354586404069808456683
49611680628068084648488903330481390145560114666190641231898572835762237765943, 20074590491917895893005559883023249232994276729202362078725546743576940212482
52315711601419843966678703089684701777838372617958024866544858662864305032812, 10062171721967141840740777959498294434004099423426992039036959742778836053087
59886286497068672124269761397620815931083806236467405133192842101123295206765, 66052524982693675409667400362523364099832209038762053035691874435924965505074
14867611088849797834669758991097511358645999968697722329334596975835735942697, 41388883068494392945830671138181468862257857804261717415993479259322180962275
