Elliptic Curve: brainpoolP256r1
Field Prime: 76884956397045344220809746629001649093037950200943055203735601445031516197751
Base Point: (63243729749562333355292243550312970334778175571054726587095381623627144114786, 38218615093753523893122277964030810387585405539772602581557831887485717997975)
Polynomial Degree: 5
Polynomial Coefficients: [37, 36, 24, 43, 40, 59]
Public Key: (2154768973626331813554525932555888575461093533003027690243673235163365176441, 56901300477305775334928387780520387205056060023349905796684036187184337820069)
36240938070661670097937423833860966863697444876009636477804507601442611226058, 38701466491859171675524977214518163897548015924277605011037469665703477008254
29155866834063632776899853703419234984005456874112949994025006718359261740268, 69062235122126935485295645993007243175807801784346362997341432417064215106950
21713632636027688587082292254545162090597211848768704454789666912171409231882, 47745253652529168441751696502131570601760579399071114087306483977238011960229
50223645274620721506639861700176025744130140025002841652896701924377580534885, 50028345714781392220651132005748608413840345082001756428663743126321889442516
58426808658030877723018128476715351951666709085671136364900116170612250279668, 1593166675482746006150707218237026486108129201971095646999105928997969696911
54412782889025607884965809593868357911590049523359592487726164513375246712727, 68344268291252132473838866853871175435340026744203434850817427992358113365258
41588721907688096246979127449922695668746606291209999858939943758202299769560, 41947825363193609609905738802579936867816233546832063789558194694387077288373
66542433664582958312539398529880825290819936777034759629403832462043672545237, 16872030405264076829621610578793929595424571028826408436914118882365477579006
39984136622818809185187653836675823463310752928967014882911144597107918461979, 42054448614541177222280147718549537608609938612424103444419366627338155076595
69770728699006410915968563919648743424859154953205170807412545596379731174349, 48806485588875245493491907344902312664076003630219156141942727983370155038115
68407118450791059578152885687231093413892651904959646409543540263986664141560, 28927657169969767078907746962658411033969451440743248896256578284701186079045
62481805324185174979942155861486994394583923083538144176507870305457482722842, 29012229701263038758724637915261913706716044572316546295506129032569077707182
40409247161282697391138457656818148808644016252025272713447466418761814190055, 49077418070458992092265519167153979644041632259153570357587983767191071248874
25412008099297245873846783636256283393436160663003224199962131239407433980915, 67985498529871339192548267538194219757983065925540024704546562225519046381370
60974962162138634935637086934968917961082501092301275126348084370723839195115, 34384223165728816816107948927113387914690581732999011382031904592278276902158
27746644720653694056111763959917458072177020261526041333070827687754292654763, 48438632567674986859156866612571537170213030119345195340219760777365544366264
28409140011263168485765265082089946490804873620001662785489165897899888167683, 54133319337473539091838677863858185885556764660257236320764156450243508723008
9450769781336229089524033377394280019323007801763776878353100846695084832787, 39077701163904383118112800329225007206880781244748309680850638308936250917178
27001327977508454707861571320404800765621088193074137317655918091647733657994, 63606731760937812823160563124609889505076769911880576277565036465533260881074
41761187331502134209576500859299882610245672930360903977478405192303829292091, 2506942530001741711880522686068893943866415962594870227088334678235814131132
23244685754219551301148767014055385208939061379557955535637567592966612703360, 39071793189032369002525633662745625877165463117685755818852793785663168774759
22222890099985095051733231240490318265918579570190309360706331523038797709874, 17580234503231990219725283610492343309751770678223391732825312736961673108192
37418778122363108920639750875781353610082750081788490584693286169139784038248, 74578608010920626210933887214726300922494221378500295929313064097350968808127
68493779298687403108420513841353740546231292533903602355986760884957116319625, 56850349572553811505329470199275450696043868635964265379069465900751634977813
67083815546876478915426812174410785826461187273945080831771716548516404955083, 3462743117573267094016042528604262369124907509156057942456212156753316326546
18746075637968151672423565027597391160535640985867232115775739759654429230511, 46561839696918991874377166446328987892830249340125638849562806447229892483415
44678645710001232765875838157820414357059602332808639643619764829512168864496, 64090791773715267518893540514906073984904499210410248651461497268498229553718
59429625361004218449496333894106630765795087403072463960105691923041821934650, 67303291904690277813106749655473582528990556120819321210273573463913866756763
75361948486612437453765994642655621101751197829357484235369686640418256941876, 65883969213340542937413704469488218603626487661282831946681773690590896973477
23883392136133222367617363742218255797813860894137349697585305606614620714779, 13011951234873217858166453711058714818466461006839709687312280707431519142641
55423165492348681234179268007780886789437238573960521478071873493584697203290, 73798913948873282823133760745173759863904208735138685848069735351279434182803
60935541825103275842035397367261618928446113307784132890964124258588444886055, 53493334707089568591935406724705053706945260915399755235344135365176042396815
16589142625616096047657170603359251492144536702804469961636783260608820017853, 59789943660387776038330670543537911655054375047863671022406472519882285471377
75382730131279999079150597774767052234279655381927586546288513848525395458002, 15020063606010022398110594538695218904721541686561506761846541200670522517703
37216530912987844017756132052398327152808864509701926848717902178499061242629, 64795247781001873025115405884055581698685794890277695327161702758877816740523
54590947172655104591983246919737441725172128892988743382943692507763895256827, 8016607925433716182938473950173272925181810837484217647246439991474532156789
41548001545781676954299086325077802555341737396489367944956080071776667933502, 47571925523882317800884095734370843783869941936604151688066094059815864943803
67034020798358548279149189259011637561559486961518841543316979700455880219900, 67400017113037385538110347130062560192095920811266058152323732551531572792950
69331948577118775547773525903098162162724396694828756359139765772843653454406, 30176455326001548590074448016856835017598510348664892156413390819078311605191
33294257946131702473693731304713272904574121408096939850568371986568279142868, 14649183745737781323212956027450912755669870941080790728233996896603716901695
50697267042726867350122091637542045471292226968428079191544101114302675352450, 13623391135332852062975312790186927754936958116007369405333174834616904169746
53494696517160862448879149953302922364849590814071152033557239913315369286093, 21041897684229690685363809145830133691255335261242439732828953329396073565551
50258088951794996171005123642944917626593860998836881578894981106664599665581, 70431844361550197352743837627100633588499625444086354365425030935216271074480
59577269534767211132634900827336031057722969459423598582978131378562425139467, 42142027479875618844863216967440806294257051688760611060007796549360296627912
19640248333198704602048771191166568011632110879950389172046902234336684565385, 10615239109965126095837009612190982015700853269393043071326766591731053002784
22742414428982566119695929441167151808315516620650886258605083573912518668156, 41571909385752923978288628266005232909901354370320572847300285036865032992923
45118684187950402219160460687079416128789695364486274089789041758490344595167, 40614983840005467826001347662258771280471892233484327393737222182427423335251
31850782378486023824658448499126154816961998389298822649796551559795202255186, 36473242189517283291642985659809490021776222482466571253943302780107795681044
73073473453883013423639337837232185525176541394055865386196941787560641778188, 43277298379264754474239966508921016859573969469887112298367487398209148111765
48893512091562091572015021708990198769101634626016035009567929567311388085234, 70028649193485699753040172745878744271482585536931927226095979025959418590260
22304729211288743777137043066398960140626491854749024582339890102653244485458, 49274790008956714654230063209288314884739102450613757820590146507349852201934
24935396599803904141755408911987344851799009289099079374052554193059597814923, 72021094019541065117010719088319375878358896687131445796221667321919313968423
72655328289747789050306563354251680185265056302348074513520578260260342045134, 29728095813168931879679397604290315746437766099264874426360673463779790622950
61812637914642631066037209144377866582826521904613733514637949841335063506418, 21931238351371608395162461279592238121028284053468273513673296072688402754588
74736923604155362601038888694738828819152689123298210385752204285865268918241, 49844549310921052431017726795671100428142410483568200117358714262239899822397
15781122768361297579119366939138460937334440491574373720302778879268726378013, 5805862326474747239846300881687698378414581676585531648336131286933543917988
8184669518527406868190745112575044253759319569688750505904149921137485584061, 68892073088728341372398258601006528051656283365473458565858390676439547095420
33707115855168607151336750568691307439258370582783752337109694548129993521473, 21192899692932514764074738385695177183702711859094381397074819465797895940953
69227885976989489088751777207421135799179691313563106406849493694227679569893, 1942550387673679104952665700253879253173541005836481611277609260552182467301
860166482517968705789946967745465582681246550833385927042553290164353111241, 60092594289930105554547497012846248078612901718600739008676785198596919478023
67717750592145635001278582447502903302803671125097818090992662882561530815354, 66088878409671735531691084598764685955135334776065371445482060225002807627203
42531924007014776790308588645314899073215110087108261482420397522534281446908, 26654287897697877600840493302604546537514877091998418418567579485914460561942
68460853460209067876617921354554947989803805727013634465919169303874450663902, 38504005900875544811990404939573373044049178585271900259204744220135478860390
4657672727005906070524036980001025363639392583673055466332015287509834647086, 57303738861072389358355269674112065941652426225043168262448796759449294491833
31125928417042601324371290685011185632410911316157396532664130335513724815278, 1092339741566432094098515106034070904326812762768231328849975209913754355447
3559221341539538346832620260429569181274506945732260213169675431548537149354, 14182145915378483647020480832944172225160693465710211116394240568083635534078
2889303466514469780016128976394313191309098248629286526114259192408683560357, 17419915020577421982215197758125470850838811229730951686949235196497797871849
32734525300781692677797179593043375148183842058253434332346347820839596799887, 28667732686403759711385695876535681551055987149400280869274614738185974702195
23902233854001288999141841272336538156036013775259735191934953347065063723876, 33738700380961505599893198938499383786799501631620144568427859857924613984298
37715286725743924253952836649765794216316955790791515702822197964834301386359, 23917769033368576548287556772174176722923555739868658175168242949168706518103
25297829639768281245002876259427794173403586844760521513251875640430009462712, 36896135865890878419919680347862380792521192749164422243864011439686384578402
38303954419662581261171573967637591883637293478813543940880553743980868953204, 73130795300832014249506790225027958195407901000782991293974421232720362433267
2916255829778463563141192097527908551505031747259727250077752418977235794057, 24030619806394157879973352006695222476869945484807802589107305119551268462879
36526226614101831166942384486777938272790077854048293858929758183760194673667, 27323529857949684005969943499087663097037699879946769129485107241509455267835
25986065507597903159294818814825743489757531544562055227411201415735518971232, 58574156467377874796133169366900319041508610192504473811334713820060808430363
27166603058865525509283388247790240317937264249051740037996615948005589230790, 25043615754139909873120329583919903686344777482210658612469328566018191589304
23420647184186447206553229598452038429102572707464109792866253711397940358628, 32461808867776602980069964321947104824743310644476047828127742972908222411258
72420436414646066446275758233977531861901084721079248042116752763025632530465, 44077012026856201646986201608564657374702910274590807552369036141210625256862
783359888731710006425239930328366183138189987108781366713286222481399141667, 64751891783681436109455160315007663719981773229820890767375344321303322588853
23266836023619854399910813966675423971025252651751912665985976454365270701047, 18319552723512148538597911943424609665376816120965136343184645289124189203842
64871780957777702638121479641671453284993266277955113575055496316949540900824, 27696307182201710700633902750826790708386889158369208189525671825828781375090
7820283578176274661815822691256941012353184253352665375979819463956571261750, 47616236533589122363486594799404075851056706254785088940471200288365762051795
62489093321105450412636939166234350028579559675842290629899020606212633040535, 31800742806857748890355588562386655358944175996012672006254921539912519543616
70208758792692242170968140766183684214804045474694074953571838234708065102679, 43195629393283798060636849572371189400262981593795003987921392731972340175567
21781821550356201113573301052863401925566170151685244341595974871032790574148, 14975618493087031403765870727308280474045482661266961950860328531864201755896
41220217216765212105275535368232925434491332255175273538856199497838257737850, 2785151147515158244560810341807577675630943926861335565739127112865634031706
19077428250546194125365243298410550691620633004673597201920200889238116520252, 44150266417302347845018482625153662524437951100239329242134766022145614720895
46307057248685233928777881916737363188402804365792640184150805160265172225370, 33484660190625179350762131573243328001905705581948428311956815115485495388681
72861352123187940040874472499764767720003809851032325369769734685867432758028, 74430409272963503927572365267186470966085388108224914872965282672031420398874
55318580903344565264435347517264638355699289586562654792190752457804521764859, 74793965671907024344928283193421927732456454992183204097263306066877995855660
47810348837108831627428451996539174484790024198214129945412448442317247160095, 37168850291147882692594426083360515914215658720357501190486705946269129222954
75864744770560003652695097422249690136437200243526866440465446381177660562597, 48332825098617179001846989642069680786350761930158572522761563655340039314869
8296564515910242865960178579954089981740814425412921744599192582268200341554, 68655274210670833343740042542093796608371084412558330678422374328790322189377
37357140545137823826807219932697095938238737253734587113927101794980358696972, 65192109387981257650178374055902468565012457626104138097091387157234268337193
46355110942675264135287946944833122835279540586687992662574885739151091213745, 64868819982465621177617594397940068215778362789530565498653003547537582015134
29224382256213368834106432906945937899661860506434905502712521718550884516060, 21049010903250212554887522997982144229525701431670875689787569295432159734045
57599155647153528844596461479772243930452461571897858991780057363721935698366, 45968934689339417772646110240798472489568559391729376265217672500843611544859
3159130050077176072907414915225492707568812653157683923767123491725548423010, 65324489699701078888785950440486513108454362630383967146448698180535513099936
20734898922503194444609287109673193467104716222461951774605832552987630292524, 20234565208169223259721400913353965524162831846024593392927879676601336916644
75249249194160474595144925765748869119804039192737750107546958325253836925466, 24732582032505156897465328963768213928535042537323047441876859729613704818740
34398096478780370605866288602097756598419488025338231509443370392214532707937, 59114145890532650807693031622287524100746018373281702961607154534001514212277
15622359838992243763108245718304194595108656035317928842710537949085192023038, 57176217331590728112601791590320675407670565687613462845639317699152822086703
35483567437681964048331767361999074691940152018137015265485527319790201935922, 7643016487651319368732964776411799044267493827453178341651635271331650627593
53949826024846856963702005768303764460941270615404111959615617115380566824138, 76622901783323539280903148845960188668158731198323523885053866437412826789190
11687117890720862240641974935500242979641567119779186302052529783489244263876, 18184020898910838671891064339003851861949472102659333194565494884715222230050
40715809849546367951913781420770146433613946055894149350963395852699795004522, 7066254565393934511941883964922895366431477174739962667030505145967048063373
60262319208917610051839872971246043546622859267925960353422769937293923564074, 69292847080775376070613103616827080276093650224971892927354329186676182560917
1962405351531282331388914020534538265094374923286055547893183571561294604672, 9986205808829508445192021610823754645920779741101618358123424951134927629278
50812508227345902368950683631890399671410678475938573430605094801543646023468, 55309608258965442124575966412029058084248164437370951636917859204480284462814
41242131637825433750126720642132738555948678703033172061010730496736448471615, 35850280886248126760717971985245273820474802251328580712256649142372323184278
26518755007723477323883465838987685417594252357525436991192365580500639531710, 7116102276828019450741343999532026761367202001422916271547596234369684207569
21739200169760447844357975905779580615251837207048376551766042996664816643793, 37538196597032952163883913438700747304678434021295923948283063309491342297840
33527578249783744669319429566796892879114834715159073469252985706911254426289, 6855094548598032843676054761130907460067350435509475690481829950105664765476
4719952517902132030151036849547549552153001207195977712866600404935479838102, 67176088600058348150282489617239950071513360813331813914777247758063605874041
54266834235593982735028527052879537622961518323002076241879978057921765362610, 30836936101005749571258412823920262008652646427287818916379501002400054326407
62641540552482944039768455986684006998902253486616705603246162124192160741501, 69220325568970016907967495736065326332257001757186573055983240425991713444268
24956112653524646533084247878048495550289006679279315188492725919488577424611, 29288834421258653388597064245410395556598712542887523248652837954337964400498
9115564235738382023136016705797252046942332310318949438104920158799108188060, 38660415624243284055025544897377257730573274353282970813346272410701010460482
70271405937796870803900646515877880691492471586571032869987195923351320030724, 8380713868726759748135492339671961048241906239702096559054461102516941013604
70674177593076074416861941382155024528545125911912344042591860281436745724039, 44280218935517215942788264732986693664645475774044488975743171885185895197035
17663426656142545781599852010494760158314995431644551337683118091912208335310, 22239240971624455620397668372544974609912298190819197755818348398587181299125
69276571872820720128686200653684366612334951493486906022695935138461003403274, 59805279547937420791014990202148234875094395818331504479973709975954357293997
24748287343700349710567469646996176206153991403652003752711667320739844674782, 61528631105001917410416691066074412901238099770345079109553547095820011937277
50419485236138972153323777842147298090158731452403455708848184508453139270367, 17587355626961831634816198551998197420361765121670344966336559377358396406937
44448385760788442555236381270058930715754499532620998522306162041576019159153, 25242080451940491557778037850947273033605268373121352037417853206289750188902
43453566891565687985968858417211326902950355709035960326485109032352720259934, 64395683224212589830561640872967860380782566742999060009361980662720965580157
62844289024835266720124648517679985653865880807230242066198991773913294915297, 30610858613716696682912166148208563027774603953903423601845846472892616077018
36918097659731556172548243996298904215938621511868321046820221461196524705217, 55043970374004073094849750491557089527484489022766388538261523535226763032607
76281571774937078033357385900087345545322211476376617146612303367859394840743, 12108388876537234973081762889734723989719242978558034930588539934785645487328
28307440557162076091464559780829415332578951945632282716172514594927092205964, 2140352738798663488521301045855747415026501398713953203698141748866509998090
34161826155893807891443604413794226643957297828640512758730392550240489289571, 20753726187649796995370018260007282336019974514889241394807091390556945032235
62189559231308465201890869517451229375350773677199891686703755255296451978859, 37323349845021922671837851542848038208436452240395694319348689451316186278501
34922368741568896642990354960199458812291003843451624132167442436668494662685, 35571046129619195571510722989321229307900513454114520718035362265406863738078
1064077237389632308598107273136884874646196850318412677486910470137291251589, 72378001048449408593220207570045796135716432773420867120325972178882493730649
63549919427005151062283643236444126495029653848400305362313426304953611406343, 66307501410308128120054414391566292036351882146341408830769234647163719416196
70148336564225676980234097906182713036825536227036581071776840608547444093303, 73631333419598450373217385314722224063539778909717309137010784027594167688467
69394798011902583541792227744600058885409574394697697839490362605483646826969, 25499573489714273733286000713569069469838833102429926897739415573295395162276
20854463942388504068107513524762842417316434021668765042056245619722680923792, 12046015912769986064884561574785449828226020504994792570039275679228472839019
6726542643754815805538584549457764231524772173115269367849635742734863026889, 22283970492207040354320912120413146502663537407593993791654139540728708192695
33116548957912442649697434689665235392423581036991096449483127795458459313861, 65063908708255924837141677037524160835243961978874272859512059960806115806887
3502984209108622842712201967626608788065781098208944734812570735430317159349, 24890606924985754326899454355386159348977547730977246796097906076016102186999
76316631581549419173829128596750206300012165169964486278229412034474931625882, 29778539319612089923303320928835004473281762092227896839229171106555097736701
76418461037287736415145980518935560282243108572461830991225429235266786323321, 5364159344850977317987192509841258877970089424626697779935387265619910361550
19823330072659497320535569940257660152797008973546599226365058420706988548150, 17123610102508414344931493873013732124811169907759802461931089020818287807693
64856614808934044662061924566473966956713521698084899525912352782288283254774, 58033725148165786665342639655468385307241862887532571449141450148644961926495
48480607852905098675963154626283281963733472922815260817344949684796577233746, 67303360539498939624066486555151482011594744264503227147369564702844549389741
13212734891383078188510476670470267686508007781553694493507248300368216744350, 233664342504425094437329845513655047124467282982488399896846578083471945590
54165360466772991942788259288637316701511833121181530847360187533922389369252, 22622974259187408578130669593258522347450204802751749215352819651309148100861
30204352041430528624223824574162728480560668124690501067644429960236925143677, 42396134018432206610599577535541176787691757085216448010367563106646781468122
52473586238148318905842096934350656479112923295805477273381670284216856347564, 55341280767550694699410295336900064323729535154984918824399559327481212725746
47956781308503796133999144703110768836162772319218675765198539289057239660880, 46620031182502904412034287166383090478501879981779081770356142101249427453115
26683012239198624597136150863541292182347819010855932162994591423820005552130, 69162908311603958062193017536084139533889401366570765898379916528089025784674
45713233861840661522667230333828930754419335559647353894121395482132548757210, 39026747641837647242468867228179341952958256712127846090782101406779515089144
39765062506189465374622528537373881050952727427552608001151352127200150483536, 1597227377938093117504392069350668855488357914112015878155221719192734575094
23169889894147731285201121346082251263519891949268157018745765283224223097721, 56811146624240645880683410452009810232167798067796130847757834763789977904498
27364659820617557964811107940793420446079331183011409165176533401914685003753, 64524943437704230000414702928938105921833669987030753148957478849713203889771
51367111385100500760763213295054462301572755252011955731273800898109069999829, 14979858789788139155189353196105441972192362037309521901627134475894887842366
34929676860708885805074330310046289384241806328710463233035830651911912666426, 9841121237199105173604612084682203961883799692222315250924575627534636081473
58955603854255499344430572443482055236992526712469439566433835327626130751736, 44827469788940717561537633490699490268165017394288618628319872157917035096815
71515223694977495485467173120053766140378621709288695834651339060268851155486, 46471839699736308738963237163107143675897572281922670213212049411949936313635
8984708674554140596931608732992062616629277700120870114999603949930939270467, 17044399123918929759200270054176288016202523375158642411553792574705744066339
10295479166540074068020987432026581270117514986523713795484456671414074310662, 979827543741596444472447371490551688193698082088850889432570084421198979214
52951860901084198589339972376095212055333839706380164081147989330027198577792, 63293602518379910537783827952247138799429242587404787483364310353482396847223
8840145761777302953564965307076048760907650724612232950616439631810490385878, 32770790665227946628360666470563293962679302050583979610237351802718691160069
41622158156306305607191992527681492247256235903233390192198791398975704779636, 30329733045222766370016685064964816958856340881068603511179591039883901170024
51986223886538400005128136951939311293860189333191856510352742325727399442860, 31225488780945445155571777965597495275931904695224188022338031006511658727684
5906650876739932217054631561592071223606268199013660195587581930782444591987, 17572216913778787223455097307115767331804614325824252061390586217911826076384
40065591009554940921627294033437776281096558878830547834352659475916451106322, 6211651103494248801635055349206317978500385476118290225480676043891394906759
54169593083154757535053263811522061358194675011002675835442756325077914308539, 35397479438688334885326256489762233977439069043455348715283608780093581587854
41325453837533905451052299390896604513014824501235160174935130581675213747449, 70592430994795169855100231428306247284883296381585590062937880516743933109234
53090853115328936747992989268595878257492355644667929828350934394977098721925, 29977124798916988210783419882449895975297943794941041152931834065784017399719
64727208428132779870135161145329982790013631620943860761932738169578314825822, 75831391338003285038800798794502509269723451164130960010623541209534627952215
57675310566781836143471930739756083736976187915959664509395823557543232793800, 46778068047099882668553415158130715064060782074524540744753052885083750834140
73965232121605127267236555818003535639498618899203694536263959842186198272386, 27364889299344973615742155972987170106538986696914018110045151415380405799434
68010419142324526747954047797918201544539179537011146335424992268379180364836, 16361789297415904841592306666859734017454838571373498693023330700376321169997
24383228424674093923116091334783525285489830203555831061597087924005289459053, 38309067589413903372794845222871266662317634877835430525868937176130780084512
73863237599437596489915984621242307575351056205737674452109694384773075644579, 64198280327667866931954769292719305659855345699935821668752313609671486796825
6466166563684814823114764524799040415262233294173611469898087773278203241230, 63972985809039364970228417990013383659661519115042624986420367921969489515076
30708837141442568639912158939932838427919941090192556621270550378131460698630, 13795419182369849419513791664004551830164849546664204644614499797296731622908
74980391226782134824720774784280143348650162974747565920399291183110903191446, 68942945368973797889670222883931928101537178007731397821553514273524369938662
31134991195256813303231194725039709061940030854846187323619050813202923764357, 23732289330057618645729153698881592199800055054130106146820804288523423109265
65141614696552343932511034670149334424067086544912919131239832910623095137707, 26890722854972232228043533387576991708126837156776447640957593847877026595050
1796697883140015838067360174884215162484429984408571319289896877172245311366, 34768063424487877368114830191719622847842740931319898357220186876004005101034
33567922881590791604156722312190075839215328058135976779931153278521968880680, 46567123355225643642942293366925905913895148815684303597983042354578149130011
13152593021592404129365411953142790685422746201004545600875098409502376588329, 70322557627530316214902663117136089451050144774788283713295094430861639702838
11436240170333262390585620230848960741241776888692425279899828930095733788128, 10562372843926838700053405634577213043459016393075512686338405362299283241523
39649738285644390565925555361954356581855365404063015314834112391296054222611, 15564317784724101108185287221958395897866103024517008533618837920628411515457
39428150475140679493818355369972319478602699492169390691603726652107016680800, 19169547625578922028502601867787089828467416486244908498051024239705009159755
49643941721887102733589386082232413536558352598401331842904448126517139006834, 31966567340869940975471107328737892519454011794753464429340987967457534420479
59740779502081740436806986918424345351307517771663993714438781285011170350993, 32110813573304998579396136255570388210068446760557710167232423512090488206276
29171479059221159045311243670553193249522702546595863710257113479041100625487, 4977281378451547926616754723844422408278182636101629649071879066677418925727
70693970219983561398887457188540092687604082404491618682679977693445469050070, 14858296904685148274644217100181812382923439963895816399072872487717299482680
4949002262311521203275720404226153432500418168669409190006140192636375857464, 54451566505981953457515143099485261712723013431337761019528731229145434134565
68563562800311986150009414424058416079126598549711763135448725724491627348744, 66754888057576985772088607443083798884139177801307385451090763336186023022237
12351911463751177828629510355229009748900356375927301227965561926945072093868, 39481366638128178841503384342665609376962583873481853445578780627571118938978
71932066584324522848458709831014364669680067418709907320849934727699349768565, 49437848180594889507773248676382788992633835825964518807884807734819842556489
73246876688299802783928031101026768824189756500784438355951655121270812322071, 64333560702977704597721305274275603961533509039334923163203301444289806282270
3427958242139473604881418137296153237863543055893104153177143358227625103445, 70624279155783797443520717427054478879371471092018666508237449777798070534720
36446181938606907316882316403211570440851060130279666551885877193555019677461, 75635985125537959158361017380325508994798767963877119884534953173641925275344
66148045280564646536617668524344735841050455026036614352334350897002730432626, 43490299908527441250052254737027900948700928583537149333980233151229920839355
71124596396472978402277287971561894001556403516089082678767624171349884326297, 45032313453659972427215647954911952018211228390120813843615083845989013919805
50435783868700137259625693766662499502646438735784617077550314116136134234294, 6827541739509720322036889560814410596607682215185184401613158975460437045030
63250971080619428488177127834907920412216356966076183222469739576809061652441, 41149118673143038940743528332378566667315307615032739644168534483375627887225
12009792034936590776476124763713348828521946029112212997713430480078039031322, 63827532191426636869404434596178507293132021171851834558615791883279742831447
24712698389468349014546788348336634797184614852631886105075517175528075853145, 7678821631120434075520247916820021736845195312426641565653783782273506894414
12821852384975288310477915819454200101469355848139318365216683966001203315334, 37824029857090296537528727947523215635542746875112800613663348795216256890258
33197265910646381783974372987605747466641573943745743075678553880384890828941, 42127308778184322372701043093617840893250781592662650208648327120617484627894
59583884745850235633897163530243093705385405051183297686568746276115320521453, 53103959842523866427673537856640303526101149693626764882502498836067644184432
64338366735579932160879664448330672373742404095130431911383598661040570156404, 72836684256301354822833692642676609721980423433718574452821284104887968795734
39726025397086970421364418434660663605739434492429676023232469493444382153304, 12088895858375433145703730647060884835075859952293252788614535380255571076458
307335292881766904555331173844710183653559137069614077941528630478589304478, 36898087562477065492386259075313888367565819824223776078606177544115895697865
16599644712806094621004607263684863317447288924619605812090860301069600466707, 11146364231122406638160548586496973080288828528353698484250382756073305700786
21460214091632498234674120432244668015681516826869913466058223770680620122413, 22694827846550698388791978828863368328328769931293310910634415398823351003483
52706313113111652581621214755076021608773099505354334602383541425279510832879, 1788429360561323731598691245238268126292533062298117885270231913653014344275
3137353948316047368834022984632915317126025798389924887750581312076411883128, 23250424591427892803245855200876862631396671536601930406155325006336668356315
54450373359854584732549428141607672437756887237011266516619633975911404634399, 34640776752913477907139433357019117187247577425469779577240070492101681744954
34376475107424452836663411264890523110400295609145311810137404504020506663088, 38166015527554818749988708442322550468754985902083981488195293616334254890502
2562548371485326687677596833749162835496601281971664175195217977481906129100, 75383131441798768788182289006127836803461041068926152811974481701725182803609
21430863813438991191958218111143319398498586259177464201781922497152087063902, 47267407272979909507869436535212841361540360705294696659305133128428564135040
24226003662502163718671773479100366876490516745089179527180456279722560398612, 76648446739135570599059889352656403441722270496255691713446217084335617099989
35361229452393618412701736694275961137656901601276812844199913806014165275252, 43985235836566382506422631294244049661524674102207240022180782877466308622853
69130340417813235761213582916441721004765400205396158432347230017546708847275, 67071905244099816958429413586110851859959303832817420725548114034130463092356
36328270193474499746296289590494088952527905161780042392749253632273788441161, 34591500833120418709690980013983341266399962648353513458487877653825535587949
58688970131363520442435992602326393610159226707546935155572290427409107891336, 45667794340500301045522413319875363679449914507142133979074603719066807490154
5082251955694589486156570991384661334868595533755801910601653425746941583473, 75645181480695633548701604591810989796847763476784997517178811970750797581441
73671489566608307127142030723920656665288574717751570207237416686797927170572, 51286382504713159533191648986122810551765966822908878436040393080756266308508
55858640781232232872176074729941649162128894257343400751596324018282605976613, 28707990157847407182443903246062606106776906563330480457293159269661234425719
30011428287200402581554984785118512457572767604609595602019443043169088911417, 16683649437991113166601390345996730779579216784700494136354029591882737990582
51546222125254417548202396518536000401528212224862257029300434485377934442823, 65297538411259111211283087587913986388999483393314461353177851547771301685373
49083626285440657655827694427280483002916537779031457437965440453964103655465, 6123499145877751418147367034654382934299237986135562761931671224163364653402
27282270035167504917682961756083851739969877870978873535103541119535916424139, 53286658443767163219681568384075235347243125045655921625280910164725962668422
29974878789659477729954901931134912451665245424763374684574340508140666620005, 62813241721931268543936800573053784204774440052476752603423817091051290541316
23504405535892881896672781793111665821372290081713202268990929629496683033463, 19795522007309985844608767046239622531603852416603210579089724371800187520493
27311834550001329639988443769103254912531372667824179866382866537496938287125, 30011307796118412191669461920984802299693870516829839803041532318917058563333
9219538005267488767964237500892675810210621734674191009316949971315164994330, 69917645612355949382184538863562472960457064428611322377658307896876996633187
49134159562359478683968022930358920731495252331755512337722914375472136144083, 67064485173140628761382510755774004668797449351320598244742801660277314472168
26606740126803062152129207125865933164422312149906123495589164481311198449213, 29205623878587040970367516967031092729602246920298246374275433121386253092772
10034628314374769504627143054104174429961166330993659434382541787635346907629, 29713999007157786927090438150960974221203206089562952164056606316142728055948
42889247884145800630176381703552321012143220463303995515524916261193437152920, 61276973749232722292410330400652302320263227825411091744838018296545660553183
41344062933290055823790156936980996787374427782685758318028466168638613833493, 35121421797691651361969781628596690438520455150139905762334366352113587875566
1646403834163282182594524150732232577084105112746989827862836080150051374407, 76003202002614787216170982868470503906508073032343839551600259560488972572526
40998667058020227066160661594676851933046315436035298918851020912132463431798, 63566466899220181605320045386125257868907749331950199357015477489714444456542
73618339241359476344962094623726265383849857715648475002872592123808716159302, 5641670659267265383672855765380634446462074272766945963610152839970807962299
48201140627734881197719124169023430850684671018813659026372915431279620704731, 65536304414892716345487193183364006956798434742833916706032172361642556778066
18392591000738380451733438918462141201195780584767869928358461780282346513880, 73557649463883004473338891490823362698685812157428767965998168273634123400694
20028052399116050807206692348379949509675193154598505154104090842182446076310, 22660988935838834042497604694763544601049329031654573254425963824091254769573
14455304684589331072052919502340797812105666051305632847950246731228882823864, 41563341194855816306078159865899782906004344830574765543615428684378021263444
64185598913430088840187286995891140735177270518852209977082504419715665109173, 37597002207053291119712585960524370946691077802471504561990396560966034786883
60644661462343127173632681762595277188167240586656353001682082340007245962442, 10631767163678925515361286879866338764653875651481372961874368134451363770117
4402622587931175845786829285428989409554205991536138456508687859364411312876, 50167020081708551147810157620658516076405668131329966394802393347471888237333
7982422055422796350146533630791054256356013980610078529919403582255405442240, 43036734081591507241420736559623875449046768575039163898962673427396477060169
17281666459077570091453495514516762488149733555598249906509975513473054509528, 55097705544816849730994746471449980275516209975650471342579726994772534219086
25619684219846292874589868892285892557682181478667886051974371159994143762987, 4296232293665994747010049138232858957298098884764835710958682427795230813818
62505970447849934597452411741469040897050054727743187941822575074589116297387, 75109310267452851381369382122465450611725524035651941717277682134302542747912
28219937458036480321989329493416818101436832501490544327829223264022196170542, 15915927638635101400210532504491166091598665785907550929469566737251741153946
26866855274470119986881714034656211100649069497191384337483135699410806203084, 23245443027590551988114598759655108202467789637522898101898685379363908800800
6625337357062417938894293160242073238658904999585635103210239722664059328873, 832701039578018441849457795022297925543649600812917661537219123187050828195
31451103292803902071428309508544772142597147244919654308242878130217752433363, 46301265423991772793535509716609683130232480039789600399987796148852341227106
2517844543117816198115223754723915650364456487048661370877588746037478450110, 29830115585122528522327874566815284486054004603158426438234297977239156868950
34931216232085887430559547325469032907291774500120403326993213528763712076021, 32508021340358790761921906720663455744234686948552892694563363125115964556543
7313558833090445156550107480759719653176946633592832188097893201871743255857, 22482615606903377666240750392345782440138820486034783515939959410095610259773
48160918747233685752560157860029020683404233419055941448642558929133511557597, 44481355352509597316618403648598669100723991188279437655606842519442158634766
72409164882610616063107682486435294145023141616288389813329498520812960104421, 55111154219905384357754401825732387954023481055411891285093835210453952833713
65930966454996515447553500815325762482329681351633930791876014900112895346890, 5238655635442547961323117304414997172481652456678333601006648586161650156917
64232178050302112888482960720828117472420777231349239342929745899297368546606, 54317486116516442278087187087535563214801418756079338168128341818774568684206
4372933926477897109420546157692391049607177800985981933218120396877395588762, 54701457082257808098207486509839261393005718265534495487456437585595612683949
31524188828039160209397464696201712191002187349894926966495891338186638640643, 67603194962467403430190737722089432151594233001369622599775975327469443702086
37553955742878856312710404159318837396537906282205784667187638647539563302161, 6181315577115627647821048589735206507877087957165121530499947573624361556855
67457344779048005321649498431686405213092603507448665740120117117298838124262, 4029886556237088694506720716199197609074252886924633998902859281409561930750
47623344281485372780195009889764166444898678198333022295129300416748527970097, 11344629169698848291924400065708505763476175679231665209329533510049170989169
73632337604016983061690266554228840746287938966748532399943804345818917893056, 66380078840929217825097870160221684139140787812377588636014257432991993553573
20031431916334378969514244479055261707058980786892373398643094744727699025514, 2103565423035461793885702119905481875788889790114881535757980106754942078400
58433167216556868799486999231261950890250698072812655991418608663052432269306, 8907397285616401246467609933497900520420897853123047887437637627591760374346
68861987553165081288805039524694588226537959753915490341390522419912914210482, 36939919728450167626365931370001740489539593522849995609030427335628208440225
55604117307157106644125522214492054275702956373645995463442929328203252908929, 1252064926202706277508276912255416721291394809962169176802924356346092308500
22507920596525709688865677488796197454156131660188943783412926640965349187562, 62381396420161910237037226462151986948257426531003160353293912245020314499926
36615256144408003575853430123256181117315140345341936132428402015354784607043, 5011063346619370912369045515279949353880172584593784120546185027509551197964
63802361398789288170133349091219158831936070439560777836998584010514740790901, 41401548692802296512264845123086560744875174352826269895207213118500556503921
55028991170706059739863860840847352006580840442579525514573288501319673872332, 69163622292460293828904246635966049569988462545372347376781720591825900007685
62584694021675087489435800293207057892524087583497421895736772081464147013832, 34383773573387424126798272656959671079322359624803739116418229446212145664742
54805813542424669501503026924943138690565976773815324791730540551798741015046, 9250577135777049513072375415353555503113193389988654244348717038167092376715
29179165460979303099925924937885455807174427348891251584380037590558120157996, 461507284369089889818031818543295337198372681675336131635378007968849203271
