Elliptic Curve: brainpoolP256r1
Field Prime: 76884956397045344220809746629001649093037950200943055203735601445031516197751
Base Point: (63243729749562333355292243550312970334778175571054726587095381623627144114786, 38218615093753523893122277964030810387585405539772602581557831887485717997975)
Polynomial Degree: 9
Polynomial Coefficients: [54, 43, 63, 57, 28, 10, 28, 22, 40, 53]
Public Key: (61641532086732153075953083408470047061135862096388405790069355561573585007265, 65068669074924410415852056788531455828278459583533969095242634815145918260593)
48110981351881430558967426238057285874356156562020162476505444620842034990092, 12063725772482373578738905188861601466961135889218311163189798675791164668334
15397298179387161272802136908409080759433727749226158496455750642688892506244, 2678301141764060057557631532045589362650647171178525937196668234364061526348
44641982941873964905290294221406095026562411864473697511373084118964232902033, 63880329163321766857050018495026771236489618943639396213065049080839795514212
43694284526858181794126205525402639126376336710658602699255862356195536337123, 26663085013279091687840175034425765472227560106648747435353915091987557305935
38757297105146549361229221714834249541055514265026664546785747955594260925581, 59474040779595023391131754189758794066126424414463738692074797203766380373937
69557101740989495541557734570371278520494229151639815661556538580498960631782, 6133251456816426430299077689020465755508204892975608219929537618583923841493
73569225643020148273489124965900323416205021736687456930353072335949781182767, 48283130685260947101067560547400950972703717006722137441754471004661846597704
41731428518932787415292910643240823454133654107602179298383999918772037833263, 50874405191377815772828032528077759561379128566336693204324866701807269058666
49572947732428793111370464151300072660363993327170564703706004451032704271710, 76781162320941580112092716192666959870162392843295995547806684113497472917500
52849388199499493136889095513378709331584338806350204248991991123158344331144, 44338849114106482680888818743025460702747331849382568966213619142535791278485
29460515132654019195897110410822166542561814906358753158840017828602709713749, 1934104338248840818905462988067238967233128943472525101578893398917585150555
62205770300057937623191323439154275563137646681997502646597321385129368378895, 37646453384316474035652199058753253304943221590229620531462132144641605710798
48483189409329437046849402861951466439232013065702063414540519558941919903011, 49177206762937263718588928420147523063906230225151942759227088176785999077327
34645975503866795558566117658223759657996698706904838380243641342674107960313, 30079478737905839784591612687759476292677341405099618934265584425460214740844
28091120900495150417166927317967677448073165525955670148402163765505703919988, 5375850091027150159372476485253444199195157175690768701883018657350751985645
14158184582074653432461314359343312012359424722331218825492685841625831215570, 66497315756165443475084790079526394223218884191520527173297912757515567405387
55947839800905395617540722258417945762351459461642765614766240637778618171309, 75357542945575552159201182502230376348182732381582365260103900475738311180745
69192160800683048715233820267678499546898493775188713850441674888739963274837, 27975230056228578428579951843375250341864815508075154775770384072734393301430
40471070004384704717164797338200245255012234158919106901911200326318369690960, 73165487208238725386943978086477209677896079678712307323663214628388507549992
50378645460927691420157437906883738261695987044920296198723723324709781248930, 6508291079714158263054923826404441981276259159724226638645406164071766552284
66591277025329946948047646908766633393474755289420602918688786364862825050171, 57055797146877677681888152357540329839319094157596430029326897570804656381619
33599117785974764159247001101159439464579187601959850619210021276997988704502, 71925231625677440074370577922253541516138528387235542629433611135583780406548
70755581490578099093911831038559896092644601276502964318374960502541133493964, 32304919741176071720154143964259628072766311065334488871657827456187490391414
29618282311764553199614473327092184544220432170416412329327359350513968528368, 60406179302008030113805223645869375876859773885279509487902885492300699859749
24271877266281583191369405423318614697413171602962810308582554122626627059847, 71247738468918753252368943448180277701739729907033957790844590833339828573041
731194938341926987082563347938341639245689989172224717470216800618666280797, 13193178789806721946975277193885371404693183593691474501962347603051140113214
25662753996658372713355024535374047519613574625909949729392167503178418134764, 65347702633375027327783271446792081671616711082864903262366785965593136373617
8123782147155138649148067293460591855580853958426105507512069675400376505161, 7832831181962377399437779458751875012303669240502635451905531925568355688043
32211559569894981109523341133779023285186166027966202661529109207784383827309, 59709032603128998590188290137826004017604014339490516234921565300192537936760
57250117423803896254235950546959104665215702274474421546044667473221283488760, 51061283643680328584022889965354903943410509132597740300111742277881231459097
4982429260227978287829964749029349885385715372031665640262749651035433308908, 21146954999927387842618287861131285585318883383970602182588216488579874587598
58430289627605204471422763109348391982281003870975796390818483478374697992275, 69204004006010357317953694261911096574206408870888731201716802994229595317660
5656425601544109426732840971122313134246378162323656448974775407096617985900, 56907282109560956349692833565995549944376331206469847579126456046121005746872
8522732987276593174718011513984949989511510120988070657701592388935893231029, 12944725275333976572469870284012492935486925814787164078916788213637284454912
6050852721143524752891945459750233280509039188502784395627125601205209407877, 64034863807295357558177012021893589698878936298236475709108808852442401657365
72513216932204627235003802084564494636306188032630920874779099034071568908325, 2479559556970333407900271006815548568144489855566954414524137544806264295292
52724057361470744797875903686650088820032188646943251004510437268722072304650, 41695463943279852702043717661253443733889618140491720882512280319527324514157
41753844367368414089826212094389735731897954336914238209281638660190732818978, 9362620180679181402063678430271413116313657628017742960476642615548723709830
13845271850000057433595842925233081831362346569329263238434281707283714343658, 75378204695779692752854670315328596236589832562171691009684333941667091986000
60886162748341888428645953051883344174793301320503427173231722189079032149234, 6427181035631277659614604940291300966815942613919279722335542403508948852392
1098477317180879817584836465860286824837485115596311133757533200614014072452, 38876890020555674141979376761405684483621082565450014923192742069824743806530
48708708795428287659880631710093893491449676358984681004889271624857942501624, 6612121712236938821886570453023851784562765011353906072036897781526168193308
43737320866202367967964524427595772453311631990165950409512977259857592551198, 30929535709662702601559701048302925379894982258103741703408794437942200924389
39718380782449792018194933328069074782984537259160897441721713501255572705225, 45513922772284316673694278398513360238373285178956381895996794192140143426865
62309381321226164978838362111642659051022070021095046193219627492038133915820, 23240469609662748503323862180995110472170586595197684271750186562180132525881
62888441550910053389265110026191101027350252443043045908010495490446718412029, 66996060379141862644691167406790301563131711983062627009438858472747501451248
73289072660373064630573019381355878219481282372648601684878971266916360363100, 62821333812996359126552415761113711993975276273649779739104732111220600303696
65261811791824268692676562404326375234838312086836290128146590926834208442970, 12009350974567426690349082058457235021518764352887672946796698895332481932778
64059293282996090756481937925102099942172595484332105487715108568933403048768, 27837744200307643504212515981834485915058839779485433694689578929014007689060
73895830683997794299299108931741377140623599003485103462558749290074425031888, 46987371629892417555597645746986657505722279969316292482783546968646982381367
68308805770169918404500913358553848284936728863249638026780498401956563025303, 16571996898052040498316616554096395818279743129928034134427825428978024742801
8862600552288475531883292964640039789900686432994336618171899161266226612303, 52035493976235216619961464325478699100189339877734522843962183193073348283666
71564184155489118301598178846742211928973389493175303600920664160344808742152, 52472836321848992838189384796513050368539483394081135786776325963636306286151
61492691165211991571956548826871423014325237594053874736451484234854819802190, 6407175639459483793856295109443328362237163944867587850736449232675645527623
24881666519976460149439585283224771140343167636261525769715196001675959541918, 33854293387812743797210589809675842698172599605915201345434226855398656127309
46459952126256750191074979687614758709867432359174176900979364736501375095622, 49971217953604584259026913237494793136020390955831879668240272408730730441399
42139155176865834267261077471280294772490962165764166729492752154815547341975, 34331602554067581020681768831783572448453825278999108339721461144517507570913
1142370429158688839295647580921894192281966572591521992085284430813620131447, 53135703399473996517901347461909545897222256853941266683449610221249869271176
70224452093319597368034582094206069343723312828576943236162649977660474514418, 35537513125544533253732067582478468309113508559697302823241152831236677805359
27388941171616513151498913676258080517008413669004347439036284296783549321204, 28070756477949237482097531127455293379102616973652104474336802957678296725255
12130103410243826158179469178945060669513529280554299457245250569005927832158, 22006163716598914393898315410599155973860794031716425331917263220546592360651
62219737492379144041701990920341832540312358852785015167525659167448584695885, 11514305379958414577290107285140106967209266407733715178217402663113200049206
72534737771718931619065798516505032188350658592086817529523272686371610432830, 74744354431427927172782798676380233868724100395464780950030948356701237842664
70692317376194956526803621839113977063116843677597480379715863627992230674104, 14952917321104847354237810829253308102907592604771176873294420110608226591604
10630902238385639988026434618752122348147845280549864270981472132111401254682, 28373071603427580560041189159971152555784256242580733892650114787921504541367
12658695516623638156056818201565649884207906355475583835781768953391185352665, 57746185982444687252252321200788212681092954397933662184246633271371162752943
74884580187838007965118126852737756587534740207896597466858015482424324905518, 12316711858573329235055152814053865898287583544784352298742607735417896376863
32537982752009285633360909383498448756201804501573568916092165855732803297081, 69780816132214310516593553762206323448002670581619780169014468970565634029159
31456752213752304970818286688254942778735572792147920436523621607284619157697, 36432798683340531148005804565472515118427359375195752863563484063468532450715
18292276598986356668944750302134200552802405976614925953984547209618194985124, 36337107198057126686272593717345537400068996319050998956066307559046504040935
60160807787659440222371619144848760832240806103783190936670613524701117537047, 37024819365581980561165538504949758668875757589337222788784202562293672660088
65282782359251895130690468867363966295693346312554489537116329742169330766221, 76588794057688692594059237166483664218982124232211305976860394155152220192244
25529207131130741996384342574947429482433557004614208145067428472356489999729, 4663145735690908492239655920258606248953119186430943589925970354056689179955
22335040633578321048400330740351233476917066656463929876232098842522745922858, 6151519961081743360457579499516792661845435319961828798813802672734784177898
29075253204285403919222034739646586947645131450543123417164016723739481691937, 29767753177794918048630496531427728148602177172835334697789140414176578446849
66829523246491287707845173241450973701410900272379872375947876863097309136175, 6459173770223255667163026499836380987603551289753995634457919102192593516234
53878921675526112803780134501932131200050318156774376915753236392368757413603, 22298779433867728250215536250595912482780951508677057175624224678760998371835
46066327591491495821180400044513345814496835429746619599761842725710995578418, 66144110487489960870379908817204513357427509239222435734521861011804703549548
75323802101544519930106547365722382036606628481280906004802054498091495980322, 41049207047475147130025219767556145061203422352685020460346377783269488889485
27699129273088351082137574745706234061003010863193998945099012130681568194749, 27529789251617810418389495645927929673687964794697176228189422908132169335302
1991126641135156847302665228999634315170222648895685481334456314158628836867, 25442051971437252213195714034550795361774461959950367515520290266552854304786
76204647282218711349024365105519883420656271187532606710216764783281277539204, 18411126656924303283260403447463234251544121687611930387122027837583292352996
75743146348553357641185811087340773314213176961009834183088658310851766471626, 64614692396164418377111619436004164713245467271969411243744086776577274518648
14920770181759259560154025344287751994410642583320818952791366997294788101173, 70109414167530832903453827385088043701076811330225866178099311582932076772171
29289232442232842782434482013104207870290748595544936389945113047743177642495, 35547365460596597827181026566094010389991487971077944697254079943268281035639
12485289114198563442626474202736546558965070585757098383220751772423021925241, 15527340674611216409148318307152610348638925597929169497698905771440479560112
32244414675210026294866356622657531782302995222746139665306452690693929564487, 62657292228732578986278604362605841175772693142157649348283202146433751013737
28336521742481678400026378212571688876639456868143099602073255072817513479639, 48299623438344571125677480452754168083658794747650758662343080032965245622699
72440348417957309378719985297302603406450181147283637002640060683230940892493, 76788945926948038533725494399675661198399966818248264941883540247384143045406
69199666838461734864474111828202238922979806345465123693476518399425966111228, 19524732094952690262515948549766331236259962502873547409892447583241158389052
11847880638515686014368217559588490704982106095307112931541003157963726473496, 36344135246230897334762704408640148944999855114820991882372489508135713725305
71294949412886732020743381782052620503128857661761993418753933359178662662082, 50014534605037528898869534563071158305938956964629645874596033180264629160734
28710202321274777259804437297571291881330648340105024051524568692957155290186, 29631305560013901065436883311476583509358914190092963987768612557653929586305
30658327001892425605218088481967102995910940554623945939309111951873908159913, 49279221969873171288782078647012361796521193591501699852535907782767806848687
41195327983450113508959847690293423638482159064051758222530725866042852961878, 71427273011115112128363567179909061633511953546981828075412433059847894773217
12370767636786440278750915329493724218637320567013987132262852604203721407338, 32295227358594042211159603295215786064984994056824975849231832868424339145580
67754436150918432792673848760742286599261925927000673534796174620532176337756, 61456848264653818576901797129528739001046321919865994941406106941329928177599
28710215018992456864029230888611607602725872970871048383471414350714814244785, 51393499976407965855486800885866730167544556119379843541241391186733121402429
9119897810066283827023694088224248206242871129031698918226931649654668866004, 35248250114189894253578411783144627379976644351957309682138396890230871542326
30443435314397126530804557828747211946688892563242594247815826451015215735846, 48423000074262219626899079068475481616978174166530979849065463904922019110456
5690652624814471444668241600322584373835391918581656913055600956881068222442, 24687883283709851445196377778514826092212774560696082187346379695487377471736
75740070799974192963081937186893136128307106101066255350880567498704884930904, 44460521653781327837197417353111469490424799677328727860467079754399586968040
51317234096667416769837346934186557799487197390715669247265206847925103947431, 70675822665688223983824844397947137479332636118679188252633969986123547793349
74438235040026433715394470507385191539493819842582904983321116071255621363123, 48350094100088716832902885310905699171826553970287702776505925489158390128736
36475322434905861461186944453270833345296135510729335483478679095308802500287, 22153066833534780610326090103633103633012171365842194418438158442431819426946
61657120396170921450580529094338730634324391088916782352940072961470856404538, 59806755624640008996355869722817887681206789509268756750428891935137638921738
12083692164072266811483492263272116210059557793126082407968109512413659112597, 56909038699751296309516073574982575127784788367297824177942848114544083156201
11150734271323222201907465292814892631083257338779276950012606251429756233109, 66389550771453340261982529210657031740368893914331728867297586470170392079606
18503582449062242174854310591896077546134165282389297498900344862658984739557, 57789103210744030289902456849496347565182528968550957337915690415628092451750
6693616094465511187568564309390564464220034633800810209520338073941874702935, 32953864300685823284269841267044199316755707467518544195734005076744776098542
34159873993257502453413396209596902806847430747874042568821175023401923795976, 76331662245032612846453173632819477550760562525196814224790814788038947030781
68058513382672008659680899251935720660949188476956530095253629554052277564304, 23739829022199281365366082560515351503085987835532634139577897262508943151021
71117372971771690533443596472945472505471729984304923921692898301016466679945, 41284163690012087187795863184300541483917476904604497250843882815488735649276
74203312322405422548032654104925726942913365468600365193095745369219320835101, 55206170769870449623511938183426159607833414409625408240619863447683975361396
60629694512374149345074121935421425228623497477519069723523875913768049621782, 5419543526490308915808780199193138373825017800050517583597580446482093335645
28269251029044135303294641418320116274027305133817373398177880484672410912315, 70610604035332226893008405293323771960925667153581286576654271039730569046949
24293353501832255886354289055017783479399537996663692706652434955927107048979, 75301767408491412959190022393383169365557147780927934440807157435389527945237
64541358291464336337532688268414638145280533384206193179790394099256762846969, 19097394446041281058865412031341820965944131332016966672827404546817922755396
57318693165191112020174394951703178460821554116283253124947466539458832309182, 66099560945077649685790077260253780644977132250462891261287909991846115068713
62290888390160192193514773189737959298428828861000992121567126484480449000696, 49268115919349584823413253046202425895200281151092658521355155309490626155886
5934704622052185123472237141880905222417494067574881593404358344377258335658, 30760654354014422619280278347853825999644208538821353772832760699954770805047
46023816841452109700288521238584904839541428785942629913021316278486919724025, 29689575421984189014597576991549064390717419995170300338058767321091567844011
28981795945234575601565926952657124269177755757692785245783889683157232392443, 68997005014933860055508325340025681966369044576576431796495525827854926303026
71412110225294881061609311912406992101418005631506632225352728125826897011449, 48223615434149055451609424544676362461701492632228239110409337835424109706840
12909864979648966147703287946082141548449321684175183698837986584250100769172, 16603755753852453450879156595691791919378629429388593716596147579726912801999
41760101979854124762606914675040069425832663169005240838057765742666089384839, 14521926787207676127602716781077389246866221396144745561026965755775298398172
41505098695492248300410460229885755205525214927754374747189950307028762413068, 30666493701734199562672317320696663891956074794693823553879660419202408384336
4739495356877360219809396588735012388755934351872148736321135449859517404482, 32705958005099605594904607572773790569863021164296293623051319908957830161066
61324735872258716381616757496973754817842431605473863886125745259779246337889, 71102018576172877407277601635359517510475839128825043301952860369805049767672
1072176099879240998215948464541513503811678385732958159556053268212149578364, 64520162685803652034616797489522089653653148664392757109502023581728225069358
34869020056602118434277376039600547664992608318127586940445412249301429108068, 15357997294977118439542318821752935957954758483955977231695019216562495895888
27769125386152722203073162686794635890002887998130290881169137557000227726145, 47868008892725426426890874711754202109018537730452878780731736692333993596638
38501937678721583271180100814959305151291647877031895359745604427764849158149, 28064652922428916569627080835845860408625133289692815661850997781655004020483
70786784298780272905565104996178436821077150407515016402017544770774803647649, 14382278883183522171097227865368777181390317821132067363835635995501970798864
60374213144670362089960623590886096548082111372287149227296685625116590464164, 44696944814431056830682523261879024693384132962380016136778560264160184881981
62525987255293065164293883791213710074673959413456021143165963328927549551553, 27073865651578992645813163911222601774939360971400976491085433497611916612229
44519689889197874021791038711086432876187748471688245732901959670549084005289, 39286859134698273889171492209058502062502746122399523644212233263144816590089
16802918224270470010091297693607084736263976222669768615911849197368341638787, 5111158045115906578137929009972037118100893965360177022090013226901481117011
76470162493116639831142695874377287931645402186618302716260383274107636058702, 23923788720719883433396322517014494953661184623225371028316789576328110331945
51949381526525519016656998217718909943633066212278379056956772518588483836092, 58956282444102818538393493003018227139639871273089485744856869514440352289614
65957154436269131272683381167266111073692205207619585775457934054995691388146, 40053517844745543557226215041879386241031934883977215065515530973369024877844
33242479812516887975189615829713877016723548227143196419130762202863504110183, 53777317630883601835941313499041206363307790544985359080588520048293479925869
40120204566292323636011275183879767830293067376647274295315784238935676006138, 60711295466022822661009324589090247957523852846627348070123395812769035499667
54362214814854080084608811060767406736253447574299766952208851433849593731621, 55302130757439402306983929768532085781086849913880072763113344403750304846653
35946616273111862758792353971264498824634044003019924762195436745580785614876, 55203732894754434727513954467528798856843066040238685089884395432800245387626
59356793252248831702276079796091306914781135197047544509124676916228176617187, 44126590311576310906005690848842443768964214800744949431301738625544457119573
17212624589191051353447061249035393486635851473916231079885832926982467803231, 27409439845610872982001345021700527670360311061015544046141718435970863946589
38574669085469564061546829708074994000795741463848255718033195393918358187090, 55961219629904735204960580678529128575208508173246156309226364373010268727902
6084270690998415103179135195346164200381891019699582539991559570215665644690, 28996551361012353450733265716983120195704520517224502353619161065893564512769
50806570372858025413764956155380723943657723852944057563300505107070934308420, 42547633198476304550512381551316132924207212450313176574279806587149543088098
55329975817660774799668132289314670692312708397771417793705144901319885927312, 2942373541978215916078342908504155753969342092957881761659126154991586039506
59703697105789353259396730500529113837617877647904312542279779703305660021618, 24587268960914630097984227443185971432327153311754688559991217839788369184794
50573116170565174425785893548794968134183285903233997880092812592747149637115, 58998524274848164032242191867623669237861501326296805752896160692418065893508
12857465547207650455518989050840116466848987483074582538068895235331337213483, 68022914714123644834156476879035155036139429691429627509631414858073422017728
52126583140113128215339378405781807789527716638975324388639110169791803606372, 9309305190564597526124968210915947800161730061996863064256835318527132860789
14434661590576349753482579874448718659411285084566354408192911828304132097069, 71658927115133159786706309192645452496372885185316213832431829641217370662213
44095790476795163866663589382163892842099174832066143070405193835526142679792, 13259015104288866547966048515516768411153190580496690503144004007486924259588
3006842217262399749431031436147684013417761101667407393141736888398111045229, 23358585144888899583238638668771171736531443173913037663941780375791963285289
4698306894626731054004682196887440144875315481863356759127819708522240399543, 29387433070900259999674900413756084660452786687053539873700833614844259432879
41283787531223713054821429191827562265168875312778319166454441027730635416305, 10147201543990134493048175867009055763941877591188391658199586681761926028803
381936448957836213707506110673024441629406238395025803444088571289981895327, 36616468870723177922166406569320625032424930193306496220837030355984321366603
795756375219200706653445872613632479647257212797019109251043209383257300676, 60761052651458288949562030914564141359739535054830625391521387962516412078556
75623447609957624955264328662293647444312186448396380353650583110854804756878, 30481461771337837316471776814562281769265583833150560691041547797907568139218
46697054436442651211764727253482233317149718821214822143469331581691644853624, 64998214305901780821529566034608852485859960061734310778852933917057971289855
6208499043793329474623080483448890073761418086803829529804965478928074931005, 12793621292468792789509127739749130878172303926623309755444707495280349078317
20007463006286858291315040722977960931715623317521844045288332723257482524787, 35541347218278982333587415774952111977217338587318660152835235400781405504077
22174132320464509555791395435504772306511140889334359286189327387036073432065, 35239337522010098544651979295747400095749428081980005728539955290797894313683
18614860267690991680990090098678558713736165535190316292519396625225779933023, 48701042638491075206268646847405059094544966857749481075983332815666762279296
18693932020226382704062387990087611015811327919917453226160802132555622735245, 32882162307363295530901570894424660087207995226744604487171959889542943836007
68953848438548224668556875849716289370127922798309991301614042105179494255647, 26211896956568767917162046787774549727180108500433006683274482876010966248108
31091260870970138090688392111110102985471848925496579940991632383524868789513, 26207244296575565448228811492846153817798504247198032055942668054480141061636
30300900907539918697625216106570745994687407506582454451966880688620642949961, 1763701041869867835905595053031780371796337979968619936576137582869557552926
27331913357536122724875526815740454197712901824285790249141299778245299974079, 3895856163550610965685768444623908897831882274142854394616882395271486186660
71170013219578963789831110472133245264408276431197542554799024095477345109070, 34736675016276924700442680483371127672660393790624865013095197978492631901172
26717685287375022732893497072299924567584745772030720758732392458025249765015, 11032749238515170196356469142732720483124884106491933911040695616619871885432
62083108642953690594076845556009933569455037734194316373825634872383195100745, 44323854363667077617276605376922238968448410510607215447785547065198812334463
40323343885022767464832372952884924276636250650069843489335455126671872326834, 62877608739187406337002426600210303894934386848809111481270554889354857495565
64560056173063830395220287447814140130650730885181839375733179270672913249964, 37605751269080536210739995808371506508314984677066312932247734867415416777760
56498050795017544655036841998592340913537992924993298516140869627211049783240, 30559046547515229702501461628318161617278361933741892952452017229380600046468
39785954497629777123464024336111259904376310926550758448440041839881232240014, 42056450948206077847187732187058120183713665856592445546906603121499916150147
76642217528625352353929443133227359107158540473492107419067197607547446378400, 74860697873838100020602478193974929030394212814576644609049823452603822482031
66341195713530607959631563574780131953890594545070656422311689054465178960013, 37287001002576045931008806501550739660361790308833865913693436459051323004095
14980544530720569023980978615274383417500283425640984598527376250086705175242, 73656562362003110969821859759859909956188487600939176440910978266069114620290
1127342767583639418680362027958961631932235776266122579273909628824750644947, 63616206488465465282718534541996339144507042506659601380497982103431088145729
70070672065493575860136873098343222258927583945122514203316213384412869635982, 51536758898057216392209879674392463485155625751384671640284174809901724043203
30428451577902581766262724683122020487441096907099556391106463489844493095279, 25431823702088825371982039953006333108720985384339623576336157268339709550465
58858428977545673743059196068347280259244600095751555301110613685839433469932, 73736133075287538487146584385499858855091074912956486255725827374228940391563
5877222749180294328611250633540155705187133209095263601208180505363377097892, 6482859715591101387554589050745359857647647916946505715457414040693237569826
21302281776079517615763382787315065673983144518487658477874349777788501229216, 71129486638752796770279976424241868344009548317608063867222904735844492368489
21573081667114977497794947710067165927751250925502041779433493563036730858598, 40875413192243314641975701190136361609541097899129641417875197768891878861396
68375211744907848413598017585435036012771976239763747344514137279987041910405, 21120535283222427896656812587872910192949181317558983963162165580809464240612
36548968673799054678090389962708158427389205771117487516393748249808390005637, 70496848396314199308737889173427029460941575914781395206946556070973064113765
29761211678617261896433103685352991809925492304344016201160803675841346769232, 36048445915100187790404722237969846382648792673011207553134765174568609331362
7512502450801555803062978615930550228845403026336126934542772933376247285094, 9748023270392935291054705069450186993153042747344399423897036229020860622241
42178488111215733760130082898408407932155923769391796459317383212819110422619, 25581415150621213212240176370508209499032870766567942758148080255041947012026
36150494730007920691204754304156182837274862072321080824419129388974104827598, 51990843641085420315345077651777180046984194671866170651685486391876017108110
12327412413094498975383415992795017414626540877475399101088247236274094855963, 64457690013797743202694846256376267549972454660612922757423097285288803115475
11667297634937019016920822723500561772660218522087787939617872505090883230027, 7392903759867726688591427851531281410679507034283857930541265054393627802936
42013024339375797504297234868353515693925083111995085946043284445475919549309, 28253194202768287170429585387084053574938720284494552749721487198716102790495
46863676884806314306053488285077706834471062716234447339242817055534787220701, 29624185494306040515025528273800595823955144800846533328683694326138389086066
26110034200028270347889771952762990921437100332079026626970652926261414595970, 21226541383622660696844787336380380976229220743778637735535867118466506609972
42599852907283061272168615994263505285528755679521117135714754728448135609167, 44040883312858571698809165864335246211008782912907418788191791401497330089433
41471038450629399123582949264747945526578381029768094332324411924173635487207, 27981346909792328207612999438960710461887798587750310993918610047154307666452
50447542290581709967454806589932601519967377188654237903589139967529636363646, 52279389100810680947462200722023277250619877517280542908425383780910906241528
36498227003065297767006513018471274916972481318534555061359922908440997613242, 26027691325643255758488233553434805609580078220739427156760634108382538695157
53544637938240721857916198570599713826579531715585328911667218457067400422970, 75503123010714158233335566859778374482119297159944833790879567885196190088247
55979409763570008139823363178917809785130011997604613136819706410109765484750, 19409023898363897593533324802856601764190236530421130993625318116165656807465
20049282143262452302366997617038838598025537295775091336464219070781843665910, 63244184540839817997670407912744026521581675011783144092706391198399065128376
42761281218850512563673942357149903570421216211353937696172095416684067699233, 32269386851197430574298158569258821358023837155627418330765494292101810986461
38739232502735020601626813620935071377362731202855859975463266168686825119133, 14920180147750329921936956811417391254232040789737473866032610276590008945046
73400523991881734455368862365986933360754453522986229230867664531164618669567, 35080806686121876810399982178656639957240773763381234697218729343940152759507
11335051734606075684450414179343820351016365458281902815165360542950119638516, 29299184884596923954988946604445252499126314781846799582357859059716951600341
34031073801715859245871484797506564079102844954403055007926288068173009795723, 72925470218355918949441376044976290870090664944085194824427189059665746202405
54990795342722648813696935677706455365789390952095885900942031496147281606869, 49884531862452159240914021541009294696644987186568340194565626438447625559967
61953035662817412561725891860122603988648562148311568073451460551540903112479, 13067039668308971120153400408998657469956444836043288893623025335471745381052
14866421091559605770653669302387090516610311205722395206716143379465044186869, 71175120602308230237035238663384201790057185573986254318000571387832874668832
6511923477781824639528203064325650402710982492205902471232781173079043292056, 21438816723139054951294549496827946451827219209013634467254214739711023865548
44675163754712802594006658228975327705494642739937874148752505491567717336460, 74279940981864728515426297346690292331570264476620600485278745591482758872319
9684665959607520590756301546550609761776382980540103320601912619737082321206, 7200524246483114529563747773484847905985310503633323754865522109349629069850
9840890265846143170669633654948837955491386368608040633005580380673252714824, 32223255017909089825974995355782968790355483374595118902693691662349809057721
45426264183167841484374994352397749497922094978581156149211624832087838833079, 29700265308572260760678598797180092434380541732518692627173559449850593695163
14322549266212810170610698315812601550879550596561966986025802409610118836733, 39947146244287524241133903464003423754180677555015671399351757290066455718696
57714601248640945242678072299380132674269725404862440660283440136306574727705, 19665214933361122792197723847639525246829857726505467471910348371144512563590
53060630094575818783645774622767042693885745410714630935582414546490971650632, 9533388163754486964045911097448687022063809333323251027239185423782450699917
68740494068598653328813430325706909880372163016739330165002467015309867437291, 17702316115670031104431272359569571734687055506053798307749866045027227947460
38373549593912811929986226597154900106242125360067203944347061579655313450895, 25354865085353317177902763390320375390441692287643313063592212458649967483181
15536384285129108674834783691430586119377772288528775762319137990856406165376, 6688581722437695163814591466423740192261785045906520243681343185205432462552
49578022394010939768647082654770533161692151845266040841785946007020005729893, 73223529754744413814092679466866159566957660679468696448131771838474158116885
16472746707033093686068282320067645327930399649108539508065295797228858298500, 20723692560930862103027680503312963963654172085584555527030201781284074549184
62273090695224853642770793459084806898384157509760071675059213740676498034898, 60565993925353395112033509865766095741730379166239737627052052112141366972679
2691759678406508552749903324439555069479389172997166920386596850568157452695, 7667634641069756121435224388252893016870182078204585144549897598189266042939
56016012942616303305008605167796289096751058344112839409909546312027974186753, 14801290271808929386239123284154262628515337075124231648334756113344388592004
47847704946990594232823196841750688379284302357065874026701661976635860958571, 13939823134228289629936760712484223986965384674597136770450717802761235807545
58148616375759173827663640862875422678381575196508704090859047028793611726488, 23134615019880731457243232703377610675118274938273242509349879770637787661929
29064285177091308133024930426950569657607248814233479800219308869929985831014, 10530059405631966604522633451829375308691146119753625753109460623465505961409
8262456542645194004475153397368429603627415862464647074719827081205026577804, 58185569913757529775885197029885448011860266320299150295230026304392947463834
43099921375879886740107016105193058159770607756238904713305898996446357499225, 34381552191873385613116632259870365809880793154437655715342002467888211193632
18543076371122335289020918811505007800707214033085307565700659188429424178835, 55459700154562031750287840032172762666882855576283763355426148397818953638526
30579833635199719107829355115114797494357437637981941941736829176993768797362, 58624981570271561455581864619760972488076453413219641766115812625704774303696
61192537025664275036060710735287223559567457432656645360688831428133245851143, 66216540668782742244169959465207290001233196730161313791658331196492014320708
25653467793612384456257778617613583415549033442022249003992095238240558828342, 39237380457962119900306089642695034735399979192770180499043547917829293695104
4933284326570244943349764304821612600577121025728425306935561719637629704679, 26908595161870783099493654431183623682365760389213875054312608228788687395110
55454129556065615801093580718789125533304325304763949062292843074412375292032, 13857604847760612141779681271990348843766910680697324028375005247306833857865
44132311278773723366026618041263130430979993284870972343324153439046502366236, 19257870885544782452217834101276530763377488848987235188283543023731221373544
69154060838857778118565652987965100747787627210239190069713675820901621495712, 62618370631500807879767053339836271693831553469402477770313541992590704600635
52684015630124104070260208843513304206555672228271478205897220437530453388938, 72302712886248828878871256612351020309663563957718498389555386196799672342477
21182955141930875220761128219966650289639713639746884548024818457168301298554, 41084580265374696165868242022545115042824269095954065087719020283141828441078
68263982539838285753942847686456134921431045120203975681199917889783909082501, 67247767544867413601913922917434440202262660814269848439833211999821560784718
72997206976131931665833125736911962150890393608257023700653322630428363753957, 15150601904177489144375565294802493900419169061307677571948713780280469403688
19003680832590987614202558881038520261554610934806448204725402132573508090968, 37865319079190662413804470222987214435326065574611966385249042465630693231516
31219780569537175679389500134880845798087246780037043333916310813541761838370, 7422817361605589625116457181443068726346868587685162831916347108007885323199
43939346387233060978813319605819886651043187311409889706576795005988998981144, 45142325098716256167810518919636624516251715039914907706535484646572887244829
559386793601713748882067286544193372751201717798638946396569119666832533388, 5501844274515444570532131359863752812556935591435685572771584894745599004388
56828958339972397022577268934629556859406706891154469823230877225988481369549, 58008792772700290651811907928704076497755408405037120995032397595560046838315
63959927422091353972657717005359757489859190050202881258561252295371923888945, 44751097962246850740304695127882896965569506628436266793818245734046936894231
2608571950940116917293962634822055870727066352622576278238424006112958538997, 42657697888843161431859902249982132242608507189738856799675731037514248039569
39150191592175825468672092782371124586464051664825912854710559687863311540552, 23800889528234286476916013290648336327968125928156462895712835280989014638392
39374798419603889746718815718045072134761181670467733301680745248093037875656, 67788769747302321025006517965179060001631444944695988891553236583570870723190
63371966560275195023640198044216499401625706378966107595677631756422550798855, 72761255471314783334672385567653568281405832910468975867999474117248551762540
73741687464810779478538328445738040519241502655569032857212723889387675683333, 40354558408197536548217108640224467004962497638678949478206035224526776479803
62378975233106045752490844618520922852039904451720574646831980699410816721472, 71481728472691721124583574977734866777662028409012022100323926047922705714855
55517852294005167818125194024794701270347660198081755768783454726996174130939, 48211491480198447334498688900017897327682237769010528695860291089685192785474
30361383758995071811498225226580261000691539364838638834405263510975313506621, 16412796574710058961547577709282610533664942522318459665663088290677776822386
29181333658075258299261591988024113234157332226221636503664194704768028460623, 43345612666170285220034848292288166905919981306304610906248335230035010513862
34430735080839373990568789841350963729694821601988846504608290570980937163224, 12833569254155475959692691722439499263084787463095990265117620725265350214457
23814656796944442485926780858357304139548981043719027953933773833480049897776, 28088473373942929021793640117526130960790606789755470900410428855027316258109
27815766328047977447125887500228134502909977252767440694489355113963150256338, 26648098093755779640563700912260005611403325507170172548071325645776137964264
20132480661111758098416247444097926440716617626878579361059764708105566199042, 12651653024047689495348303146050878838739460193742000049746261120785677032687
38359384777013930995457720296420530653069813400993126849053478616527744122464, 68505911316499523887970345949277854470865474228314150815656201950913463101073
10822842638541440383060232051667988564215166951239076529176846963134100683453, 17648403186919288314816484588639613327535552585232161617608724762042466158508
27873390900477945224311356495205492991135567745798160839924946531826309068452, 44326698440708483303664619519158573023311733867451633545417544701156867028184
31301070429848693100500661044239904813827551885978180019843885069281452398471, 62813140942471867752947077910185300151845673988264528328902594165118256529971
65838661571167785241752939583327214570507111412220306773286423520731063039530, 46163496389410219764493078989077316029520752163892517172097669493150849875540
12947784853972762399307081403341744849897364264553846931827412633115851073347, 71487955223818272954393270241492047989393783330879904637375614186805309372868
41458471639710609804872895918016117926727755876981500180473508249829812435036, 13488460494362638298961761577296033367506010926881635065754234373167265541615
63745098438639100991098014148506373013540963187858167207768447193954387830139, 52551673160981206050938475130644673042717608851137083937872110485272726330215
59648396232788402089490609751519660450702742001260482074312864815677547975507, 35817501955853548623645295500380431857300241859891347769880372839316192056054
9585386116188676277488211678377086713649479169676001797026438194652064196662, 70728834994012925046128176217817084420869922930845006699432814707277621154261
3963990151955651214198846637046364400944253815237578477397181795282868461986, 69206205252936264485284585914585470736544419529864089671698164349438556117347
63150022132317308400706252293752817312634839067432882683724383081974697398611, 13170093126654985401696937891619091284171556027357230018278640290218660477077
76236687198074768633140651736651914763441104761821833287152929753697281143900, 4468742182278775444035890005011906725770972733223063624369305310477367753664
13310533258908448935752755911713818270333657768297431399976799228500568470944, 55069572754246469176244048415075324282295313754476666224415478046733032994449
35567063948490837532414408119586268982444217477928048223088960312582262060944, 69650945060811158691540883254533950431281650491278049311365473791314508437754
38040318310695071392555941175784010230904478075026932138396240208836345993935, 9422952275744484129716774887376708387530256885404604623006573433915957693839
63857543851330477857422751262329352550269225273567226327685065270360550239090, 31993500483901884650294176258363589427147947269325350616405846822157155232202
61384440334560046589958379596751387517687332986389128326468867827897131834922, 69136286105206478651561937480381066616439789418935490484720556459758772106437
34361951742446237582330521571819805160138384273125049102195704945353408704166, 61822278480301329380202678216990535475626635762289924375414702122812463709095
31160564924019541176159284783910012291062423720499687250463716952599826313669, 33546945982230826275868798791604992848136468933571346860370801615809148078458
37590754291055564260170546484292246694240959616697317763618254906672615744971, 75444868383660255599603013948441928324040083786782245811054825036094062856048
35612088582966474092479482660527241009524233896116774389684723986824171317819, 23923994380360341414086196833535011634288006511765782242238368294404645155723
30627926234454635409822264297301372789506162019494155936561407009081943075189, 73120689312716310519574137199091911303175346963456494794342372379941886420889
55458390340737071618200795364161910845585195293721920645064281114037694000820, 10340466572462845918774789897191149717695058946200106891997821142397820609612
6911115883011234511015758297735102196707751896998173626861031002101943135479, 21934152960533749582142292962039128643789780469355766014884949614869195347781
61874471698376238249260401042782362066905951214953592283069752168078942889116, 46420210009804269018888161119947622831574400316563379963164842437890276575503
70967415941177124100738420619328468408824291627318548737488804540841764699659, 42805935221301064981639267494891353046481489302536081948257997736878449407160
63514771515687120674765211088296991421898499249365421762858175100856728758726, 41729160809461439858730510742647903392413316191597228821782907673537271311513
44019748901510070712093725458863529154996221767146523720094801954331825168088, 8837618270557287607205984481749499831353193582038004005985073784661193282657
49258362711187659826310997297310412147165773966374732904866558752826811760479, 43412622170464057493608744140413492881939103121940256949157083364622043777632
70218376334697091861793941256399144514922149904413092107903894169003330130330, 35207641015175900010223791090990906407725569601332186890641905062625334095490
45106646233626031553296163041791461776481943829540301172246084721200256191933, 61660152508571769925577509605940155348236118566952134996425774554165658573486
24658563930027278850048963444237984190793737207919349907746421805693581003819, 57281810038253085670838152137682884996461379672176029948711580633176217946997
46939464078690004369057628965687327903178602757729207471571542344735257830765, 57912366241118411065318750190759142365029074494197330661970390282159709530268
71620888583616023322388974568753540801957530677988231899016836216158105877755, 27481789965614607732748956065034077327988847340750744934193205421003876133936
41390487960542688828310871964842013152995833197831861377777857424217922764824, 60359094544577915761927228871479839244168753217783088335851192997449981538529
26376834654197201968125620701600056827335849609593065680843536724983178052497, 63759251125877163746357686695399264032000459780044492701747137823638774851332
47090948332322275253498006156089408667104573828704765223345778732064819670297, 43547044628566839757868527491236044965233558505897885458309092831102518617565
62316431632453229826526861178224751135457203874801979892948994240154346101608, 13791180879912769283276694330716149818637885056511256470944949568655358666112
6839456954368473710699683972242065322138115161442646452577853988794572005680, 61272715689960590001861416808711382643001310124339292682604953358644905350015
56244454641175965233916722952704608982575795702340691163541273403587307880765, 6427859659958965272962310096717974477598715460793593676982467329113299996857
53515223493662012785953573983165303964720883324605736127586590524115442906079, 13621004210924079060309578881780320943802278848843676208577124489557569905328
30499039004550291783164136811092379826205109973419975442338668517240607659868, 46871185032625248393648177137143137619766542427383427356911873406470697591765
39631512012542461530597662344562804343730909347661534193920162237033127460887, 58489636240684168260730978954818482212581312292409591968163577974769646382587
15836003478569052955585121301131482735183961381502723126864786890985373190828, 33903205833213920405501763434173841172410403649286823640168593167223657072812
47649673397624700043922839781795164334902676320019592363949325421133320344915, 61167870424074241772699516489460199169306276178917409548766118537274385982739
58381187563499552845303775821421073266365239258099393472181440121256281139039, 40273579549474512661043860033476468910408501651078228980797790905119512109520
16732782417705459256688580296707299698829555748363245259909552959008767664329, 39707264882470272780023519617227969944668631406076228242139294936155807731009
59126132407495938821888881020289629837813602293326879508403112809230798110878, 41723701486947739942499958367672045783378653272467036428895417744328448203581
44736051937647047347484577020310286289650420650109853057667304607584540682833, 46116958673380237702797443263993094397030075261977490089778082008625234958496
27991380459997425864045365635647252458892595218518868227658288848635567318755, 46013157542218497298485823788030983334165368208956680487290757416571336651373
5565421628093461737352272129360995211263156003538465707121381756348074183056, 93916218542654174570825553848719025819449617772244012114794804008283389288
69537037076472625828290204878436266426103551371197035493218292392284968807491, 54744727587887501650348143493339512459630262276729748307449088712084770932973
34583981744320900867402651757985487819422758250601066590729068998688882714839, 18026780253031645331072850406884392903947655615211469738267053309287735351019
12834682871267071598485584072760763591908551601410135472647631635724856014886, 40267684398069702121768844092711384165723779714676942059840315004197965860893
37422290371212386874366867827635049458148824511353557702321850201407409635949, 38810250810119433314581500904988002699258678024904369333892125084542921010490
26367623104830965442791645061612058581015136569808751294673014534002126450047, 16769608457813021862195170689683492661305403579503663425870912541888799391419
74743632527521358846534970422811549473322192937444724658588105597699843465387, 50044889772689045940502771901545082045611635418975807710028984791122996958499
23551877078700867091061563610486057313283830276071018290831329223648611598153, 28314361469634406948739634953282945441116865283123509644034308980081662806634
21461240931055373731085932821963659211517913072936221786450007336670680585113, 42424847031507656165180911587764493615787069208557826108464251893627554515230
50306479271364673033265841402696597276930608226888162680019915924701954298006, 60743245847073485072581850933710506949563295045569006368751432759526167935415
64630537033727492772520504170753809470618646290825823983594399597363881127533, 49271572566997518268613157002317748670768807521758444807456735977330272755864
47498244496354866121563532473026022243920534160943795136349438229083922305167, 17890813857035673591611332177180286120592846295228538709274710909041191990676
191560987494799434989183065893883514267747127768769075418535554803078899904, 38430538918267188472175393855770285918908553796928779233646860702135256108170
7347776509485138073089864759881662564787572526411692555592042874435760099951, 10051423110815444979297383840552742845129072069237268517851428970303466539778
56995064418334084888497639234844143194243475595961212756268248224763386497762, 36221219743406499123546366597787414494189027395590082225923616844536347158213
7511328564320237429052686561280412040955110148213487565678541046339780261478, 64412435258655147907804544248326559780952286421582002302925255592837858735232
50359453843247022381814845257254863961029282527817768500759606444490705981892, 8629104115094945348667783855385642003558017727928789565029749723963379009998
10562978818195369857020931507640689871067265743167449966398822760113871506362, 45637079353673219181165454409606677516984144653003527330956714814581949533293
47151133719320206731591599766654685144157741264019347926091938275004795174257, 3338785339876793458564787043121301059813761963465551601423395096260628511860
33477471828419924527618496937764281639953610626733860702471416618057635843397, 63798548498249083139373737537728461897703340402874653468384937330054969420686
12491248330744281673928979837325766367397655416226589785763665621235115343002, 9426812208369480645217969753878902363758190389497790984469761771057527942296
27541686825829332518201532705923249234655099656209952335449413840319758453359, 5976550621673142624844439712130019512867754092084437120653026820569723712644
68555537031456472231965992037710209339539947314145241190788264176149632454828, 59670320639212985972825920272077081586905294402607016118022776506694658369391
30440807344420891321674588141389490679583991324558807718380942086574632143609, 59661256422170596175123931137216704982051323087877489217443060620648512231600
5196277902196295499670403412275150251334123504782394622949665305737258631786, 53813373944877134933137573844487199574753477183041962640651047584994478978474
27260561917366265005287505170123346163765850848150786551419120222520087583408, 3689461240706732572469032200714817955556347446779290462173741571121608737287
29323600413664111240421242365796606262854999041564580510803139186919856530287, 76129433676805307821726365136243165298722753434786627575454168036499058734685
20453255046853306471934026651621094139392942913301517437605286171791084783500, 22877170153048691063674621358260638928041993689820173584983813769455897224723
67000497674644494630545564788083366345656310334018476780547050211753667661999, 65891937218852316680523963049298716139678945268750099143050851499816217926807
51210538128893325536326857955129041037728519721355221126836112756666280061863, 21356647146564792608338674311387131551296104191894332873335633531936931404369
53964401595741215240914054634153845666883966938763041369876857391549873148126, 26784897558738549099990978933831992267571888249751265384449792709435594305917
3165031370478729060089135887678525495996213099161822416104755696623012610157, 75137905870351221086866189464159736593897411037353496438437721562426347969617
54458793567886252463456708833796463243905914466422578376367504211626242174792, 6261711329118572502402529109522700493763845239266614791680952225810199094536
44671191099398447701116519200899955938938274572225472319244243832501131762044, 69948231212681593872524206526168650132733709226493351995919046006209210401842
14297894522597367715234057877134789441451519553037374989916173533641507433503, 55012489438034017923989665026081910205712600898224764980370880308397801279558
16822579034758118344700588673864837952411000609886439887945337555563570066311, 34585154795116782350869917434851118730698965041490743172225764139320291754279
74921405664734233513065903854235437493223759797553064426294634755964040537228, 59141005461996202242480294090319629752201612140118146037468426519807124565970
28814680179159729009981051682937476351368992580610411478214352111855353746443, 61206626328644866413265445923701313330914741174680371276114987019363845690424
40181854595376162201237890691543248903782443653005578409445116185243964958032, 60343571104081839450040690217338192555874831160064699385587788942600281911329
52414376301306939497360068236306942033285726744362870953301807999235581082229, 73799948404687911370104527176201563284132005677014396232675422790572923479017
66849705043939498230433197603409148774235736769583939286674676300353442861701, 8861017284067162901328851747628009534823083001073066798717114709543394398278
32319126909579650095479798683649729894383176281582529353935749576235078332014, 14297822032945159397235103687360758597402357939250044085088419160703308479089
1059898683168182507700340268650898147866312835033413863629559946150428539717, 56638383149466582474370299141595697002359031699882514913499673487171861880408
28513029449072337786707153022018285175650914583524397257067074588824445922368, 13892646090478533880595909003823088908697368124355400221082555313467252815898
69352200215910601891194593846758043415268793473811852411149153505491099836296, 53364883922270826962131642819307074293090354782994520441312890727662903221887
53177315989123434540233710797342698942527012735713709850565534829373221854740, 11842318480419166816368233596590973153085077006198242215812373321850987548068
679408911517764784945003996612117232241650851344793772972923603975112582227, 66355434154528972697785207161958211495489954865160731104710282973080684806758
37752043983102810352666103757108813418269550709948700805641739772085286724014, 21068747327588074428998352788939398949779303369774466437591500351569229873708
7051481065778409144941879499031573975886573987865123562021573815337189384121, 74152402742218411791193766405249408573533030740512846065901859303287215089185
65628324362016940823554385041537867738074541788897748104773653499495905440282, 21228256408198988633631824959903660099916264968350471363591584494214492299235
26154062885765012954451464128147411333600180278071204163909018923449475297468, 6327990610283781870514481060250050747380704776030471678171185597837192412722
2202232505394505064265440839784328854601546836410000787197839479866715807790, 8616228100502489795984388674858446351502789403659003378611842554199774922582
51181360615982180376904418708825285418880967100373595710666840814155987818253, 28401776898016759700208382134275831614586655081307984432124496520627073292673
42803735433297048588161471147807268413658184065508284097139312601346969537282, 5419380357427393706251262768919910829584688548378371145467528771186108334913
64699292239328207192742099119292910349969623220592297108581938318532119983125, 75704953600206931611562811560124303618220752845970784415420408288243356736806
15565359991646110477670836748781507039499820954587253835142143293704563546186, 65014249337227236329276386771977368431872859505924186190546056693704368088454
36784311554259490822084948131950152588759840028968562130963248788872263625076, 8116919053755402916465547945972608928138226244777811227399285529986502713869
33656464915145132847801256275600984403918356481403110042490628243011506921031, 48451317799871075216648985748326809711768264141265484277795407725569928710533
64463298039234345127510158450152136262185189692488225405017655089495423117989, 72447828498131027404661984461775614342334779161938929699534973666907945642680
53421088626142103921676513655175350121452162875974160184124622399928710234312, 13718427991611947042318647607665361638422953181583359757668978200293717980016
51305977419088750208098075416951119462668977852882515346675213294745176784571, 71269381280260557254085139107509404643673061600394982837752541078978765918354
11179534867805761805824353162601345422090298580155947330613755379152889373907, 9199321256690245663035398024390581383710687405007160156234346894585342414282
36877987571117121928647497341496435029514966497160408384936572897824390450705, 52914873697977900705887982156471718755830741519649972420623409458736488418066
69429045182909055044114150079623481775292390520725424443580072009055162050905, 66002426241142093538483649464237238567489850539134946993714605643292013002299
28307064141973691910240934006900798823015961897017914066827470179112251667969, 61071686449223743209322059373007314258069504579730665811778131680880912364259
20824355879187623981813370843660085803360517503905744056941419283703749254433, 57200888880425207801883604395073831206219582454185256505697589601265494131928
73055629484161374546411228334378652544774534555300288347625034620127297205427, 18064765433920011288834418273672239651184830664436625539003660732392370063337
41707308115269705488293158818111979815341433115362283329370311134486676326212, 4355585912518357006778492955336913470928394870320911437605243937831576321175
6253940332402589936554049311615236828002582092312800745220332502568609578485, 710833377162969538525765226068622273139554973601296902914213464677199670109
39178945678755893819352440016516696103781228365888668760256939685380097009458, 50937546543479051354119771382436451015261642617728015063838181571078504728865
22115988264716442250577888987371449998849105048029638054982306617155636937426, 67591571965333799521994031679779504842898959339726383110278200524008948541962
55226074655643909794068818668920590740852895189844145986759863584279405166244, 55636762813766979190265163846240339465148149872638829990851215695405959556432
20248668524133688921059327094571434898772877844319031350163446356379522167054, 62777059318246747624779075527061213865304311414008246756217578191550029891174
50822102553013291817472050529092154311417481678303934864778360303896015680541, 51366594296587879041711645040565487436125264792917486949389998002710538829152
35517312261564055644498814707896581698037555190080955966700341952069944654253, 39736823596190042117687485330943047445317414987556188246608602184750405372459
17458222249177850113573934864640279135671433356468151128314285783816766037723, 23242146256639795345717058183239677047166146121140033506671439753642387779255
53042078015354477863491274466745425939807652756856248879332549229024169156648, 23508341424559604923860021496644865523204670497361990986380978133037064198536
9063286096277322213158750961145412221579833175520081011579556302946661742721, 36452794865347029525261285691820694996174233314685054310798005280617468877976
36497962188631779454801204540810333407904586041427583434688938208226439608973, 42128506202227352824417518048594946071290225439636873979688186358178381484182
47106670632872305350442688077310464038273198153219067064075636468077969019794, 14214662939797419210049375531706255213058368105956689452387530506807224101504
8884030050509027098637114137651997804355522606746319906327526765142840984491, 59332584713780280454405244310125537020335392949331980844797489697572099313021
3538215515197491856158440979177788506049789781226294942616758956703424766240, 15532606782934909971560059369013074307485114836594277041645739798630086569258
53212760632162933132678584984031442065000484210321887966375381281891703844415, 46620555075292487472857968403040082458775634500751348493221340207833081154947
18915726277711710368434800135090317255799802706606117455301452377845739165595, 22292035485876596022154588240101770472837908473903724699933832398404814707818
9833745809778533118180498908224763963744784282709631315049154304901285673509, 18565134094039144419727037939241241350080275946869822062634720115498578702460
14089346879664484458818987104468300462557179033874706886193131322698185829526, 24670050714779979084638007828032601273341627262836974463634245438147427031782
51560710874962058988086135707237443813341218017238093904300289032292500681040, 71212416996255337303740556656545483470044863440761551421850291974789470122458
72691542374471263910781581823055031703486211818637982749357032313558964165302, 50088183264113089208740102512554486582364972443172120481404833445518744535113
76353055689407880242665351042265701621932196577773195539398316613014624559998, 8619549226799965427947027845516225795371145361503922438909259941047268065836
33761606118364316273256293006312593920804879189348319581216517726682132209666, 49889742256684697213044090435201123976611846340856810780518341005979535344771
44466033214445567435496894076199020625789378062046706581846183896536218423244, 6290742157968337811024008913547430672760785902187906264280862037498488300807
14505322027809678278601749623030438820565457584932581101754341085062964362197, 40524140879895665696435204256840711352647302571539204614207308548210074396685
39077245061339334685347035373404133051886472354772323081886525584281813682043, 55195161330337448365719531066922502966151488372490125226473572137608362597143
2118885796702509691416872220536234136896288109312370827081726044401054391969, 6307161673788457174121791085315116678404123801038449129840594235996603119180
4801835130111274606998300224274541895353222253031530989640403753954512603382, 52382521776745340923230488145696859125441706500626218689150491065776250215367
15576571477663413799980345811523399429363315535717672771271277537951793323856, 2822045198953930702404903670891861318235887311620134987365931647996467984055
36007363447771031641317177928407400565533696254343550489979306892411678600354, 41129634540076296659072619513443235314967611716883245166169433974740406945452
5033201690051980891461441583952168715846965937758172826632085257025271477839, 173854982791072520137380325688934383070371180982487300478202150084467068372
22602862832604691216985217082733237031106276659793992166171454904322773792544, 51599468513602002994541479473274234591541946613177391216933391044425630840244
63119238582982344432157284196922671358850594061062867393981929521806483238156, 6758441649453844880018162809495542812754588793425740697537990796345696649539
51017399483890994642754517601378161159787364170509821703795324260839556280090, 59572852465097932499690219316281150928284681552429483030950076972559748867525
50707888875505705048400064792260996327376364019021138195500523507282936604679, 18201663347401348045623060546257176191566948008445794951081418848769947780979
9111233859206507148131529747276375162049997230015984892111184956448221449433, 54642117259891833492279184916929645378666684165596628328403372483778515961277
36887137476770347480439937355933365450015702574136201637172992431511270254159, 70679432095818532892976912153802466198981278198413388398911081118698198467140
29477900554941644679505044262616195733051725954438199548119191835054121506594, 15069311148220256770648445275222190278820484679332477567472976457000391084439
73619987820776107116487869861411747105157014662050606900171290151776313391185, 32897714688294305483876153831195965468652356047566541373023923652612652167872
33843585088180739456336669342912954786675566751003982169880627895310851818431, 27732798077313482711146079003795838806601483290812442261725132326623115767106
20925533191162892385148426638070014772660918772583911530631722482597946267916, 55228244409229428468285009359987220365228809436118615613114564184159716469033
54836748138216823331815166273989125587854142016059849425971786885094709506318, 29062358478079046227484613196757427712374746001856339926434254669697390624363
21192352151735791207112064540048109644547095372916202939293577164133505836778, 3226920607370306708879758780717269825728183914118337297146523921633315252469
16876074600318401526111199968693998503852316883944878071766154351640160489423, 61248784305821904101839675385756560747338729206865788930542252887348894403974
20012904886182234690756688749372383768380739386217474649725729268129531089398, 49009323332056643539346084379411405843905377354956304963942000721683756443323
20401882891045784962969463036978483500865567460981515882240816745110633648306, 46389265110654693169008600244097451361073884507092770960868921781197315679116
26345550098849473721866427031078598365038851268499200246357013372018561875916, 27938257732356390688490743538136788032483820171037944042675756325375489564943
15507805230265298578935166515615602521084138059850229004232190715477830362134, 27484599608457177055181475480355940025290794795517168627318723608707857706240
59373438185684711765053012313637699405668982514646018980473400847405473259142, 74397753414681120090406650229407759831346526205079879852910165970737988717760
29936874181617136732492406697326125146556189204457926243116653319244831177234, 30074659739255867385999002350247929227109812004644028835041881459491613033535
54076288330317986291185458660589944564574398872722973045696125637365125738011, 53601883213997594543694222500729648030555876408248347598377319254540310968923
14289553607292844084413225660593430960839738175162512622224042259473884973482, 44972930711980672787157921474240309288126779416723100222723135432804718349366
33969765946483810996986007450614047855583076824350774769308893540687693301135, 11941325941484222932465587606358895628548442877768721548639301688993737329371
7182651205500971159849546424555548193776222120755210006603763013919797563667, 7512513148967391500156968896843702245556114574990763432785193438346042177919
6061422574667644553424971416198533936225848659638485227060601854017377299430, 1841846343720320001476832647318051860230162013574751503229029746346459510336
72039698263261336748603176950969052632557494740308483390907794936929960801035, 31121355555584957615716534962294718079833060311227770680959267561731208504253
8152036834247389652036493880560794802059643853824660558538834384253607763293, 32853022226359987288770287254106675365606071535412429977910324577414758808123
41441800427863492615033604502844446665499862979809555909544209753395929471634, 6959141626257815528504715373434525090649849566670790027675367170990985011440
1076759311802900179428333224779087649935466966688522297492949684900001649112, 27902699059864302914665791171587099710638172906010425103643098317036935754948
56651332205471633211574946574236216599021184265930804362472388368412577255880, 68119778036579170677214457551055175594646509495394769050856312644605302113762
36525992124322958301822166821005050149098026491584378723232351577747524093028, 69688741507598035557683740093950276988989406745606410272531625024856395097569
62002951079952674181189629268419258905127956092777276774199167503392045651743, 37061694156578560588343281805198912595348249654656031346931950529636524512146
76670692639712916289577589191942136680727455374865666086474851917406731258397, 76774732740427228561114491092269548251436780098958426232313250652504139485015
54544947468725026460580568958602188150607959665622008635434911380842928038954, 27820138500658646604391485390522232946694885903248077495551733642593715309247
21799033061062811681210723090503502647174590936399387501518988763746190189048, 37858358037762678374765503805780570273466634936554645467350185880293603024212
3242772595474822987735769500845469562230936615092485921253249609223288192271, 60012099763579535296336128347484667243759046414016069147709216771102938106669
35885226859980924003226356137035423170627994617348978647254572694571426092176, 14580990415034533278892526585051102353066841499515278269383164432655318590389
8219610782256397317095564539932143180911628478912507076368932585200382623004, 50762476803513655477545322493228801983155253915170795886652022401845830342239
22267095455566749435730751186144400275414929102953212835592334028894280436938, 64146937310955519754598058343862952961842231192165141010056777129832730448199
52689712312817167408762221624395247146059774714363512918255306096356101008281, 40744347166365720872424301849019820330626212497279430179812747216971697430580
47023912695892419047533442943913992407100094126031236606142265596540596583261, 47815290258187458518485817872749389307523247796643506346527925148654269579193
65043770479621737081400050240739101842979599939376955014344300303632909192173, 3914770478259207740952433704196375670021219793430324269579031380851066742193
12405045964415727676797171412920722815083681956732852904650692920903730050899, 68868159783906395180302561647684171737100903101287764132733663029701353940621
57072352925444140104767992459722599664937932493299748796493725501724126537230, 6010332049839762856119905444356715428634179676667225665910147690396506263034
72247186380845195282372156724220364531622092902188890645672684190249755558315, 33409947584604645455201638106025241535370623269733926629866621809896165523540
10679240222578761735862835147526454568845208873109114269631260603547101531691, 39744522016304561951672287756795845804744091073955603539186984359688125946872
