Elliptic Curve: brainpoolP256r1
Field Prime: 76884956397045344220809746629001649093037950200943055203735601445031516197751
Base Point: (63243729749562333355292243550312970334778175571054726587095381623627144114786, 38218615093753523893122277964030810387585405539772602581557831887485717997975)
Polynomial Degree: 8
Polynomial Coefficients: [36, 29, 48, 34, 43, 31, 24, 49, 43]
Public Key: (38543630995402209051272181411747038896162592021782033957139080398130442293452, 21412091437378357482764899798824062035647979323732454510476687878628868321027)
74367293628222818082921199966677542201327984413636366712957188032832375154160, 76183179109483067238642377039626654215378416136120591835729860734610320711116
31247546158448278744668957257981639974257466869669262913127137771731371623608, 52358752935741647033037434821816863759353332727928822772473207946083801720340
25787278638723492073470668123245170877223357564342768539237122955902604155565, 58528276508947867545815653367568742267396135409016434936819821736517549142771
56685319206427668078905831300087486736890916400568701135030606505880634887469, 22601163205431245578841191404053322463548827716200389330982026859751884151120
26492037633981880657179223952785181534355065893001469736677685975934132404679, 67376762160588263321763693086544503906492919042023103350860949132110131204238
3870284087606907750031134793021315650808064966551943400541971846438858548971, 68091927917262824900179415243119180520650696398368558501794079327739449291917
32668815628435953522193848425795216150626108872464547349537455612255635209446, 39641809547000829025603861561523737508509493708833546977149588695439306561211
41898701802256792760919916237569070155362877338273160360319837118552680897668, 61714028568902747147104771304469545633706336668583744117591703988318311156489
73442017602244987600333667695127250904827650743514023773023693911979053789906, 75834072771183796253459293563637867079508192272548765233478237167955210896432
14707907575870574613692708648544128455566765897301301468202207970116177940777, 32708884624086977177448243297306503371736678055240126582053889183486446738160
6461726800205747960898317355617469256766647387723516358117775023409280598852, 59387374982603839191395856749832085393465298862851194890747742876714140195647
709008156780725389424149688613137138755577332296991283956691278145147150276, 36704081103665175837949752240400820354572336236796977225936732446341288636166
7108246827575727960687886072938020756519626575663395457909626693464976723843, 30118991688170309605828886826415475483943097487553821109629091653288759403852
60110433639763585690517192723350547002714250928429678361404313999563887209424, 32434101961640892285193719058618268514348839379388388914774827121172744711386
58972483029338423529259127097415030266393578358535138408195485525419151257254, 47829251498601800070341431900792012120498579246615455882259520729600544819016
9990696416124202580186520635189574525569190203345945727731816491266221583985, 45264229967125737538149704271466621037065284828284927097726944174877294160881
27535223107943237714873807833623208132687172343269481029422550944540718307417, 63226495169290594983510638716910060557903629136177518901784071724744424497419
14770341763807688578764543858309855347079600133667508446057722591967387412910, 28044150844052798758549236943953602943698299498005347993426360311226399068900
16273275858473815997295208712012106137548082995346410192427544774243251583356, 38314431411586617582951656558516147760351014224070762157944244192394271501928
24344080510472632053898029331709392069357647936617377925717810149087551473005, 71881092207366821798292672160126956783264778643288778323273725149755657429828
38505588444682483556037383148655008236145432910382035699755663565523392296872, 36019378044159797247750228715850104695311695183085353704309055604156632349143
58083288909088203022793538501212032123309309436802658814909437593564376333793, 62208418379802563438013465115201013184040092730902167297233515382071366489366
28517310262230579107915579056631125350617176789525770011590506735442862172872, 39127356738202620478857292855933886788555387965730832310994106127632742476020
2605730482843371504838647726794827563685406044945209655402270759992275991169, 40742951907125588149755177608513049113700322693187125099277751820712651006073
6462353151689054961014255201882684219838414725677079586140690945349854678186, 17140762749991829229712781604643604923257211755198308994534647321276717530745
73045930760478100634998034451280946054280740702716706116269757422189982883624, 5779634604146113415461706052100720096677086712222281636200815782391646657605
12404410908617707736386493086564519461467891152232153495866054856714130151589, 71970686405781003321810503571056065326060760872735725193735660794203550425556
1028793329523707588338555575418237001658582526029171610692445556395318208493, 37121841119509655167583407888642020115961818601317976159726701811422944877275
45226282915404455960167223816147338748352380224385080619139949730335469057605, 50618583602206217059945279525453097868171984644842922799231831594705977742913
50978936744958316565927701252188936448578798578928877916110845661878021407544, 39256065452989536148084509430736713801974049676885550747593741120999973180836
1985558467103871479883860194671312390018966278648550465494442181138128298996, 30550281999776096574203527186603730354495510629155361235282819129567026266906
72516726067456416132671411659173900686753481575305861460110516419144154631331, 49632250859760522195268287733532799501605611512169962293244723822270006994504
41852179254797501006719114878888056059680880892748310671320578650046578229556, 10085755496620708433305661370315080990892163222827300401797707304407510359380
73338143051119165932157034219219736953966757436143442505056398514808892579658, 61636632019146934005005794938351138665769036769964662030723599437867952995164
18861463863714055533449600591882907441762780068364912288340185469051362167650, 2089071378182350546045976490923621319649966203146244573540670533285059639755
32497999202426872916171728023503232980493900926477520586048014327082481378191, 39903380428643804914661144583960064815388384062770580533482115162680390737662
10817204521846279444791790442296464511754691326402543747115942013605024872874, 24422236729018841805932314418837739171561756069743837979209753524795178039104
16203147876032933311469292095892576254285852443643304673774003938938525985288, 68513614933214882399367655809888473372359329019258740027143119599117811466225
62841938319625005272822797310665696581689402552789777038975677876961707492657, 21582090264873913519822383631441425615281361286153580539380659401668724378006
60554063417521916227065110238960229337086086158095978568047049010716975519531, 39638002977563578273869432412573773897005195894304623039312969768587083131989
38837428382578581168150925513008285066025767442168853699674900008888055546697, 52000082285680330390570091687935263816777507866423007276137559443717083021744
27960305774930211092660844139172199496129116594494588371791916507760058339406, 72866099228376440807215679959619583650990048555975588457744091563761395288321
16827078010502025977447239090221941452941136251389105438992960754707825958536, 22056237589509669234205125453046584460967171094150141943512889877453134702801
8162741617024658150172184937057802691890250070523060533263830291908390556170, 73230789186230341070260657459303860137132778089647957603124117287708186043891
36948361383558508566737107130754325964214215087299708003443816230178131427616, 28083440605328178794603338394518362130759348842193260461897465893014321096930
29227252022896102807418965843921962320016336730804385283319571632700829665417, 64686603411097302803668969714804631430475088865817337989289331035126738155843
61555655886804422535048112272443876308890596554625719266215940246837856448822, 27405038742954807510383803899061848743466928101483679603211692588009026606002
60959519104344092509679334534765419756468072067585285051636020061211098054169, 58362942076382020636608991352679550879472143049946498702334477840290300506434
52423567885202309061967137960551242548218638122158008544341192722113656051366, 14759262949324100821575837322197331616756540740660291548089694474668779226395
20439745465687643567343063422304592764937733332658307658014985833760671862833, 57878111377990813325706525750286157526442081066230191852974526473806863496887
46714747035085328783449221898390257332556293766013747207503919022408176758936, 32638560388656768094513706930546929645011775585571999005314038448478529746304
7884214652337680694719995144562255598643529144495950006414671300428705444501, 17761011498599824593891763797613677346258480961071239059709023891652065160570
32018983089839405401615032927178495125588320767704753432852147992950076146482, 10109316151940706775131902464549756063932227948592799124066877091543734498502
34149193597968775909388699121728645176658199430066659043550992703497961288112, 26392379895959039230994275595591678611306534845469603846062154754663399661419
72581818954189524270704527193556664750742354061651984490628548363578002201766, 4372173053686673439188611446346531677173416892437467596722469342144572186646
48623003150422981213892834705593654446689017878524001756416354186230264497944, 73871785997559074808369128536823521557388909887931829787829685089488006412937
53217692502695234878773035198105521828183780615249625605983027866526475346047, 70523302617105230564148809334102378250822260641080663108592104668696657338652
4520229759991908187684654553993828202968376171083893760254013604687475391356, 24399348374233673558575670206471937292452037443225860226017281284973888077507
60038950990770844622972346649382233797370075937733124891631813010464646564491, 60068816429276109518873203994785208387560586899680073709230098133192888310681
28446371129342236912738973977510360585378873218805757323065174261750104858792, 55556486416289090514851934165834865399630435081589209275852019374422169948005
33914708296688269741480473314399298534279714947274665050952819670858539775284, 21131130631409563841061558490923003893927015984919902998069505114735619784890
75346212675221074664116647292023229074958639330329269209081966255136437748439, 75248903027642135493704341843477131383135948555627503022622111366994396822735
15971350407126830319027454948880272029179294121192505165484386405958640532385, 50857039880620507771182216152387653085705953022704918325155307897252302255325
16538469843385102583809571276952319316421684917875895652424122891074518159390, 74407915259533714555901778887171041004339632760066905595067780725554375817382
61960140742051425543455709043326183048649877652342752064604419731556581639661, 59797484825459510777194987046022383296643020037923814852639421933619800308178
5196432399145440694073493307493924733883820720121675602770305848613922048737, 67493251828784729505563623071421070519720512158136573037342513275463616747635
1047806942850557575118067090817688227452247822944435132364371441378847684821, 20456933239959726797266429551361152589662116198155746640796734007399568435824
60641711486072553909249577041570189661968182860014517578571356638790615029590, 25921880982821951384090956131599484721996952904128371147285380342382225537452
30117945057418245360331817949716263391695728210039946226592898213480838374042, 39199353666718155203224723443434128737785510644667860253444705874836478140841
488218998096432597311629925167438603178208431958417631637652495588055240632, 53382211047081746503211390693413186869886558730630601240614899792130882052726
27607548981751481746676717125384343666448201212360785230345655075084838792797, 23887760283166321134938254723913906085574728621277193891209345181449848959405
60927304949071289318405652510672665801105711841295535603976612193879587182008, 60127440829482081181284133315056783657687367711647202697664566538039869631790
60869438174298407538218619967801784128007748594516664982546024888896613105699, 41991981075854293233835522648069914365822082485423771312186162295170173007612
46403806658524732488380921655287725278798587964868779173538915471893783219333, 68711373920628989362429683833093939182453059799432227806670047073069213708497
55921398033827165526158271050479664397624630825054650251210094563832359510734, 12484979935675625758560991242156446272331350015790010782995301848259103513862
57704966882333884704852311535885484815321050537444983288946064277837248416312, 50553663042143045220389943151746327064872283954597587273255198660636779415771
39705300426282781830415406103348130170545364279996422305750921692632529688553, 58529433469578084303604617407224514836261609065560343144358877758608249111378
67771766829871563932727154142949506207305089780252581057400649676057050271650, 5190883318318817088674970969858056656642263923675925273259899883993605142257
52756671784262841514937559895941601794719578997336641662569867618149336361969, 28951677029007769159055217045776882861202430684503601840013736516798866388070
70185593295667595518531711212576832306864725679800352690580664835696014809270, 45085767872115690446076569324112792146699234874831561857154870255669290491617
58202791348376482379679333625597116746032292630387430612021720642506437588801, 26571206641983152720392362091282747022099212159948038646259063205645552190451
51036565064599963555598861154605035281963396421883897399111487818672866343004, 68237700177303558381669699654209405606100485760164615336924232441811328268121
10227753687373428481075849934466596387694320926619506246993247531799239315771, 73504312737804562394663347533305944652598447046298302068883091702111152645604
25419630122114915004313719265856014932655276086825710009243093437782107072236, 40278497928919172409179474164336295947802732656374244923479157213870664130687
32025039168200517572607064218018172910835538074877708208022523210115027901790, 21484578694230723667985884221076188394790615797302909829963586594658294194073
13126479650837179689289215782527574841313105659029916493517705575241666157260, 34629401173179929932387631493828812709751693435836897277108284350927850595533
44295713918715517878378259027248598436306165177459650491003534136327281112745, 67800630325061950741371808852690562659635710400686897052081914367103782584139
37038312149490633668253340795307050493875353186278261243451051632219091246676, 18501855408233147371053292179057267612906515112108554242875377534054592486608
61033706383799440214099228812814596732629827598487417253183794572370554234341, 55406409313822463276703470718946623969160164634994466042059694335184124506450
27744306875922624193977502276193168327291413315447173037368164986471744195797, 31738671306648959357792100898072678553485430869577019281133648425889422797517
22166616706090730196268211823469946326304576491409578216183591066963045472470, 6074556231950568867834698276116740973223550082447581423858891556096283776446
55866958178585186325669404436348368677998497140835138289500631092221653276880, 52164242661820973417054428586607897471524839542208674235936829614437385360792
61136932980392959337521979378428099566067559904264327367235970297309085101356, 39920943287265960406207312752793773518318441668259047522720621940417913445292
74676447458157841539519742301794285420233189792258361542416929515718850516265, 51437299159812210173908551928890455163479659152933922427978060499149193602568
4367931383719871763897888718666657860949670817978469326371702251817961721159, 54664955668562032772762844222126804872549883612250517372168845615303859634163
2556254513621100786546960243074785968059555855457051001635949477645784370273, 24602791975097838892500370873923638501817176038250748920472263567132052718882
6180259023792548096246117827832566707105431910855471738238205228856796347569, 57063601950565679251846642899234761884493863791229411165688141859296671544651
37930151725805948725894648764941231485795253263349354992726373853433303133802, 27857502191729425911381661060710503461066446639531768433309770729520147244180
4529515331312691600426776356929615570804237956047876901072767700756309491948, 35610892180969897193571918760550014608446214001108110090435848857807308814058
54648074644273708729388287095074936412266833157350714025721312157505997837963, 28402102127119085547433482729591007257668647430329417667093852049328349807479
64307298129586351149036206772537214196935920054011949629240296466815997992678, 64621581330910713997440776483073241433082807593477105664251479795461210137725
36670439457765448546625260947612852868284034648151985190529291799836005627345, 66141058153206326692324945649524205800271214700771115020620289689595538360637
34534401769466445421249483526353280910450079918406305337665576505559457643146, 67060224261547060752570356753704652824222794483493830871256713134268158702068
20244400200089842628547492895436082663019880249805592817025213348282739704771, 59199174309588905224194068833841137961458845172093888731644517773042014739866
70531355671543857902650798946507705635983407272835536876599389060858416827710, 11114926605781303597129765021477052544684984411247123914838665507255530796644
51263342116993724206363987384826018082577020033829920413085914653229068500271, 7367286538464656769007292412931252788838784853131772736994207775892455583864
59730221490524840411529334932679119260965145687645802904163582351548452666947, 41961729697199319893197001620348694159795543376579075057313379756114041911460
35175176879184904004800146614290919040478727640895947577770588196340420864590, 21747293124336728925729967805846188627796550958450707744278059920116344517123
16789077445793563178265497210834851358741141582862176794368115504571798030723, 46025252830814955648348970794014239931558562681860910784727216993248759347536
53931084145370021044565303044442221142940597461713893586332797473407960092745, 24583384835048934816542238179861026929284163317810230994099096794052868863111
74671651323438462309443277200398166443812989399279674419881465391062283745218, 2551153936550423705948996997654615362013043920091342963578341841237941431975
13210048754073328628951373284830345555790824106423316334949404935224968231424, 18990523089853610907645650183473573329193519460236450567396233488072169240463
53932880266765699839325180276738262098764002241128122908521848849658632593432, 72852655619582217659927718117279617150089681194425955156392948072219997207060
33801462063656856841914854358528014926518454710081208547878675444009698649913, 62092287134025298845129702659312244651594896535459272685446879582173224630883
42143628731036614156985939932043964573907828815425790876327512054738255470982, 61624595973160049833981554894517123160807167980082276721984416024141478217656
39298378721924370986190181406746084112532789979490403022465145726399932954528, 52479295323571749341155193454035627910449199901348507614932916526813711825937
42229001627875272092155203745369659120876358434708524530584775157730889357528, 69739681180516791460843577134657125625695629646569503857309404493765487967427
40626647012764701337754987073160660256400857492177179574982178104855928343458, 25974300524896055711216129390076133700259645177485719652635174808324457740098
75817248226255530212892968732000423445583605834694666890868183750731513988951, 42725392210664175408995597145882214778090921384837471365891171748387542285721
71512831391321849305162706771112597137275037240876808215096947223153379780204, 36823681389188679071214958505850366840995634999394179384407515818135976680631
13131340181211800820592728895510490236960037178111633213179596720162798247905, 209169964260988315887115627827751833785153801502413750566398445200328133562
68608173570259990695835996258699308679200306622002030269061970697613123744895, 33990717176259240478352321969965927775228386757259880858168763153625531972711
33820480692374858056905081822169826976216562926513515422600265909218185402009, 15376877278240569887374125694297215637925918190333740403210099309930512666011
65097613042473209817588365564048600818361161918806644651724620730609329759113, 27586213075876396908829263586236209891987166027455514953085449941454636320795
51069603687809443560097549390194347810361111533859839467286724691326119707393, 56843263412857818972212466149621433465442286848068304337383234109641805384594
39133247953467373459646582415763582927479754315383408249241303847364304022732, 38215083842624713026031349457785006606006150845616895682708378384430293012279
21798340846304009895083259358795147129228767388073072735729846555733030768706, 45367907757810781613362162934499804652801262087868593577528040443750156854866
40464692626188325860483225774574015749869795601458872009413816350856973225492, 5766954161079242687713465800392580407242386399854823090866195624229226677208
27271557769776173314529727946399293540424989908414163423283798955991595046114, 57784470170589031540466852379937168437400849476481827487774575534119052681306
13876333848671766683507359545865165979375325403830972500934135964047629756732, 65251996458817436332305360254485171680817692004029222143508812001390358008963
31411180098630074034853318740648101044452934613749761129344290058709801833182, 42636444989269101009071246766680766915166674695377962205603243676887101397759
46594116739064753790276317779553078289969146258127046525744021241722317642033, 71311651430719040202644955589401120432316448323863406762586811147456166472520
8089400588080676159575183285108312213949153436376965295230139602056286950280, 33269484347860471936282248208371971151927048508138874560475846128493159546009
5744410522413554026836953135255965899491836404209681941064544370348205255016, 21502933743778131604796447357807064242176762431160047427984824615548129141720
23522817098449333195866259877074231141199822215916405485766167715790157186508, 6475147776172651532682223643658013344724230875598490447355546600019624928640
53794395721094026159236073238632134811708980970584390836895309842951273521440, 50749608572342707591404463076956183759445253114227534261953478075584077485795
68795509975195768306774066779201023486009117157047603410465712210115154007093, 12830064582694736897601547431897211525940454188211199783356942934199330863180
66170753470063891333151277041612963995793690545992662151666383028308339354956, 36556128630372799229978860838968734628799606421015380421984407621729298415712
25830303546023776469134955980524575120012938483526689991292380691179964334299, 63193237833122940981251675033136914883395555810051698108713073035618165867959
51595112734166714019708375067381655088832707441861354922523725995071447578510, 11950583818410746510926888760890395449401025104403953069613858606355808194914
64658145273552381890786676907006424512387098528828935544130398306574815393893, 56563758874243693863562573310040158676629669999937250715010757436819770508143
4398656149817728197951728872693419687642339952059030073526404046911247945651, 3147463489016758163386181555427510571239068201964291206796197829752605756238
8329724367066701175868592567113571847318907908472972637615787780256594319547, 44195423359079045071547518236890979865915268824882461398584913478408840873167
11086025797309652151376819053390956775860306723046554363558614054476624015365, 15586508949294334907579062433559528932847855104925673045529265397031632295892
27885634772621028493215538844128772301434400287285650394669889584116288670682, 60763225674594797938533044109714514435758086779906050792057809846479709850531
65989162121946974963534978104172880818315013450772904006180039544743775489245, 72852330633420912232377172336356161322876420127719551130864818163449379340246
63119055883952203516621108429812547054095428561682754789815391138447660501672, 46388426608011430366797213935955299566934373112627248900503136662772097453708
6988093270878138438138747184019725889534727049880592889933363720432976914074, 35016977072563046320825450513006916446498803292055485449891712606224058591942
18645186420615865396082101999826709056345599243071357846255318740922113529686, 59298805918428650145448282790071654074350198510066162865138582911741492613705
61796059113100449701169096710866836119203362683940656213704195672011030798286, 72852687658260042488308152536777343578551941916669879832114081862497873359184
24760276472407439258469982093031458763508243153499516316322687708257751141965, 36171235627043497554250050514079562105438318939447428578112447860426882246009
25375043967936455335349340337145073906144751415904028302541003331701134454948, 65300069622037002296392223655146812173771805082569847593543043290825874531014
40408881229462924962133959672397153779942041562280844546030277295049218257646, 71007161969814786989630776904123352093799902950146423125603752858274492761658
20455314476446799400219552501040839683840425854923920974657574272578095074392, 4452271354507530174816924327639025591611317735212170124897374452591136804128
426108368269436384400010034625633462982984825145192548743503025111898602369, 38227423158477644271078546580435150477873280632638513300654690668772677292413
29857848198195160018954317686704479740096309906768998842646913001839006797475, 18053524953444972600929055521821890311569008731092077531899666798943672243111
50403964481116278764124495926607156142492494334199237074317413500795352701328, 44484744425542518985240625827628315300486470624395673252803508724358533847662
56455583812314001154252021310224766956770323854581592283339610063588065508612, 70384067160796022682660330923265170909312658813433803920578033824296675490137
33184263250006375053777676214375063630710685883906326333901849614876661450713, 48867401453996931605667514876725170508828866230130924344319564370312865438443
34869599752692048932926158202602839167339064533884569947485698224343452132709, 51503584058103283321000726771762407728036904003940804240997759641579705951187
29029206889687782111112407405750118850914515695422454943853020679510349966332, 23221021811069482304660237096934733550796411610814726126282476291915275701872
72230026300282239836994395865896229874133047746200170344801685985431492378828, 9989404415839725316864011338290345225292547903286407277733939572247340142386
57128518888828325896087702964113319638329939147013607449829303688458578080697, 71602800772386400050680950586648177392954942064074597895747982948087999568333
17288386558136852545755451189673267727571119294897588786035264444122935413302, 30132029242047023527169268342909040258928133425496790792860202725296575943313
72891558438443173309783878193793945764277647229686563571505884816344612805275, 14143636298172261401794537970913508163368951040274896056138680019269511157999
66406437780832836894006015681255512113240138461554677629613153280318998999140, 58278745853938507899097101300727110153653526730849801348111447671537915754327
19559041805859491677061037636622310767703713999918621107854327589270071234604, 37449675740379375910713395444750018285754344972952230603935424314221907329507
46514937700092092646932540185659525067645301001482833092705630206934729077216, 30276104283564114280051342270735288194739599896622853877327069299314978935417
38355895319354137089656259878742348811122245966160553598615931132175548162125, 11460857980942191682548741179464037098466039095465636692194163289318950094048
70284726883425328507313157678620359937513183280560220690152263427337774345820, 7696245662276161636298430356930251608820244706967549384755188907176110315807
30464917026174438597982724660484398212817065273977553988356958265467059696686, 55503850448471210104194930321959312709036667789705548468747214245379486080159
36878902377257725687364503882676480720862365507901378178292026957923029085923, 5174831898351779973869782007799596216143717628551535339731825323647853411053
55310875541927905568127771230466250830699192748732168236919047870554725684643, 27984104710062817391702641331569144707770729010630673323952990668286168816591
32880813456124003888018757278752284464736088127327933031001426971727041996997, 6942172426671317220604173919472422330159010258877779768645043835280740012043
50827189429498396943913557371460211564516953249699293763999237889357160927805, 43370623535625707050382954697472951831577730939954064778386838467978003584404
53100852564788643841439468984900434522964055654180915446499518437878628149178, 33727468421692110716140217542385431355016844870831833526004488139892179970313
46424316119579580475273610459740748806479597842210162613537808949017581402939, 18763591831295950848113813487140479343652976507525925260931265690023104502932
4786685952283085593057626040787837414847078113948859695197073031589203734135, 43529680560122559712389554260186737133605218582228412685224375167047435675061
46778353685464872940895731563554623286483732326948465622683302747018344447065, 67671167542834010649811104121339026272211269908075418956595503535901385951302
19006358791710871129147089876497622533773828034251703560097208909578130002903, 40045185139529499801592229582785663175583703512347924734459189725785646107160
45141279400672031045447901261713458732975855052569765934186384487999291619721, 76270716483715200381756405561892507133393688704630851360207909521247158379954
73121084250856049820651065521200748858643678098472612987708331554779138218349, 34823453928943598319853315162621606604387837915667779501605564738200045427203
12260465988445743026318589697492829733053623193486423754566362591232388771644, 71219559139003768980154636891402847878094954010003754884860020574999828694881
43786386532081293913318310616705762255242848040809614063009933167402924609859, 69485634912653762272439296822016044181560800095671450893513070880448844326874
30017083508394369192800322149105180722627019142248687792735119250542337000877, 33726394916854361841693330626888543961246767663582443306705592779256259583328
50273128995396027939676707767371008443642292527757420672297249240614797454947, 41050135567593932874951808415337077084081389892389331969897117062329444795633
49088106331036880402852586566939933013333692784810107093442808893868590843985, 6715238641866147643790219614895888444417256579791151485395740329250955288707
73474968757820425232459566712865644643826377321316979401607247157648756941033, 49905416464816903577968868553407637105098404649091854237096651447927254904116
47697433378481132416955882551084434665716855793921971520625907238226261403041, 66613811869848890928573952981705479573286333318334685944486867452589839083687
53928603742612875889000282960379011885356288590973985416797764071496966275466, 46225486081432368577438180684349726075504023165269610390398952922785302172183
10788752635801447346681890313876155767534745930910732600890912127921578814969, 28206462554435099364716211184672187836919896719353143442998362826428837689699
60233919980002271143806402459135451869443228755934518391906647474377360652210, 3244083419355589742031322011022828107119068351572633446547851326893633467911
12358585097862731793159818830452802972201250393108861248622754464319777023063, 9294478088003912751486173027937965272741441905898287051417869565656376279386
43758873585486567164087018258003761705907005201845758273394305966260586104996, 46084542676133609432731498191672036284760645800519662489282952520227360420192
18387972430558747792696960033498941350373901618800857308405161582398883561000, 30814491414139151152513801034872175331855059154942413265295845553458630268058
25138591669320627730169589759478564895539216101560166898272798910590259153431, 42704595232898001507093756417736135063297289285091392085160257206065498774360
52082600430862224321247816762753177635291334992867822289953190606081964985947, 40340830303374542790563228382581836370251152309948053281636546479585380513574
50731501809412938735570069816652949819510036385597158775916943133930149289695, 44065815378183386213276394340401042152592648409384349541542311396814261465068
23578754617646107129964700136266976326158382987798994332949399524573675468969, 69174789900948471677964086237184308007298679338124463133558648953599152526240
14895312806478370783601564680895471007789237872217866758637025853087328019553, 63186224487801531353656791312992099648013874590876489075159303266018640541019
31741090011802216997139186216734225873964438027553574831114698866229463451902, 42823660715625973107152463987371592678877826226099618648375470462967945549265
13816572662067269046204517336275834790222461308447689481159813520809863960229, 17023017610439984056394996771098074742433922205225064792904988914082244294165
62034997354698021079420309052565858787113689022232578683816917827400992323418, 51534257340426220407394843082075680509963377155805047381608256219287105429724
67298932825554075395925350700880212219409762658400492181556000387008976371246, 14491271446705915470013230117404942083826480061778982786600432343674941772964
19430167448655240865263052245611378678112010287209089386635271033708064656745, 54843324828446715597796621143591358898204675038011190956970565780718129024047
61334901777887441298718859814988405545391055088333002759370066330643462956068, 58574121589318071897346471249614220540697118189947437991576012645872074317127
41935863277605810601889206528095160205447736642992974655719027761535082847286, 7925351455838257386266823003567485747407006812698391951895412169585312534634
37671689463508497597163730296379535138866776844564432491039426864504335596648, 67655782885864246857824048480785053131006572621359096935046901504330095617470
6349378479920646366362292962380547561219262723996757713951440811264127961749, 38633093642132089960133811612646411487927821060969733679850830263496924439487
48205108469878957665388703102327046763918067588554985035794233725263992562774, 73514481575035627890143538262771755277332354466435788804091493152895073260956
61956230159487367517140897727528233074925472078678170911257504439135026032852, 31589184773224711448811455070528947329610127262029677237592093804789249328551
487068752858811891344663309543181571734539419248121084147711209024340193290, 64567590238899742087719078753883637989527854180117041391557116127028998567830
3649244779266365320603600496085300198958988025668240960759200916423903446374, 15630642657642721111336940832227714052076142922817927455553702796949848011306
58219905181926805527836309411587538637668269291735859956821886302565435661405, 36053551771888867332594173878104491033755501315374318090253773946585556735333
24530083581608598256141569516566462390619070378449187147722667069978597626784, 22032929568570488594044224591222689003842476506440106393892418512495004632865
73372417152628004211088127298051358881307096951709628715757422338587214068171, 53543138267719577191289368742851533004758770785777566213147604109293414571733
35089182083159862674874306937693775314873648454894980633640824939845724423190, 46358867920163348012204391861611723379709291914789402592733383415067048650043
27563979222875261940319497290117508149007154748853258486539442776131083335374, 17967618956968066376339291539062326428350085417904782884676425238254446669896
7126078736532822043188469798439667384237370501500372873954001311029480003991, 32578726106430240220416677941754865231393824696365044823182628549667668291197
14237174362487311267129838184502062119654202091465415403269410376885255045481, 21306439192869625036279879488847214347596277870136676958235443377908989908967
57769824038129419670649458534957902779410776214185170288812930360126276283707, 25184055769847699270156096864719043625242834816795617193692946404267360440313
65709994137673623934833658919638745806798885736928820992864266133416063608788, 5863136856976785660563699468183542484266240387229378543640635690191506035240
53281619337671804213817832792452167654707216449906458173852442147017762445284, 22666079329441539746319683107823625958503254318073081809207852210117170696969
55708325392680364565610707059787293380149029425497505455985784092216932435732, 18931426678171681504087201813927625780199998270538206810982535769783453337729
18130680129406284180620982697075905929138677765616665276951842145394725669906, 36955886672957364766145883148619662337790231673532950415976966359813639810383
56466959013320331688430120427393897983946599670602436031273272646844921101594, 31716982055564439800784522498014696614467102043754076413845072964406087483569
12176383313332623350826106725390270420227625272499887320026567628002835434623, 4083311501102296933021335797389701979156086414081904140719617891727759573699
23795741786387360516114045667807017670874970029594927863664904271014686062137, 53594051224227091795088477710870175683166192705617031677782575191328319530127
20920364402870041784553811466640499686209367180276979884215291839453120283990, 53657350804422204195028395523893711409358620979404776275319568794751532742411
19859463891173748238136392085141088397515552798709646184180757522419130446655, 43078158943441643449939337091562484034614328502055871934385540408020993491513
16302987393247098581325144240339704325318878277706834192775497055376417042596, 36896783058420154670279073043756960056453651205544060769445615634542813592357
71415976643803984446910067385800029564649138158117302562604159360381035081199, 43064199129029579248804350826398711094243952272552802921560806026226566054177
68550375635396635673473171120075731345298024344246712237726664498290253692100, 47792301085686763876449177077722380637968432726632499923081900320270899353121
27503293486538210958052098891822496291019869818626120503437550335883315120421, 59439460196069439446935119981458266100627625150132155661070542737252558233132
48687974781194686340818031221600181669892515278944898168646027029177157694427, 49504116461913315154522187999162706436573022848085408505867024101743179324148
74808404327392829087302262992054944934253466104067773724115198317257547317286, 71229772174525383730770638633111158304517884459806739638495863519538659114363
48013971131336792880175146995934058759579335874641570334231731960060384005987, 5501946896450175600721914960319336311926106771679732642765376877493700843649
20588150908595247033481534677762524658101602686662562973331920928490205642054, 14604269850867550308279824753433555673264509661263584753649880125922273230630
26496689537737323875802059386599525370416198369972695919145724443690543941073, 16521554651295784216932709960199944049949039535649314429985984631896399049802
18283199966252242270343633030680880843717948998825724644915620895194568766187, 33929280284656673956114595193332393486098320273830383399309894235934626700456
32877019032305941836208845897154030300001019162360893594250389788582543928021, 55650446918446381487563762016109549552846731818790240663440220845582955284450
55247053414606337997808856749656236026065155104913445954086330370121749501407, 21732287267532480647345745527227600594616966318345187728887534181047667991719
66248180782857852537410746539226389646969149130513447441475243630271059489064, 54713821759846514950180472331625055064163352139642968509478605236219263317015
54486951519564812199010277787500607149241027676025253081818412538441646969361, 75680897116706861628649124260957148976827377077812285139826571610368986072203
56964945813126877038820915729191916461920112369354524360155353452402751160315, 9562810078351192948611676298947328640399441507065945594333919174174653445455
11456245136637828786786085081095408657950473855551999061363891371567260269432, 4636422115390087782609463046381960252325799036996706313383022286139498630374
48288242065527880540380814678799503291077301430981760113363605365458885304909, 27356397350941258745015254062895764167199146342278788630298757026060047996912
19792112418770248016689609605347597156983227456913794167859005081242163586442, 38924608102644142332693098437676072327702131246829103035613758903081300902056
32362359386473653322067456080633187335353899121401893345111195422402725642202, 4385312777607295084692079414630507432914022691969018702459003142414189449505
3586731953748271112285660781239239161224416345298771976783703631529586280814, 29228829586325881404273094769429959623833770344925421111929801588897573919550
16211823195925460139861276596925892427790616809853480035725053202471332078698, 60090344257994625652347616158194154466501710584349019731670006928265395906292
49973377608951934221631598894452887828890326079941525674063660389922449492177, 11821636650936703525515543661669911728816771081396788055302214330040276326860
21165081672995064109465091126461623035230332031096394869049621128822618144477, 31042343316090568800588950714139161888545510814014536008795971132224041020727
10448024414615512392925370461016048586973194890161302189399642791211423982833, 72058224282609591540760496604385986308560211530221918044501872962489546556661
9413261507332568937358474293030372774253826976581248373692564384975950797878, 44577163918499012212228604269964945408079769098332802845608423774768366790930
753015842032777770902314435041701316309538457689882126288351317725463073105, 33404124346948121835922281063990191897742879373836546404904660064835542846792
59403237048146065192418426872690811219034439909449389669555043319605471557229, 57534693276849965042393410809324984102919062836081214565682718910647155240528
40975027010888860978424608122321680023468898063533611249474877752032629826856, 27064480649693254329180974982842963460265949562426322426802050798015292604515
72115220927038441923218654741368278493628006466244830571629295116653551706810, 27717273792157980800658596065477535993012172717464782275542393173583339111708
26814530271245583380948989800879182868305633232534196283383689882454138649949, 35005213069083443992675918184729510921708515044660684491106035035045337508127
3089412181415555772586354646108266527561869827420102503672800238254660700930, 8229013515255577933916802489416315025342417301082516104874748111563205236091
12278213328322988960254710714589215855786652411391518578956403270427077798043, 64589468398665253988487687222471732761237773391003686405929172115045304855110
942886258550632938458970500986604457000968364925031630418700378275541694509, 69135331930609163735687645216769668808513432406371579683989799887514693839631
68632836770182056685422501679923956835059481572513452584772131759434592690081, 71082270435903868298012802934541294445832395837899743258565168529675558555711
47152900966896011126959381826475677398129668706694567370210224496611693804648, 57567029061631929089287497624326729648522031426388418565499981089306301026871
59189060908789283004929986611986703902618628527779817912779559332447288805002, 29179879587857447032302573601681886341403487077962274008584357632465036011254
66650238808369838587741433083999372809331220658065363240341068689874071022719, 9899450356742973059668786846031460222453210438555931280900944554143538502285
36632182663402050374634474349060870814486707886209406813761663873697236250112, 63277836833913168773304356577519593781663732195800811864573847470713955525416
13005736398746287400868598349759232493077356391636562256641882039246419573651, 1539194128517875416638386271261194712687690295561613736784837165827394274722
15849672472206163739472183604101659309097225281791717614779615481973684322953, 47346498590275128526500419990013444395281129249226264050921732055771504757790
32373108398051115484289729059976843394994920919782529256644953823721241538731, 18822144957298021295002683630671652278541329383906152453868436875038114185859
15728262998706537256058569491605055365338719879751627597679233013884329686930, 34675025746181861760422611109069977969058752252312928376268486449040244322711
44437320242975646791973872817425267112312981253301045884937203662032458513121, 20758659911330072558907112075938934463526372683426063877604434751228067254221
51448682496771910268952733201609604168288007259530865019595607176976297302587, 26681930901786245638908841620779414532664500879120590220731892524063374281323
65787275386734459519536779239809866903932929433234065322403359736800098489648, 15980984738314481640681882687346023063884768035717739593577464754278278175228
60241976452970671142653062537873325295197682797619368016515558824966848932775, 5649842869409403318779530153130415349524557582241717083833337429508376331089
11620077422624428764589983235240334121491739852992981677378600059740895887181, 64987344658225626670726366797394887654326338124846212052449571536625710131199
51925398712275388489881897896437923719735768692385775362667315564049820397204, 26181063737999632664729593314086272067172122798189540344039550919336395535865
68331653907967180495742981569597816289310612120390897711715837981854584830393, 39441581482385132137169718267789714072335829283455797385682941884264461280764
57752260175151027180168181595256533545193251459948198054869335961787076572946, 28399404261795226407495404603496681556455479249556751395472003669828365220459
25593256434766600173428768477022237617683535763775262760076976176122639959157, 71921776457624587162183666258620589923849553423797233263819229757452107207469
10227834924934873716481534175481470213381359296241768099951638200824941718495, 67154022164225229320712408652909965190001388168637647068434733129703419547669
6888995284910602303381144343287111920610661257228152915503002506837609191504, 1726119887730548862125377130644900691975490156092826060988579161648670474826
55614286179707512719414658737500262781643851097018433069713508379524720399232, 22148974000898749243647488527886649024057449578059819264543819517744810522453
22666651810507241317268944610062152976333148315262349799759330983784342837772, 47909204124297472550712834334929224813383831761330732090216418823270175919273
47926246553196993399122825714990750876332957902572800829684368659284487274625, 62701880695260713223524238103571873391306197910344645729108607811267668284269
70361765765320791735787986085224417240460202021338395937015187226428756670578, 75398556752228638081426199673939133352384797989650121223352257957505528439935
15614692316057265461492041512636502923585022034249430025320057275151269175206, 37770387829039564316482089848307748140932282950257268705466750364617760163158
73824521170034950498545297215769264002698388108577748738586792510355349077357, 59868680839132856913225146233444661015387865741757986815870346434009591556833
16738219663193464544961879034193719844598393873428479476077017813835997318320, 47347511792599452499836155250269844388930413724285176751340622243394329830851
33858415131951595362736282981348759700368698998589470791102306389076216644368, 26592048308674174265312329218191566608544531184220503053375013147552733044354
32914154772965765032284117073017858087565294159126538636452019257325804580009, 69246888677846198410008859289325893056861288146670356694541806238815466458103
34785171256948642223113997657194431884300204908591420628279114956563934734568, 26443756476007879615946447699987463785213974539340023114441901805347961303790
19614897206975368608302403966132085286147551336257566612232628960700593361331, 70870921801599936018641813027223338802772071054372733201731278303612744400425
17123317404987404611981331922683324836016587836722189766732558592320500749827, 315342511871136041386306434536486683612280177938702450358524740535553528411
52317828901659412952613510426511030205447448389150960607626653437308442296389, 16915701505399997900205115426417336022330263068909855647844495653985396291564
8438292085003295319173616026968209531445261286459395620757237940830185209394, 19873018498540175040110511104454225814912759664493938424438259275100329088409
19164750638582123213491795964157012014716599340817167996004356351110476311996, 48370930911577257949561453912389335605812531770936497720847372486320583793811
49100951845467883858608099267214499036504516723481347347557798426601942657191, 29535083274651775438130957108872876883762565768526161142045872614503195424571
33994241255743019743546648137669681054962770166196184387070203219828385449696, 3244715511127715922198807181182781192496409021594981354478879075215756623521
36740666340071907049789575422528078255083268495249387486285926241870342352721, 28764828474774941567773437233570080477254369421753393712291241579936388732171
9073703295122218849057160191441895598257371162993937347151699257080999576781, 30661704982947467031628055238794764928800328718514434444820703239533513104858
8911734105950222073293328916687020389954132751951286431110984435886629220813, 58316030291388436665883452932993851037114715657152551147359335767504626038325
53422557921055750296684038772177621210959319217733760514181744732396730356827, 69943863687822026504006769263466295812521878656653744226647606192652492518799
1135177260124176580536694839036589330486479562527035187297716169104004524554, 61805486552261764562723975483260258184326029610517746294977323240982368546586
47595882184971393610896274323225978311954163086220918576658500139409596104514, 35647305169900310216443305163125628145661810570310408324209531568703233848059
72403208924300943615139958167326214612935860323163512807244258281630434214115, 28028087460429504308781894082659610412027730992330775030966300546073971016872
65458330385586152029139049364732844012700719525370546251792223555691145307392, 37458311015901112690523301096833674437034209237870363700413528589578471815257
66283102877520966014784268987677296799657674758217732158417019502125014651293, 6500196095238483577383744089099432587085461092221800930241473751740363222514
30802865217691577739414923468289660832385331958324752836849119794597847682826, 60748184615706158764509039478427714910637881988256259710874766125719163103192
51176623104446728304466189018417404057202284132491593090221556333855711881947, 96536594694977979903190513666165213408569924615675585915258681218224308719
7390987312833702183689789555889422553209321623325330865017298768019620029130, 5548038151916023514185977032042419776639547690538461558742413986701440199066
62967621885639071709511666719961512307918878462520336843263793124789461453222, 52440921174165807597771547305606697758392718648791777655140982629811025901214
68207066039446112116813057802511273551494958223120021112523719157984855886696, 55737971536920830307599403663154445422380146747974565105595369930033019569567
43568419452905555297774240309640749934791043685530234528970194429597862831, 45902503647154802777548530200356940350607440677546752081467232432930005133067
43675849534806537533258561410507871537111269734977387469340630404718443905782, 58569582355938999711651737708743137315011275744859470158361486070366888465026
61495693206047286223705706112168354771882513187833665632431150121493088656519, 68872815623033538041712252148012098914830102248512702987423020477670187339828
40854814423730310926869634324895645357662736912487984609983653016097546096309, 6975890955550028060816630124226908606566024042738882388667333909621092445929
60624280287363753694338100061970951769364961826142744865352871039041892100708, 65523439021249056962801105613447877204157799151996375602286176104098022848824
52354251062917038886082829833022993457001176173821612713233358102185283524528, 4729270151166755340500367846002454350032729358870483385101806889822712048938
72090597382021668102586493098046552858922813737720856115155741269878617457464, 73837523714191941876459867223471043428286382926534140083359073477170648208822
53779072571597913253330816227212003341291039939860733648727871556044312691418, 62031084353114729436376414791980272404834435058370008754116337648949329292151
55076342054587129396275706525832605168989095708100826833288242742210222935010, 44066572224439587132982303457323169622697025737021601981550952963268703033205
6952513774182183944756153660004067188723117980551790169946141272822606750511, 74467893470306892363177340710655846813094079808435082031448171526123781572840
29096378270507582900514373573408068667755667072712279774886042610967410297899, 54691240134514520715432563767633360476432917597143767854297872240778638143638
47086512551522606937144957509431398085075114270008028571409714492510012558399, 48376084809637477734176573788203352720125646872646033193353771627606309602464
47937753367735934473445135304358407371139443385607562255807545458370394291304, 2334179254716432583886090632466535252217443919192479347996592273528547250319
60137266807167605104522434548369193531812212569366154888936063254151312536533, 72435962396996833184145442192414027779482550442873014847375963206749871668345
8942132300385084740402805048923901051719098119992605835054427640269041521809, 72867673153259140402466078139440623926248180694793178266958782875492276458129
65343081928170332748909782192720761099455423317068929626937313086331131459836, 54441228385387089437937948781079497737222188735571794522068755396578886797490
21808083123153690429537847690511547930727683822606442146973773851586707430246, 31250886756796663154012379285951302780940388849702783726163328390851919415848
59248467550627115394445500982525820684777841804817569052763962844013234868423, 32302886787607214753979819467330467229919182232936878331697688441264072523190
22143093566549137336317185845040296477262228129830750573008186862803232612465, 46588517035998584361773213028560373096742292841772646048476163682036660118116
47579577372326555158713136928831856990339279873363921077491969629318258521411, 41095193293686850478887598253643468146393986236506457697194479128515064368071
62003973860045955314913767176521391340206836727174569171977012696846817199775, 72144999962416629692860628738924470507137236353969807408472314867564343928304
18908421321241314844942008010559536888879143907385290047539493434135588541592, 4849442743141996926570440015024447380233430416591466939890080563557171243597
63284048344869596012253587343270061134266876584454472984337063839756553497121, 53823937489122921498136193602777122115213860031248729969030942644573916330249
61867425441889158326604537861858465206737879130064445379074271017645144282244, 7055647600603478990150270094618875212919167066579939003625048052147308315295
69079354538739827938434490907917835708208103595030302676844103239156671247726, 40828079521122968105978932246650679907431879986861152167565061691256282524788
34989143459339049390246612116893707843957099863131449171235053538571755463276, 37886449637586448306076722643979567327275072522857753874616910201439897797905
52991680212829056493047201907996013635163004090548948683622030650150003059594, 19556149799005533193604607975450915413322847120449105481748257058012337828248
62534179920478596150697544206918470835199719221862466654435960082277378895275, 24267430858118269142960395711554795419171580000113536643774932923807224956317
22660010651550096718753246105471600615062740802276364181452912730888304659848, 21447813509402162559483237017115339321237250041869647464763106790522574389803
67937000759748513254321137489483859703975462417267502317605049831281426985980, 5938050861883101908156419048103450253595671248647543565704498544986331058893
18830724110941930733529988209886806879043198012999858640848157688755489409078, 67919013326722820387711710218796780357832196943393176923869818284868227476266
27721026171517463170076178300478355807223082976283019917992668743809184435456, 40115882032277615514978064006552012487665749896358037442946875136641457619792
26229468699035518512903020993063928141056862098726349368427492834631928241883, 27463350644705916208975123410125105423502804735632453558833367158484954279259
41344750693888051311117476065158550650887560007554425740402339446283452492571, 63158771983101867847415044558722562112201156040077229843015876128520974957685
74611766555051786620839918532001236115431678966190730553212439806306278728417, 49633926092909172131723900368428226550436856717219541891108097913527461821201
3571362551860607065927627803470364449614029917767952561265584644665070280033, 25735237073005746089949010500135920412067364982579194489297372474235264377213
49587682350062367584178299448237248984244415414743527294238727152504257415595, 56200884306851586364545162838651316143376070717107733722795961492969673984495
14212661076235676554753198619217170813757945699510291089032186729314260995304, 15835971754128035632243276964511102171675439971327971428294740814274738283234
37125114634253630810111277103784014152619034008725566746973091057321269603755, 44707767866736379302036525788459271049758096849161066816543871159537444147404
6538396374877374302132743196865590579190187182860436711736207365323055642307, 567264922746335702448395981203604486820427758101735132236312705558637144054
28289297759499296013934624716233537989421092588840115156619316888143646463338, 26638587671765352922780281919481736491319106119654832295960906358609851905309
6407379574650640074749138137379777383032838978134581882017041610730869731908, 59357277803153321415699525311309428964085919166704298855430741668773917878636
32370489399276926781347731042562451724722775518596417686925071069425630925068, 31708878557913542136063953277540910138496588015194125529491748470616970981806
14247888643362184757475912784775307645008571761274658097545162930068390904865, 44633696022087964931247944890784876315294588578081921388146471372172376515437
65280929328951945612145462512900832298624615310530156444520336583339048231565, 1589414383521128891523291694579777236964094897336183753894425174776005202292
2861964596977353913323522646082375318686594780652615067196358394297125146762, 22433303885955818429579782121323118843830211127176376083150284465198424026854
70851325364315559179969143511040113957545141528340874206339917647154906698291, 6220790000497353603863291508400623526878435677863706196094150382274488298347
20691468115912656262399146748955808986115736195411813226572918770801968056808, 64796755219257609427051180191805025342875211278992148935583412672596586332763
50728195158268905811739534537009875931477688087911606913632108965608919210840, 37963949607715833462703337255318027333613666252806193053932322884647695721261
14898442244126685212965644837337124105867402682762042652630246989816322078922, 64691602217947415499137090259070444550580646490152863312431362808311715693323
15066463472089034346893885952688421137248504740914525604823572488852736863879, 72085717540163867951603399953618892858999319547912742232325447707005988299909
71972437789231391515779228556705282265322321891742596026280539351344767174023, 74664653632486970443689551674712414264085276357684896057862558564937971093265
20279396055428426709046300987299132787567098465740205643123808247215992062645, 30608204676885570567230805236184512538076316114233323658238680616086779659288
64668610661698532377295348921723711807855996429912594525075871309323794126783, 75366670345467399950557395472833028346271748537965281466854845578034117570728
23031693896185467208232214502212409198153215625438712360994350873046409704717, 17963474180652889957229169238870161568054711402319057793453364703573878189771
44645465810902998534117055566916349168924403037118994977643915739968064148773, 46656385158607734337443025862637961067643358133060264723883982690021380184287
72739053402040120331931694214112285927870288687025447430860664787769698528699, 60635666444282281006441274950975444027292125677060619330408203816541489897060
68042219401865572980225718436450034247297806197091751577887044999072474283767, 60614363902592238033799347097663231067109588760544790999711446225333815252908
48402212444912372502127737155306223920822919768161557460535261592838245483730, 55297968831866165587748494818041827091041068052520615523703940399772181125446
61488516696655307035834040529632468297807413100803263042157127951787695263159, 75296568422039267151994732344628223128017298867477597889281343204362064889949
29733526320564157816242725605114533860180092584701222721377558602452689960096, 4196651869593114188026967182236193102129000746582541459739646485769842067184
48638112473567790377444837588120365536083596491878884870843691282657132619694, 72223622593163454060982894554842676935164034025625099721100232141312904815812
75315919083225951801626703069545751399850820980118090738666371136935332609974, 60359218524520525562243627566781580322953692704488607896346846438769989834116
45235311809389964799858025958524210538932565721213746317044396328962708695286, 4799104788389493958829034727889834209336636484381237299809671320223948040451
17961089228077006768605822594093995279109477592978649986147843829869682175544, 38961031928989329363379771186366784640276485586019598481679095093813999131983
16959235681809678749986791707072056528011354394168489499111118532160053842832, 61308470206098218490316832240496364232912947011322950664612113317473560534174
23299252955118674100277397057715816642309573833272359122989808963333987695622, 8650189190912768218591714601064088019420091143118132268681475343479693945281
44742169609690998013307677030530085920569030967705595701099019666839108268360, 16877772499030177569240228949929608027172209170596393092667024815004342739130
56872767586462130569283987919594622814925154459028564404258324409830889397291, 27341247352018170208065020050862552216813911534225349282774508608634565416570
25444070210928062515987386195109589717161529444632432582458272831771098074050, 6654036513488911429285872547376791994258802615396249638262237570497805588180
28310268798974799904956383253040112170872882550944820273814206661170793822138, 64760775426560954071224797933375776824823670367439415666355870197059862216009
21810863698868058487889698217382750839312309123678948257957546535051125616172, 57736671506007468799696625425196653274597504381959028476169280486037386329796
18531992946012495815926027302545655028223000958200844176701837727109934477744, 30677029223934908431513302512222691534894224022244972289222652139014745768530
49695391537437994236687220038647018226427883473137356047327217409152841269877, 9886138642324302720155069502291584509625409118293600332035765799987730083891
5466330537879823235541321568003348394978562511565572014634190974488585300495, 23158103115023725145506410144981738890784969971336746251238436261005993070197
18801001732722457945076744869467087622717060014381948374391977299209372997041, 26124566394114282940453746226434812051550256625453856889751246899590870846103
