Elliptic Curve: brainpoolP256r1
Field Prime: 76884956397045344220809746629001649093037950200943055203735601445031516197751
Base Point: (63243729749562333355292243550312970334778175571054726587095381623627144114786, 38218615093753523893122277964030810387585405539772602581557831887485717997975)
Polynomial Degree: 9
Polynomial Coefficients: [49, 41, 54, 42, 26, 23, 33, 60, 44, 63]
Public Key: (18198601572548470711821568150256698082243699470927865404871319524283397439138, 1938924287786873459979852262534442277995676810988753370881710994774836119386)
25228355809696683862642303600302632567386266062962102188608422639862974733108, 23296390502435670255997474428013417527639874537976175810692949508081262203955
7884214652337680694719995144562255598643529144495950006414671300428705444501, 29011023410960246349549921696976601606439143381964931201072559389182722309100
30742282795069148232557052112574215568645188166229935863309198440685982005505, 59734677071544351711513043046889863713654001672729857477870199885682469223518
29895753897485668852545950590530197612707369326767599519133362921584824336824, 39470351511218979422893425413364970877124843306039842701001708445002764047507
709008156780725389424149688613137138755577332296991283956691278145147150276, 29773869786440533404821260473027791126958673851586466414180292623923748598584
7516858411148090663271674824139615946820214878968473810720480612534934686910, 4611667443094633255208957813508950217432763970366859153171246780207383285839
41898701802256792760919916237569070155362877338273160360319837118552680897668, 65838501544942354407156789206357562877098480342467010417046876979240794343575
9131107930765106215343676990588011195618806323533886729328892912143501220604, 55060311987235948920321296907285143955083019640139208998334854157002378261255
58040563578401882040513606295869316726558214487418757359595992036427155581017, 70754946673260276262209183450988823068934422401695893496119755322558328705863
22788085808382229417329505103568019387597612444143511127614534078217942714004, 18070688026611088587012383011283834569767529949337184149083082954590685891554
47580183388815880273578797942128475590464285561157198739781974549144760409090, 22906199407727272076711288303609009735751049111443641759613450635529023928027
127021959386172715089519204220470144309450355963317159534043243371881561599, 12287822724078015878022067285014628711483669897508505387198357091718082677835
9685996998912659865577720985005158049300158815961150174694404295263874191297, 548376410704143186564013104365508035466540602353211117157993978766973964598
64036139068579654278772929197177511796663667335563198953192501973026205406011, 57185613963883596366509713656268485587932461492303120484059274816939662200182
52728605880791610347434420210542270307173991410144360227457812174733968000727, 5515358343602528335725228668153952059546398606433726796764465072467894908271
32979149192045016750614045953851856208291923164743670317814266084369477838636, 11454080467841364410314360920682058714307938374867778213272060021036574731452
37329826169840522894721277532727787275714785549087788901591402828134592596412, 64464709087461357599364843792494946475562505056009707105121700458478817345455
60518722795639551016851271855019917310703417981205340093761235405705763054861, 23549646028532950695703250248907316809717736389478079952633618870053272529107
26227233303605365871928237003571280277256826075129282508656939540012631942178, 4205909551792755010189021349792970991074357932801387434045642284934852034447
26918278520883297979983232894051845575469325660675362044998589010822199384517, 3099102586731055441515408470001868464264691536019003551895034980921129807424
15843026077576144754596396525193762510000667582981930314120942248874991661196, 9639170830123671498804342966506433788502403956801436909886250583339258379462
55555254099046081606464391864400510352798209377769019994603544037003487973728, 8462883111218492534871400104208675780429910794165511984236895463021346656271
56488500106439602335184552649858395570900360017353509278233258730891546597566, 14643611015071577914009890018191882284294672346320464988464718473659925459941
12276399667748428476719927930700910321828342128356386595682106926392665043564, 10283359199149974630491522542198131629828283467023031983487946655162443129596
35738843280982660226519851890412901720095358345548329697507470795402746107699, 48766061923374274341979546707653910809190526654275118164400402935987249777219
16703465694636361575090938564396530388842619863318094179492957493996276392620, 1067426479762666702058741044877801753992531316178844170953848238395801032557
1799731954679487313641753932818275306242861764568035539659118392602448664406, 56653532641435723013327036348254677945569590523833308189130914848812263477278
36323852747463647359199069892132479439014637317087443299444255805305803282314, 5104511839162356280287430304311129687275525671700204273317789057609996104366
55071356319548810768501125820997910932735131649646730160149588939355391478435, 75200128563985977025119826651168355816508359778981280964136816918087221902528
70193548918307654097098029277990630990706837563090192377996680960578297250391, 70003624299110277095157804429829847323341534547465865087724978009010247111190
76188457148232655222809777930681823008106033366394241425929876999235457221707, 7778160521440529114961155354005488257964243241564335424530469824015115816790
32403153203158427946684493241793471187206356219739392905122153543380253963979, 36849993220050864806942825708018071349141570110064336724307105013717970317366
30909743120035164338339211737775076631279507503123615788203669906642508602367, 6646391448430461958315221425729411340020853171931543410662340927558137452408
18861463863714055533449600591882907441762780068364912288340185469051362167650, 9788616160553449426522326927702025332865126776507542699349131512804135665728
51140335287722707730850651679681369695800872893184108217921755480335236884032, 1149436303309882490908944532980962977939705389640614446550975908454565454142
20271687725356685430393883769326987038828815170340946222638656998256811645223, 43077111062925511140978810607184453285449936818162193129341971430059173744855
20846427920580632565352823738652311134595390407647175393781792342206717623892, 57055755535203015206575214119601731917258661281903718594897907276300845694217
56949271978632434944255811858919684453445386451566412446734788863431078163175, 4424270838013563112411016554679476192146286878175815012612878170865340960792
60721996496232078177484537677504327886209834185733178178701538969763685178260, 53187843549162648728065154568403683353186280162545721950478111284347638172567
11682898110718458198578073090496104511618138436567336873411343730960028361569, 40801787975090228808566325490970483738784416838415191981385312523269900455602
11318883661971436139299262115883113807363982473553992930231123677279392309750, 48973285421466497920312078491432667917248983387945843437717081346432509906955
34022483485650434524851301760179621239548731214071808245555068957373760265229, 40323125934779607230008295901591583878753189878477328466170129005886901528539
23701739003593592478681637506181128794804896972448225057115586401275056798010, 15080006240515392087961540156005844055989713085347348818465787442388255137058
14878119804381198917161982746089775038555245507056544218170520438009556536076, 70097646079725013161453584316341078199980222843110603280104905172850330289972
46261491618463213741963275322784453293785790101109658181918338471962843956839, 69042947881562700886229994727758740538022492606985313457269928253184862326728
9137994233513089636421378932630971743530766929617438217829831937208723029531, 9006914730277168168584453162815908071861798709920235735367680032014383839895
20658025404738813699472360064446330210725203763557396015323555628824882522776, 856202396548033161245188602209962174729213927364084720100820106745642805978
48764029200633705189953941875040174665456884281206274556958460712911093202871, 35829756596657978821259204595407739948534522882266825671968801877222058116920
73241191060561325334566971337650052548477370814039295931924974683152416791018, 60480800481951640404782078140181101107555922292735109313583419776567747056523
67083815546876478915426812174410785826461187273945080831771716548516404955083, 34620776060725815738535258443344816107701035080882191338271934325466859884258
16538469843385102583809571276952319316421684917875895652424122891074518159390, 2614808167655635381642350525022932891177061261454861382804838403749841506703
4629199541888215902874953212938570774836451360756124052950267335284568533409, 68009888621336146143420794921901305092536347219438686613042180366445488169143
45274125733814696779227027375819418122786455555879465593470623746117974944460, 4480332773444701435232113105809569773672200764107600709845988341824451917202
32280958253516843411034408072316385735365879246006307972171525165570411796931, 64365185962742177623250490875359190601383860600735888878945279824895775251157
47313752203492402087278899389436220124696949456199926117450208255384485030693, 61719689992110058390680410094386884776351786215372570508161220584541613687291
73767606006709020783051862263030040211463387110865952611729492676189174756641, 37812341292727417686062108912746338071433427495584441669205639808194791235038
38422755591913100540156560024339544529855935945058976724743752056864873022618, 29733880675986869062561515497234438638875379704487951904185630604590824387937
69862212402111813732645525844131291447767214084068726690297166437580151597831, 14385599153579314745804978467443390231380811713195425780325080308357013960481
37831448164532508636103884156640486576867477350094673757944828168352971547050, 48371636236169693517566793183265892828771387272836048118986113072035832969886
33125260898235399621856007639430252709503552949721667216101912988274842842520, 40766511885865139927739163995567004322369966461006747636799617104042042691406
4520229759991908187684654553993828202968376171083893760254013604687475391356, 74604295695298678088006114730911783821948890964195115537005105299397453911123
43630475498311512360170713724107377853805749634146372911892893715960192155294, 65862443106247254857993957258721998581739704770391164514705068948204793086257
71666593469716941631046540647460465832911106138666471697149062153023014748399, 49667642833587798609789962475812007225711781779479271836580186105144614956490
8888238767685691072769788482496904313066867828340958674717997491771578981289, 43430584257746582720911488560927061166965977490058763494944191085745543910841
57273830345441254874556329677606988692832924101851388783917042757415509786486, 13433860142527561823945961190104223941502199083096577677272450173508910642798
42664773806019567604637650217047693023835826282280070043078042279911976823243, 3570355216087199870076986976317459333588653895565275229260398196878103780424
20510317468922134333565038866971074427018164939726995940954158970917757826795, 9637345252838012419204776982357619617000014475355188460568660819194568028649
52423567885202309061967137960551242548218638122158008544341192722113656051366, 53920667542631636188118271585961812884886751993803339446603106854590445747812
3062667218769524645788735129489696520646750869681167838236424205525194202394, 46918273900715887913686397846971080467952102049631652864783455825678086288688
61779058856980665951357733572765174240473250707975135420037211855519966183131, 70285309366790136568617697319547810870849967647963796219203487467889562128155
68966669769920519403766500027097135710397377560052996810550013121668599172986, 21165760306323466635681925289318971289770003283223303017835078109140542484143
72019548121897091786037894024459244324298362740885576945161370502375554168980, 59655799638770475996654094295040464115841730382042178743025400585382844349340
49743709903500004804854997583055155280964881098619026893162083949730491213885, 22134461906656944692004069126383517224491413167524410623089601822213341305543
12846997649645706691524975569892914221188658620063427760855158265217729737464, 6784921141101161148476740572700674244961779686300057616167654818615593339133
73475185192386345323818437200695200800410799269932969817218797180384764954056, 54800209288142604973973031563793219322419994712403707943070125064277011634276
26570945807375318346525456161215907041100680567351271833731482960014898754946, 43325090626939038096244373190701297808231998188173342501517300139149717625149
63936027753051011121879438721028770632559690818561542647050422444069955016446, 61066043799832934073126418500790690862730534541883239744225430793022514865572
71484314442751581690893680308446277886371043877651108298896938908227402730105, 14624940259100371558957419838543069301187505832714449703950754043984656566298
875902304745043824954964084723042912765094250599467001319578270574525370981, 7021952335806705860725309223735713193735359973073550368643575507639529281238
75170994684242267388820240830812699736164715838505998953075694357969110482857, 57393584207676923009915152263109324617008925959206639783482921691022064303247
15045564457069147862945243525138842330684236687404823982701691665882530499115, 64563670900732456048713683530770504323867630609462766334534340767748275864702
57832742790569108892601948567302427785729899228839710367995883521462969923869, 34937975032982535220765714012649253225855273133816395975023856411838432004458
42109425650803137028607321218764444200209336217647367242293600044278431102848, 16429876634888961561884921959060232878854386684359027578774793070844809875621
17279032780465489188355221633660591345829898280304559665918081239021073439410, 44365606335768023623175510125332687088132193107376168969655402855294469015448
31125974707760095409587556205145808878749129621652700179049465712627859107018, 62814719329796107384504257829079502109750399222482104340138855993905165093995
75490915085316266192590867731998903298636658783457910350369867615100662086452, 22498692197224375056522418882272455922816776433912081336682293081868522956987
30662783639955957583135009606967972909359172943222903168342366694687971346452, 19628984370650304608858056565530662989229316042075647985123229957029605987614
5128853286969107618842508850529837252203773501434127708744509569369943418255, 56869986871492977380023264207448986204258926167859040097030844704809429163706
11791479384953192506258512542361089848792900859072950362127209486599674828337, 72360866250960333877708528672547776313503914507843653005749742969912487348881
1722437188749416738134749714403201696391139566442689857935002142056653146700, 18568436206826691933993343840643627285145513231575081731178650613126139873859
49627546050942917708354385161605333947348824555879105139760350668049914805828, 52492064290725482423649493863161336202776584110017401304960791187894250081954
50138714498238739186113491428793898331022220538019060035076543063623765729902, 30625208508379698198573321185726399304986425980379517295655377970260196120821
59728730593346672084211981278372683145807167664416701723014376570728590069267, 75466879146491817096143090873423623694346527212645074506237977560462145206704
20070076849885870730910073338942847166045361577436651818313918718796688195536, 4736694642306346901920941138195152586478442700960088583760746996735172302237
57504991789841271649827047853536671100551241504271344804493362579537167531848, 14035400207489626312683297270720638426784484704834244228848216883655956932795
36501365737911024976188149433998448673830199699535239169001094961661638598460, 64509964972377404072763716460905109411399196761422202002334948825222489797708
66155864409849446686631550802137286148403359911864583387664708620802184773846, 40060996162233259258080378870694884486550231507071025374932235533421950716764
12214369859541407851278731927653230006184841632124081823566512522934260165970, 10704479331566916656302948698717485706804673500839889747801397971879693671276
23377308110235209547392093053336468477380962074986865721477207556820689359998, 70936796212768333075869008736109132698448209456636396050392266865411496033523
11597464469560821090839898211566316782752086103448598578376561517190058475269, 3418452975558125298137750777660221742981684255607448889726741554889582254160
19536888647944691186036406791241125347086245118989062244805554778027470463886, 11316671170748945815956458313431849821376119880787517347617486950797654317054
32545845592718412457813659062520586589763817300396559762808523140763206615102, 19499958653933635785808294436957262451095218804383483946057036704858273885315
36962967234674569335264760899919908102016674700167662152672718322444120457523, 10328371521187415593231209037480939654027075034881096647816925416607804680359
47812738761987211672985164827311663560305843971262075143897245925271533272556, 7483324642069619709036751417950649012240736131768719832916528035754853978351
9379646806142449621117992111327311643675592940438462346235875812803425239305, 17464117154495281238913947756306214140370118753690368614641359938301051574968
56919442593462030605810647807391649023406701036617706560003026832111195178130, 7956884379828523873737153994534673936964791436860458279855559529815561390991
3529392528886486563809599318846411400124833489195738012662127517784763183338, 63914807130113348183489027978340704267068449133497081615420713100501930335805
20245621511238597909237433279311164002700254994363728789422424690721751731909, 28001495214311586221543946579775772081762160942321274721648378526292730452477
31989221316938786792144332067063971386647829393345495127180004187578846109115, 48222694570647724359682341091064124113665132876588299979626625189926442562650
51909915371839697583700882330018213290649535271793336124706217476792096852303, 40238430112808584954694417821262187991861779790660829016679471976350390210384
10742954564806998462420674156914325204710607086176864111654781044736242508227, 45947850243720170648162226526113015892504477320275479282851091508484965384794
35232672931824053914253957088644991110442030209291647831552994061409459999222, 35003377350143156640501537566094976666345660788311431474484165300109558952229
6424156291884118584129986737673393282446811159964072891009625520373689405059, 7266557632199350642015102695412309624804532399104838547282368858801303720142
54068503415180055791629583021494434495550643848064250017511476940582171726056, 41415486779280880297947654466306081607075796452782529091051345153027447359263
57544850490805628349098089916087595622270395707447628148193261311839093204700, 4063268372546999079518843325600634444953939208371628369422857175281022833124
697923284650709364026821358820940216283951273758739555513211925751876480032, 7427423188242253913431100187177485957292725820779569996021072078651870035171
31931763568163887804620093400005211882978449997598887626350243938447620436237, 559978086590835656489779979891753276952508470079636398452096838615005547086
38875067022977729998022097403768539500957318253997815779793405176605686228959, 61757695865328010978671480350195346635162119751962575018792588123431720250820
75357935103209466974277931650565724311951192042689235681501676100340199038574, 11959500741340129349351595295580634932285882757145553310392232796276400813792
12177008570669492589951314879789249381073295358701317603355985272161563590440, 31839754061207108797344899804902248612848542046483999452145742352769964162150
52090290650496510095444468926388363416521082663396505677245830525075697074040, 63028947526485385289300796527328795231572548082994764483009602900662361492338
5010117433364718998943257530483958118131523222918009485835349138910388279558, 29814504757792560391574250005897288870256152087475474320998865203614095798174
64415726711351600528934259842876091574788557569419352685738119325240418689, 46192364623609438543903451146903663412335920310075386467107620772738259654125
69751933769302317099312659874027639481076164234073153891995937145107068113654, 60787624391105862232657122286837379908888729741499407391364400816548799515470
54951954134489498726291200774026139000664538953855685079359169980098458767100, 26258153591482775183126760234502201215823272575188739247042310517677132993092
30363561442545527699285965082119056047221457247430641860944040453803485531553, 33168563777632000138885680458681622057128121623584019576303775601684176326207
74988752965667071929014670792399253358105640298778774303893163850166260520626, 32510933447296129900209400672623336164049133326845771580557044266604872981073
54553481751847153887419259755690125803538790756245113083776378888993762459159, 70740830351450459772799723084781458866245321780100190420991345515331622621225
7196597073989460654961509861391869326979459821465189362006024675676366477343, 2344245814891633583014905902507175119501311734592456932092133313279568716445
69035290892101745119135812474341825416333474670661762444728710452128998707704, 52582476011310032294112482010807299558418237315618999667312905073821134648394
48121008102222189560100554145682266027689508490602108884507737019778657785931, 15413389464424902285110863847308004948724927379861669018263054276592459739117
3769936263387880207535590652630089575954976099568071219027348704809036192642, 2031200557438351615112699302952869549559728542376904343402616030942620666725
64129541389001596938553281401165157354591799752517949734830917715917138924381, 54978512262526437696613611533821684552138956092962773690556793306718184720079
38071085654278206065565907387625075557103916140403205294886866769183054569688, 2849855427787322521539256862420850692065607221876359026434928229226532921638
1593814920900628420267209098845591349319650850898751130924741929671071019464, 60321035268832599228194745857529938243677298353234151811196746349717622035668
2723362927562777602319396019193984103586007369312200394229647476056085403213, 31897879506818347059944160044853147403316363141644049658109009715349633846732
38882242192315475992124253499066226406823137418184745266435062028612693536605, 33071037975023849768294311736556307171874986468035520026414029866673157208644
54822088603744154160670196101709255071289008779584409336835578611315742662133, 15049375908705171126537670029910945453367068580322999108910460705067050113785
28445912494379449436069299189109064359807271239806877069198164416870450327854, 8913707536129166938514508824622228441241422429843312195632435731887470526070
40757276973547943370245175211937034447039161709459490321552619091420101991353, 29154278953730771772806666878901157854835338930801551127700771288473213942253
3129229520584620861168811692847545925483103410398627353053334681765581115995, 8977746725729162594519820595256843665400973260533963693005025057144934224766
2998608342701035228259628267617889167147041623043688969394748213719378207368, 34768582578866372349972950717731650465948599498779046207339919582537015406988
47552372309491885271326118794798725427283126690398341879180225877545228563125, 51228068550236525905418924110673511315077975159341604194419315806650485641696
50192900383661223485113408876261784717171845446752958390570757726636876346272, 58120864292988232369922799961314817115559789885611703218730923030855403041757
17431902196595540113647880807572960540993987868281323208510632685295197466018, 44375854437896746840116645938063448266018681046510318774082917328060264344733
14167817902884054741579857982166965684962508108673473111547994376435044567704, 20648836753178669143394409529568897332665789777105330291190652828797002783443
1138075797754094583820609463825163169578802451190838342663104649995552512204, 66970169446372786638881536292362470245590416438237269509288298086563340182406
38156977324378972432325151488582730750641268599312022757650086610823016397947, 49738107031174372757953603703604929307358508888876675647958378724166859386485
6954178213927656655247161891624735386000041763893522745908117974152915148385, 68822007740693873436831957548886033007192370828387135777051646897117251401853
61341472342284698952798485503501653294089528237812011926172043480211135069940, 18979456253463807439778052724514609928340297053746096990635314562100036499517
34162731875571917477582996585334601907151649849234917773415444075922809251013, 28532311964697649226562058165840634767402129968730439938916981700194622462750
30406745205041065329786741190063960880711928753061973094132906383388466994631, 59304880765874054647351519172558028784501306481744475891314334774240731064947
47931645862499562623541169778364867096059215778713268782952125538029065921184, 21566594030923519697302041496535116346396791474465590707003996307227991267794
43590602015824286534198101406787725938295784929623220888958899705274988735600, 2393485558597092234190574275661471770185699276194097374011456054625860184178
28111572865326361804321818015853066266980978582907210507080245660122474025082, 63986021924245794195395287475834508225044802558764292429443747956728779588316
52805036352815319002696992448218400085200258484024201519670359228236493558278, 3563873881248962784879040933802087126817962802855751560201907559496922070944
73413155442788304319512356281377510193029249391985372387308307739007031184618, 68934437273142424343042566092113190815644099948167029845438058675881472541908
25789428913213260113860196742493949273691498639102897092831987530756712293543, 16970778968770020441629577641984020065720127974429654975389472543809367420144
63732897451368375039913901450682171693229837034227285721235157806079337875896, 60469643096456958058044928000814241530567403776742053518352720035212102517367
28441725246381888832590146865153391049004776991326540356485840492940433893271, 32177029832011069875099672399642198747104610572268628925805215246427407402973
38136506317058552150464275480799088521629604011449925008394247719325466992750, 148159815020996590427034967509085723015436587218353346511895246574316974514
68216255909993002467879917086396472713786739392058867666843212152902154323473, 46233598094913074991799297104825634604293518130555541793462153852197645593598
50599479125577861856294265423894884514955103982212547144773526079987525114521, 62676151711330402869906268257346472746216741261395212208085904826995909741623
30100653363305924393766600723467599892309641360028922232919726805999168347209, 63395014137115746260996594885701410810055262960963264537173903253537261373680
26622384365189590828627752856203834665443354956776090423876352366211536788558, 10100779243584943553037804003582328660580635231377811948718278128020368478273
62918805647738535476534065174876883351606774545962851915535186236532021587992, 42815660394278419601303303230168788919398580931569867330053337672466244973587
11361082418849980528299016915926183883994112833464515672137058977347043060311, 68645923071157410161664899144925078224794066065036493615685669464895671852896
66805440271379420323138741053737474395778164578380791790442957920647704774527, 27227347359761417907217397311398387836434958576087105542822463184198224995026
45185695864534089536502172378482971144823163911558357838075363317201526114265, 31326059916201806494739837575342624732129613134687195129168259012787176395342
10166391856507535503521744847959962193567646224033977758702195946977493502705, 11104437988810806143264298776316377283200689683262710423278181361409433560407
20397356699097163321840443285894500968239450991720293623406108057668349045029, 6509252173044023523213678309194528693551214581293504918107725927166570941690
12806314777275714536365304975383281870012660786958407669427045652850482222165, 24330966804784882958141721039060055997955394233806619645198632667805829225999
66884537820186550051051173698618584682973896388873724817756181268687938422961, 6898582591004765874975509679313904522292774568581704785385332639844713079738
15074061159193157173482065617724783294423337776679986098167393803926798086313, 59415269765331065348541359852833704042508539937646361337413306548465520356849
33817874990752030792183206446613457367613828146877798200319315739980946098518, 52789684897293234282752156248714127166766424944299970281075957934459230181283
42518209134539307339176865513931118064732203181941248729267178583963386634854, 16143954184127841974573049212941518542820865857392594266536180857966262441806
24753906857312168543739531878592041243390995349586250740517811382589041852266, 17977604412791512891673662202947394872400398083535356608177861374218824454338
10730161348922448899991399076231476516031348943488289319338388409354226089431, 27706913314631378260590281596352156878058635162390765558817431873242112021429
58199302434954498225738309435185655746897544533411074101411416449053904524356, 69143824062244091090134920474385827191709618802865579660946940586487567660427
27698194054884011391455365290117898093646078497704370577694656210599180154847, 11118070920790777062766268738097249243420590352990822896717230011394758535432
35915834623976949490084416929595183432065307721966360688808350051289197891274, 37726515162150465441931427272916727574121981648061979775779434531865599700083
56802320870114324048978061053452219324981880698481841432059944511818229474016, 48200026473357248874989562759028012231335772626900134246245175867331399622451
7335905788789916307934984604206777225084771357320020521208835170166785175426, 64289005395441990976586699098865996000766032354626028987079850966861451152692
25102289432626062537899338559730798299931346777851691956161253988644065506432, 68934172664123897105890511877072800386745543043672620502044598584552732650228
5528409288746803940095162371323868515698226078263147197388944447987802948448, 27035606294782334600642394756818367173357180372292629613405484992910565181657
23443976778996510875140270805954851498488665314569289764033380890297465137556, 51271873330085314714917640706283408124762785269048152012297223288266420594081
24374821585085935997076615763375955211979417555918939271868036144896150044930, 28542749043537244549819198416452615774646268810879003418824175624280130023934
70340227588135913150477761919958626379439383819068647452004812029398023790921, 43568983462438129539222021655631834667755916198002165658280111114278983959252
57858956553525130765437895895304157439148055770094519312959434726488828160386, 54954588292666777864910555049009257908797462988704343774497679754434182851522
13574028137233588276813820120797204936046512696802650547458149780142900746222, 61349159849678377201488275281402604229338813549519128571426272945759680141632
59825660956759922450007660016316333581861883481622917064376532091582631607334, 28178616607376810138802978790148412333822275033939424230937105256284074904736
66111389370387849922475161473132092552766316955666667974575130440354542474534, 75587543208070285262126099299511914197925478766771769107416637804935887660278
22213858446309322269008506613492208218147231306096332823634465920988183421072, 13594652760171012299965826323482628134315783723447443432876780420489848531669
70984483237518594114751915724747616037261118306989379013403433925452997770649, 16730398537593034238166905169670574089639726525542422894624342227610003583722
57793065313597963703535429346093701144134394021008402103196208485942025768211, 9888889988978729928635087608801452923968708402745033349680004556019458201444
18085076102877049374076435190708637726516373863841450378071555552901131833934, 27416619273864795192748193820408145589197818353445889783475088736483153453939
61971874663708011375552186698263386622918155190633468542506142181624648487460, 24136226404497400363135595629240673969942943694473058164714279750235135662735
18371501505708492990888514844850700073370644122372621390552059582491308326983, 21276950990068878589850268180453394070053068779481913137265809175610465044946
3898287797053179109404339988545331891162237659170065519094202051258058961142, 49122735267779861391249233849195603990776501040587894766718836299848902901390
47790913233881958323379540913813343513433943881603238136558481736812903018181, 68278330325244192600770787644800630926182548254959303162974122088584321981160
61123003817682272065071027497366428406197029236167660564541212183689046502872, 29784247553043595389681858572988623773825663180178539964543093018722615937723
31532595462878853958234949999198728545034247020499754951856403592757095944914, 76447221550561568049325775545748611312680935636176685503698095914525088707412
74516956063095384735110880584892778826023496103782919520319307196566663962787, 56735324170503194232432977838837708626168529457702046299067697517269881792468
52655578038620467159328425763025047224269075395557907263901919255705570062662, 42041796761908609464738574922750585698417651788422529013338784482297253722114
23424201896413578531200901041548922876360037088170441854321087992811402892314, 3614152849756333010616317121211912595219441206018200462372616010800185250381
52122347024557864600967537078931901310902394234575645706224246687269103073389, 32291099432825242249637083310845610630403037141385547573685562148512301223605
15896917469088474760771853041037326558987915558382256504431177193341870252910, 13626747386558181529479735027712716769586417915476840818813848548804585034911
26255546615492649109673683198092566132654979581869940562703429186649161011863, 12580592394529017739237643512669683972455625665648374462242786985228871533143
29395266016081410218946448964415600970652725346355583401902526611364182584091, 31016574869546571790834150675659146444388221006600942421935032216880960433006
28825219544633571367579393131972674061473565094782651259818152441063416724388, 50846775206473292737077390232677572618662386439526710591523839321086737269484
59778611016636987067871099330232627815418579027925989497601561319142403879236, 64655364874872028880831888526365601181280584593869980403142398786109283173178
49313991050112469591823860024654366199400223830206075848833439368961865583733, 26364569673193317227373831985380223552143443393992832252198531568923386441909
11559980448193887527818756607850503178492800203244073800838284686094851511963, 38567180330076573291902425066112735340154399700196362481916883057115380754169
68942248622751956191315224702739219787920411943301470195885726493251647009394, 32945033997665478299364763292307498374943455971382330951884570877932668151687
58827838429397799146075783865745283131360892900969730387361134689194444358428, 75447510610606878828563348315007257749333213669500209880642610547820526439642
59480621852559200938025256839970258474453544190683629288862995697293440912527, 39360125851042068363433177536986111080850981774823843367827136381863510239217
59951721168710402949918288697609901040186419591887114791960504474002791631008, 51209898350162549235681502147608932353876818734999295392331433417656809787575
14938081567288656398711545397072754230714264510665761104143903321030453225326, 5284295858429035859227028998089332908847172170852196737564663719160527951438
56936434366972708441846778938359530337288063689021284400751573793226921365891, 72716345353646974920273165179613482693829250230820198125701240581109294728946
26920523928239303895490197212823612672859695272397673429133552656179029303129, 11478109099634956028317505488761034069633651380379242431115254311732891902027
58711167860369739094119751836385234698640655197404039110239170762652004797915, 29921764144996645588578976159844047901252510875917662631949841318862080097279
31822997440509837237149935843961870720733792138826968296025217376640030597569, 51076467720744580015638235057610045084490182577247990750744352495992251110356
38337982956707453499379314623552639565273604007922796966341846271889767034405, 65049796872916372733618800087819928510878795519298035500281355454936390918749
61445650376908370900824608230080784096700772157548839421698619790391342710030, 71021367012045867068723124892127163524206228167712284192085697791304774403176
2205592681415464107350204442769753645117960306745409399590969641798588887308, 26944244542830283270497833010217767289191578440830708679566830929540479623156
35503098875019421098139597043017633838356019377887503881298110962621512320422, 55455276807999529477137955084526726095868783287504125766296752317280469634703
53657586484468807590263514683477286707490478260572123809037531044344185454019, 52942518773386700741510941347879641940420734605233809605222303103655645456413
17740181718646150816410166948518775676862016427105139776848346270790308700365, 4368610663343584011239576286626570295373021395206255051325299888315212689446
44833209139406879666116680775554483419341783437889593493097214849534705020405, 9265424614049623846872583650549150992088086136195722348194918704778773958934
5186493199942878719894828626478987128541993112052418688721954071692176101369, 70697949721109849911266485099468022860463361686437814668070959359356108659131
48486671011455678600964781215567265341718510555427756906808504138055686421084, 39556275763227510765715841696439535649937454761182950959694259314829355841577
12583501468325304415189333684654089897768187199958864872926417389713087319502, 63646048293925619105074038604024653221146484840200250411974280131976862194469
1060866907739078489470656243705317776240925935121035075660412553904980002129, 11940518417582552510700544139709533536409188047249507809517360414436629722469
76814555701029306959298667358174314067384452314086352672500306586924580220477, 72464086602227353420416458874137097723075130435863755670944954254768719923689
75622192698591081865160045219164604218538540798243270127043174090401984269717, 32228879769516935440267038676067770072167613687459472027518669396256899391461
24033886122748398372923769239826245472256114579841087870802892825048520463060, 37107135999537400750837178063433919465312862264905122660514405365633025314573
72407216576932075128367082617280939962279517387241060760852498941498054392788, 58277318801014648994586751075031171542167066396544230079517881081591980603863
58130529957102204333244725926114193545883596815046939343202883363948612328372, 38416675456073645501436892404598118239447125834890229079009633701232887108508
49143609300314716745882964291653042217039910653076803709441827702866743142927, 20447237384591895515910808067324188844282106445633242002983316003088433026763
1036691825277987597862808274372872508699183319950536085521770484261105907517, 44442709233133384970577649282020811451853377830675540401822719298822550476252
23965976879366630311415306604859496161580687570393365324437629623481671506267, 19900463116885715213079362479308391591249577860054602636201780097809245092042
13959167558221427818824837745683938823950049193269536836800495412796366745071, 16107742109697091309797100349974417075154565196312146595846127062359115963338
118347702654223554316632894271092521517169823588276195013357690557152190638, 61691048108335720243543643870033715017405226806831327148225135139186598129216
43301974960258608371640682668033805791205314407349442496829403738948656710543, 59436632513826892048991992726386396758613570233943746868823785832077863803747
7112488255679023095635421041536961241257234366650995123515211202666024403264, 29054168804902138914238199099882023483348083497603075838660093236153433843418
55027482357140066616082590484122831546665208983819495689067488140865816658052, 75728100256674538038849608816581914959807412585093923865168062676732633159467
8693572682270199173274297082541076448005159410234560405992733401795312501025, 20004369970419947045763899549626222173741111358891822314830642575605913904752
28091792930882032617154799502793778310946999796253195176159642776251856573636, 16575156654137259529089764278056877233750949238740094862152051620461914104650
8258829285758913592410281492517586298983781815419677431575842459157294567346, 68479603240283557713060586779578369782192560670545625603940063806512414881913
20610608879428920483740161412446256353887263574574128419045367311451728808846, 43503580762505142488189706950400047092139632310336116162748663794114712114313
1862896417427258544704993686696954274376295673277754823218411455375752402015, 33120001274088274051313174229274750503944548299810961292037511689394831261516
53965976905528175601721829318158641110279283663730631829408354621013625421678, 28409968889736105978761859434741990877131936387854012786272068257003984133538
24275796275697347773855581496893349076257618676012282486378739836481574943911, 11318022664005805714141256532898277991123926472778573316358288866580830907903
65604738929180934459664626037579662010702678410885941109750812482382755716977, 743415216111838696963255236651863368009163397766739674994880149010598575641
30652670133136284425532945271282026116386586484308405240074042365434339259899, 15338277861877695980986310561657003277152053113944731200630372901690354556738
10259017740775572672595408024750201027687114743870292576521617205836952547231, 13695019997923625397021660071481076564149613204338622226816086189300472478735
11433104172159199419889863685315352681879264234146824651291730019600665255701, 65892588773185900391555737495562216903924436328784249846554913541304603982900
20003597950963406807938669123613198803791124560874767748071712648803843109196, 22396860640343508853940787775145522229835273417408096774028546748825737447291
56873910534099700025905360442885106991083600475964195570898377333891874618651, 68447938261822978894490022995283528462500661681440884142253902153589379755763
11893475756090536362861187242180179715510437492837497762917450269722278013392, 31303252083808967532560320820198341003265519332149789023378038219832481428599
66184396856097851707926954231693098750567978351470449305680342620045731900925, 20626420962103130873558794450412736068938645024103959271888953483614838966588
61993495340732523545745930995407813565617511215448978779185208702409744489157, 12970407401994467105663687838871882966085102149953723788631138349129850128982
47586000535248182009087764287049105321553878710947360609951051922071719627720, 22616014846882896610381989748218416167325121026424419792826177059812085436787
60437228904971073001514994438093556036189214998454401723539783000793486462245, 21134186203749841236949990169154671035222647381696935067758218294085119317671
27202319676613945849767783877830751552845217943298078823834761620445863313061, 19094194515493666693895246328415627718161529680085996952963636510163078679115
16135287829764608455422041934575627820691287115205291226392602584945563165321, 23336805633037573943333875219684253581730818138282992575936555438853861677811
25337175488893241774396870013792718942512810067818700260963696033259383832294, 58694169222127310062922875922368236750115422326410132797876988847899309972550
27254173024908653210954918260623176231901581963493426513828304693981923730184, 13338249877102364800795883905865569151642291830194402394446203324027551622097
32968527972273770642402681191702687139518289420399161063680140838545646464594, 61953674356692695777256255254341737153985856247023761573527051728396781989072
49254667877627215571254632679619492427789842555167342576634434397766639900806, 58829089234199763418096053134808040296873047662310458097181737731726213179115
75223146507934815218971626694397551404952862517514127734033720337518532355835, 40476977389473867727027442261272353477032121287460756618734240165078851946852
39830931224247570730943331204722227124274300970517797119442698534806459475717, 25628994531089757315461924344858153714913574031511993478064524927557062411511
17029638557350055614670571693336875706322464273913288933906708719647351123740, 74603602849523301394825573959266895948780531402233501489355308365568156209866
63664209547108669269099087274991949701820351346616767786922986542541474911425, 22983114384690117238149095585577304639455592442052473652721830426433963495931
28713811132947075201088969578152142723488980784011808298403722494065879848556, 66487491633913644205529290201214752214686252746332829009021392509111431000949
10507068279963497350308533838543090649256308138830053969801792356405128571550, 35296483034877180191481970201293430130950852349893288539486824858929612603175
62567699947208123745728019990663323824273541764137543071171120370288099672899, 282854092637989834662475970113811218890864331210362923577987158219090107073
26269062031512516353226997475394424464002605755825866740659288759431153826422, 71369135166776646040621470304204192538660582037308132743149152130294457828297
59756650129846434778157961414703402160165828067537329502838728943906107953408, 63126288236831362755404083047234821286304771128977034632377281855322390381287
23792784910189344664117466663994464786019721914565273725712111868790109082338, 24736876114994161493130752766000743579565413260613665287240234344773545271521
13977341216029584021898326666219169728739911817189862746582645797180109203535, 52825921100809637876504416047322083475285580236676218623993595760896119972764
11677680453718996538966968289255239782676234100948645763523859901104920234893, 25891844585178728595318167514503514094247253071088296875138602457699519023547
21103147030744205225162346355501637651341942099546444966486692633385128589115, 4467810380644226438624296979955631372646941279481759363811102064459959798197
53285895585092108212449467411514714185746400777293596137448652775810407028760, 53622803330497207722612838069903396843179496174039377258993436802869747514758
29853390974525618344561998330523197388014611215473282070680598843711394238527, 58508092842602146122228952162870557890081254263001429597350147743442308887827
43417511892821285044273715504057746552952966868241987248879329127942677844685, 47967073379514957679667200380420577439284450190156134136879847294258699706472
73556393267537359198742322749208254190359437821602628170004813142265035473615, 20426435076147889510371551693532593816647564558084400690196248300528155512703
16927854753978643498840717855508197357998785623011575105258861355715972232241, 20421884574053738722561476579196526199011362544559470664493326068265251670718
10980670786623455058574302310895938624611801023470031278211240312895977648970, 73869966456276553233179855133066376518028466545935292383137780786312292337223
52124563715695240923860126640833171266041976381034503267883971390657052031163, 61030686460373227189058357806878169278726790391497668855182592019472817712180
5381884741816908978952597142538478774614753441734947917062484581696498672506, 54158364178150735773652050351680848740392496876890849821359723812900981765370
25886885689352678545580875199713674954175108415979353713831481942456845146829, 55360151824142493240065929001542845549218257750990837617333290746357417202870
57852690969483856404650027026120073474898642056825610748528326884332128274208, 12683864651010709565408456180848794056714296678857894947934918383167054963662
13764039888347213541137871671563049167925391485359752381593403475682757474370, 72769478918382061135000765679170503705802396214697311568914040065753294223914
42165395255596355418448226371207003452891590586959352715069311744882142174728, 27304746013303775733661249631907671672614950749433930953235164773457400166857
65463052655235592350261401146357463297943461308499379500705680987812899578671, 28000505183542527313765215361282746925377143356703939058872713348241707713846
73080689490869492628806836157300910496618374480545523986612307530162735676275, 73046904556545203262662319041034713188690288494237863232799839936694481075949
49839494346111554423547194716854665848934814521615933109835881152882045854698, 6811692314844925501816742631889056131975506373649377536896020563369719377854
38696280216008400059206901632807749408966353247902221907640969219546139544693, 73930402415052886309506289211370932525510695720463653601212301013576665211973
52627118809417559105779257613505506436205720088877510140928064207515079602548, 53959365681801378990928647652823577138102612294723523012370911060521574474449
75974928976721897828820873738151592482339382750605455521827702732939580365683, 16252400499645507045504600183238410430074575839686352578217291741753045757328
29132721281066258595506035113032779693308800044826755814733467619626688657871, 10779053303269500515337367534004926389561233413083918223050043927531258150941
62700528432869030784554731724416628599847665562492495091126103134782995771867, 4975916151644106307364592844103466729187722774579527102966022479145943753157
30714739665050036223894076126327808935289227454908725394170277051578441791030, 66146235778095113000829817313687470725784808923880606175914797167942632162124
58274647674595348792454391729884903537200684492693014437506705927995736192809, 67493551154498750430430827648317540022701758132675255795306558197293346763266
58135356727936839817259230515853982115779462104251761542625006884106201792923, 8482629316420940399798390434269506501706054915256087008714078897368703252610
34256259332246095784872012493355987616293465680617484322396738794584915447221, 49556681388942203445821440331611654417942193331097034153963788229042757295653
7948069435936425976634477114664782954691391042606469364169466411420993711784, 18377639629864529035591307654249284287745901793639194297200576974661874239446
73552701410101551428370599016772940672676273340291621979813194146642972686788, 63179729503012430945826973254417137352853705057576291914449681235274600878950
28953052180457094473837174649104791178357393759936551078465075860767249563269, 70867657550596397788976293148840527738684765299909733700021734374163654298717
13132318260405473666326298285719342098841415421151713935320897730545085428422, 28277475112026376143709237843610109766532589955759742161265646421690819352591
7056641988312962261091842860070299307439868019327810380689261395148972766332, 52272873824680606557741700975581754112023516138918517329848117091983807706193
49011528594547026960241003986911660991530118882387140119874886433267710058739, 19538915670116706628296373815237890371822193455865648656718701698937976651006
71419036321927396888760089863666456417654494177963509157585274701217114774833, 25613660745937038992744865010848204654629081255942790316483392933548535041006
22044421730521332912326948908425544562610548351359189260414825220994535012779, 57606102108352655367280823869596377635835376827748016114659170927331923972399
75412388006942503895739724163912070247039683157212740785854422272914394385072, 54536364637252435115436996343313488862812170498295872085979248371897080413930
74553037963802348556414015755932814184380056826476968843619622255049653976558, 8247495732965412708008743738504522652582124687683254165283918046031471789049
15963913199250894613485735073132296630381289592310825278923793268958010914555, 9499820619576465392656688409183146059658365475421633787632217211881496477361
57934830058324132578947459025329663837249314637815344904186266516026825088528, 16171270020196572168861651057534419289563613096561437309667277701653220964668
15063001790424450930834695345702483722047938030777989839448800636517944411171, 47836317235073373312004343442168342749258822422073994846248893511245220669035
45878539194207856156593850762593708258385364198298857620126236182147622864066, 67971227972727249362472309180147623433279202761428254841804167062240036269169
74786076463256114345881508032099459884022593362458595831288136619125040879211, 42727339362205993113557717957030396446729153397991210307382819366406314703176
2368280842569489672299175868698659376841204238600435203589478401062290197272, 21253131429715015080344140801139904796333932314939987693149383947021716017127
11485683133025754589423113513727385910975577883549102425739522673270767302038, 35597697481744574718721219063173455843406866922290788358638756257896039410320
29033125032970466728994728508857047265875554088668309795329726050150960378606, 24715429925320826792001839914478837010784156881377823572018013927134629904675
20216006264169859215887040621096731397022714292034927878820351941509159224224, 13253793073012659401569927337111805723813526986799870150440052619460414329425
71278648957869768918950345076842617670628591270289382966345765720869539262623, 1707593058106204058419151411799272507051745906780949356561825522592830190375
782450344363636074308609698506627879080322282492824596359011772196634934785, 39380715804532139407239188035289265486591435149122681686658165588257121438967
45482631158566253837484410426282092629575722907720600324286922517183726924848, 73041095363616523180431524710363960786905770669133483379894390617658768255783
21325885132067678724789321724174634789730485867670955836875881284112186135024, 48216159654996579171842304015677437618754891340364324775258113439151819058116
22294658356012564497052460362492609877437590333731275255263492124747385885720, 71133889947118250745367234583789626198856565466206679859337209987613761410383
482535286144519241182717340837584512763871236712906721405578248678412772818, 26475322938339618374084369858661809481789157390726200245897769502446517191526
42802061100773834332890794169357449627918623167861209536993607419127491326005, 10437756634147572722244550624526988153512833565207525373143674032775736003948
40921249616178336696380835123093813392432089179987745129766222606986937573010, 60951970127267263910864466718368066188692136533546794908067375501959846910229
392714430176636424959206633747544655769028544350372678989442363212048617449, 19137545960536835724684078777514626588385373131741749951835892021261575377896
71038724005280366121184104681063513805920348624310886114379232212034314033575, 70916516103973669836245259065477755881177521831515056426664316924112708712316
43191551435176766080119431744427727046914253848586965873450027718975952189272, 28671430297811758272789598770082644610705565957450635086318409965291328006739
66996444741128806423177611199680681157746333860012813120167969055097591607877, 24055289027693943413340944889137822904501430921706831661165943815633610185221
24406669402198650692820721737386624996535455516065132354190327587641415471310, 19076347671555691352822089143638696204268117448061007496016289143492396154748
55352359603455013228346139919950408903149932675756763731247448201545471331469, 7575880331183038345170707645891304771961882942259172291316591805538344488639
44255978954256033009664160307998598752211222020696983367151873523485741709736, 55613880252301966659410583955716317782952757424976916026710803975011836829561
43658417418852897071399341701981962048890581666242320787734495152375648927790, 16453699608118553651731323161036507620110386565791247839704635942458460932245
56746698134784495339998228929679041410460266164492734052755718809004916859556, 26059848122766240035632354478788367342498792253872261412882981935118647140499
53264279850332961933534372376866888613496245351554877280938848587045540285044, 46276998421386002665504666216645851890200146098288243953308284300779951005575
51785955049193041682915959645337949435641581331906240428579274200407802809268, 11017934773469352575261907593868839100928254411938218029406662320969636797771
21266483299636431004622464639111209698432805549110488982406306637052926727215, 15862623587621390230042759330536742420653440619292241632460357899449717425557
29194886761190769628278356463810249616613888318348995376808427445435972720726, 58914870701482929369640598469449845664993343479009568149740142543767796402973
38675314136038177261404364032185935976839606044876500759325590171927391868929, 26301955480116202808118613572149471471136947693161968905942765740666670084799
31227060189171666797259074262464120796805289836662300476889158543870569328799, 29215091598595371682866095446673012499639246011238803322402490984596131384726
66513124258506092604667043295790478238424511866119012911345658759805668220459, 17552567329989247661979727491872571125092164388996862841767725778659446674276
55285388615135977947062564963889509671190493896819675650917757183273696071520, 70411391475388670467036352680506247090447739332521059508814875009401814638844
29837657491092999595967440546100977810972114738237660088262268280728048669627, 70358705104839023572820166134224975104719355833307508780935478171078561258339
45400190574063420376782777721526273321728474041724481308371607815755225995386, 33787666577047848779041578253666475442003248281534816115642652348841434819838
35296161422787393757329821548019373750285050893389179028175056393649682679007, 57202419822058987837500829946394822484373708292088205595576227542230870561224
32043857616374287284368270595203679495856660454552910608888996054291459594451, 40331859819505962874911906713958673469100341744447655962579889881744215006467
60120350949182991756218870232859291430640706668879337324024741575622808146719, 5055676154937317842425205012230312220506403464615784109424879227316457299504
37337780516525378069983042249454458712416528187741415669642201878258396860791, 59750930109214148305935853554984582290278017355878352609232235917708754792939
25151629886273289767077532421049621070044519471090027542398539543029740490135, 48481477277127780091550760068478447541487789965692167729744618198884608570804
38033294394525187840298589967826725089465134117922893242418463511628193801771, 69110688876271810461189205509825869578508923833425625468697571594977609626499
28889899464851004644878293362601866687169070321560380364038511631250444292119, 8527966433720480574324986370332573871699462020321589347086266152171385545800
45984998908992397531915545126842872659040894286875510267364643707775602398385, 47794233556135973620707738607968834877496324280464775439344668943462846684301
72214521644914232330007431755731250232076120841492223222209000451879104513929, 11663277375862828843873753674580347593603400318814965969637150426890862743059
28784752893563303230674941485527994854140644764185007233038643785752857312518, 51117818127671728030359158541447832276329793304685639938818677671990844116885
74939743853034406571278299023767151625289446660198945556917040006008096142591, 24887553800028288199548928010784910517653875705801491027804327754387641319798
51131833830299082186874715699806892753679540388649903425422754590544640758092, 19198425720749430199739760300491386346826641202697236887977332148675133379817
14053193130754598048647749643124387823372142134433588365892639939558619176747, 16120632249786887724575241833368197687218317653872930523044096097623499224724
68615793947023856154520052400037495991968947777336887125462863260747355244724, 59990689872344258300232191499785935705592778114969654094414602579755362004767
40476575167715063923704142412177727052124174153372833676213100185789437066876, 29030962279286007439996715132844192231000541767078413682950900984466010170403
17141125302031309128486609666508008567721102962140637803742389405857413610839, 61718371664625667055750078442664227656630742658659087317535422536341493388186
34394847131261560444316062915069252904546424874939740981425056033886372648749, 1548008826601067092611144301965989096292509289328271451108563128333058547213
46705065655434563224719978276190361831753299370610066620701335285096621600643, 47336673624184286756689585715847809183505641056897940621942818100929044588608
26487084876775173998291747644162462314204698848432504987478857399510970179570, 26770410917941058467830759076716620872893702404166834270315872262635248740361
65774988587066755989853447947268766781105731570577703558870502604706864711858, 11473050602784205250726066148370120454966937596995006219643614328179490389778
59379549709356002065397149812249506054433759241964536622578688284904886911363, 65164732753710327926722427847749254594595782702048971304554037292235083652097
46652943967631190660930965181569629157765432839809269067909414406246105699998, 13083154400314836392382205014096622425002044050927946837225840322107854569980
32579669989345877621431186920367640008970474033132259794966384525744925892990, 50720571032461522292240586940450150450253882961743760869258847557959921426033
46001917900651594317752425753144955104856952238147076643629258854931360842861, 23907398987813932724703073116804009412233888369489086806312953146783974900280
70572364679707287960026443907089376352580890218021198722640979897330389976126, 837066074069802119854271187208327024606811528591439390336273759380433475333
53261882015750500122284698935016993432413262916747298637384503013679643542914, 33314106902242043055792569872195263163203754607870948840978282210081611933034
39063481788366726183514126868374226164915265803534565678182867161606451507297, 7790577830714198491700364934727621443287042214246855317088722273991107796419
42353162785750361609894340681494339170447290983844211672228732193972878515401, 20958832775644542438483789626719739151891671416725316457615469667066759074081
7935701635109281519507947304406736208571944295268100694604282420716767017096, 66500417281382780504010994708109570417522899762499410925558327930317018484120
56316149569655537648199299682905861518139295461812661824296764216923333303203, 39561474045395839188544359443397717814219903860946742492285223303562644909209
17677580079351683339277766527206519482446969605466042932450949263919574183171, 5587170805399885186769361679354330276892774066723226813066572463172216819175
24657203450823595778028051592446607908141393597081793751038166935843239083307, 56038139700080462914737506927426343059356571723791357740771320263835199499285
32326296669397198815853629441681709915737270494792486656115308364090551979007, 18705360983010553615744146774757821983352934081244186900648269643973810018648
35915563173263254927892898187449867065219497039687720411580225719864417844622, 35264932558761825746144733344556030104434234648593606641459124907573891328742
43427519298555382150593045882934423606691631598152228127309743295660733724217, 16526089361970494111587754621797878736321644816432685287818467431620837495576
46694784079301112585478642512426006292880677824240259027477724382812349139153, 64720194397754135556586403347049756208291893678805983879922102436932140813950
5818103016445683058369287719147286409979275300725523890680848040459579196746, 12519724716137882140293489583208024822739341243043025973095987311415223982794
10430010656413569156492503596610634371081296134513792655576626787633149332009, 63791257827098749769775937019374756611584727657846752830120988538236076162064
29007975173603086611185882419747411774584236061553241422118569080895907853642, 68926958035348802321730817177475869843859026254107711257007446391072756095419
57724638511631224270656962494047812151959590178138174575897782512157700265885, 31662781668530321386409006353090578898514829092087342272754707453361066156534
16585987799879365442270108339462755811100593506894779390558844516498674607665, 22906651807535015688107469137833707380107841256860381329621857233004289014413
67839599387247407683781064215213670434200885188869288340570960317377840817383, 43607892928169731865175866139538028301409328404182573092949957608582518658097
22519422827983883624567590389529862829581659474762892995850963122429007003900, 40696798389753625060531330450701744555386094986828896923491571452591808082887
24286132742226097547022684850643807600176359239099890883806363026800677469994, 22319580504797111569494704778664867238475789268684480328852856999290288230601
69797745987030267931724586132783212077819585942607019945680933175517218136511, 45439682828395109619020881419898837586204177926345718538846548411284146888138
15025223486471037350484245930250484804998802562836411497795355136692450240116, 1629914826707217538815688205182499846283536000081871744160690052429636745743
73822653968343913394026857550244309375592979294719926512933107265771649035096, 59156798595946839678252444605512078633774965883589251084528532791570048127015
65098816228180389757508295256593608692175332127657126298228328851362708168234, 8199520177429632828618229619496679424704884438596103091951848258826508449397
73848585621118081305368444692750424612620249664704622444553773503862888228160, 16841021772138267147106569989017845728090324600838417833984046876931751816267
60484431044408748202459227285089837883579877140967383616918003597545831057203, 24477081521421272123440008290018717777234120136147404720156692928328733576451
22218358455374961010431656557621077022378554234004894786648359614246812883713, 62991968705954179421715135765758271893674712638232510708827513302567821162619
11358977976915471418777707044270938102963416303376319758290206285810052889831, 68924374414142129717656046698648208683680412125820299171854483404458563968020
47165749995609684196307672790102508797457606734594802264400558983464186520917, 38211120379885994504237349419936720067200988720049376471048257613190539252304
36100560324207348531706079847006012784905803809903212807367327146969356840787, 31203496517843286745651564188138875659831385520709412669193682622963245360169
72035917142276678210215975709197980487582168684719955308677898534059543234392, 31631989494344748416159682297103771197501753245187709680814795931261150938034
19769853087768277339939212041416282302175990272398482761793112292563001823461, 25496382877597906885110993214349857205215962927131863209209855095565257989579
9224499003907019871058643985169917445271553574942685925900353958862755073735, 69296569177546118307368057296724198501623898655529306080601196988408829647024
43115676245860813710046663010048163044402619933555707675536171677646210010750, 69877928107755889410425623370723494379119186739590200999999977498157562729992
25622222742958711148103221964709844241607270203032816002683495265497504435968, 14954052254800539780675361831800442751707088847502581760175767910177631380223
25564900808621791976180871710041031097236705511359243428682348689430046218192, 75728047453336914317991470006982309433762587310912475794418445677183992485642
25211914643570249790293070638973259038312594015179557001583048890617162087094, 35024936570567698749156757833850112097197674743929173184516603918590474686852
25369902178193588639948429873417124720960780361980518431412172609804566876337, 10674353231558899868748348596387535384284649245350966671325885660819943190338
16443858889804134731650643171374563283659322167018317503774109827745860768674, 41523098155382359400795479375434194196300482699620430108122979506692171799803
8465792150665823659742021929287612104087324757609735443551599496913620921731, 6451874042285739696586958039490482549230233061264722651947822762550709064498
15695430091751970025017026842073701962874045630469636144704390654442059274686, 3475616093643143772012967735989812432141183880811153839957112554334136175473
74539805357106882390670421637683830583753217634696215167085281107881079151923, 50435140708984900867140651657904031832213693203281927847614943120507927193761
35230692501419697583937859091467197895397563940455312762416457861003450150974, 12136818005397923676138841171750098877156743621285555784228949514216688999350
63273266064297123891760829410841051077005935685071860289675560331493719485226, 7075136423940726444788399716436563478709108298499031730383713213520493026861
15904198586667606818749168079840395019042847890531475033506892864442844425599, 39430981991209918524850718304255561928818188329453906712875466683281941980178
10696346862921846588002826561151674866073190766688043268947093655943726191376, 57090647665746764188204421169646543798284248365451320656942673698398389207327
59945959148967732470083957642172763541747981006085664186044512312295276758261, 12529368312087778987189380599396051029750032308223081106346218704210188702369
18709507739041505134966447272296397115582768716420436899746003283011719192799, 469853597400370488043746950193746436852498689349962195366104233956171078795
69326271746431926268976451922672535742072653807380493770889660507398502075230, 23321199439501844946506151257965289101160053793307988343396383869752377169834
38928542558895215160911713890322447598620061967408187905407141960401627740207, 46321803249816959114490062501223841825879629614187645019373192559885671375304
43527026703598397638317722104222753128531992908204790349201869124753415536163, 8880404831795293190209939889984816858724603286549935973552596719303251034566
54041767555163466189992518986934215759458326137942811343542648806437406494204, 39837394227390549001115122858793471437612564625567948619867337006222229894456
15293981447563337843055056963346576722028811284730039430036576530897479759050, 9969907176405599314522124857724341337635398383890175765740464891209197360081
42123487286296680970080699203422701641172632092805615977896425420559522445653, 51876147127120188828371751206242162697287703492186657699046056891986696682737
27944480931677295660130698392486357525090213263234071041544220062589762313072, 14821617455687107539509933603659386254674522763574717666706702423054552196070
