Elliptic Curve: brainpoolP256r1
Field Prime: 76884956397045344220809746629001649093037950200943055203735601445031516197751
Base Point: (63243729749562333355292243550312970334778175571054726587095381623627144114786, 38218615093753523893122277964030810387585405539772602581557831887485717997975)
Polynomial Degree: 11
Polynomial Coefficients: [36, 48, 44, 44, 10, 23, 47, 47, 61, 29, 57, 19]
Public Key: (24115505326309347088222537486077373345970148974525805320296689532058166533892, 3769735299483594247504675913466201951005183277554400906340347692309586819880)
39609787366383699817729338377211593150357681857871318138698447358509250108811, 54572943929380695314593537087892734605094916533460949786003723871223148981846
76580780175765711740812675155638829114866378591108216423942338591045031775494, 12598653369350031512592051598019983838654721231519735608901478815511710675368
11965149867846790946076874189419345976391325643550723762163921425227511009536, 29682321932087461357093547724658716731157492007034975991940843123391822589545
66767740371295526367034504154160274746676357326239041459371897935581905639967, 36681284704529632009728522934173868891302948942513429794706419366071387945183
73271813411040857658246329046348222734603752336819102331200189033229740543392, 66395719426420581852220629783388333175461427127719487061992258369530592343517
15192571644019822764867856970523439261581110793357905079233898913989101303350, 53482821735787415626699114880826858093596353506454988878636885425108061969940
22105611906951223983902782643035641053591706384898259000604153700837852408691, 7968867309968711723408890681396762744691381827933416486384286652376606616785
15783266478820173566027208015414005757758100249366905069219005395996296388284, 35044018292443615016362699907169282492383349978863380568895425896596069164779
21937816235492526135086832753415720960143209985181851575008297875515898162070, 45482447090157151332788449793815239528074470593010375150043418826810428810803
43962851666965317853514352169935409306790427828218587332343102151053730615947, 76224457148161720099604765632216174864765562463908787715792347081504804996304
16625378304173253970781198064067625760515049592992225229413151415706534961967, 37363642796282369181366738391682311369832404262479446274674208853681992976806
55948776310025726120526461598916788622170902450695590549151623434232493019665, 67257542530508175510554127572522655422168376788275816747013622482555800475702
75008035100823469408514142260853100756742912329676120931959495515826055596179, 7760079234044573315416020022424718219547066637418536060200974300889947058107
11294708478335785496634506296386974476218452083389080931120317907728413683435, 32656954135623150882905235515024609299804213039419815013965248923340008582271
42626343643650555479953127073919342017991483246792949369131042953241002265713, 11069926875993283055377780752044090990834689219391419699100674484999870660872
38467809224340220002159199933328312880958632876159737682473533111359292572504, 66395480280738681891189205731781921628377405724412897091313898599959964253573
22739396642301136632968133856909860226618798259712130542051947958902062486976, 26104589188952132157815203920944850927903420803279822438493204072486615972195
60168589090585270693092533859399091792561591531310047040613395235772495459757, 34371445699285647149227867848589195393707822106661001484185417646402376015407
3642787494268927194905241004197629350853957146498987860430121273522937803969, 72554881374689696559197096141710251025172199598304528386681116415946966271593
54660893862471709144928818879067119130473633605823745655421963373243266347920, 35519748639577098613088591679498339051287321887345290144348557216659383094155
14575701253483671706281513701061843212563681798829732798000010406212588267002, 2484756409853255670965018915338318778840020483687864296895275207056499025377
22759165599375689318174498078599466551134785365001476642340473373211624271855, 47983653957083292528284333401994814687960255664500270074461599908831396554521
20794623500759187412265114259009753857076837896627805002397115712168041598774, 70174698054509818780802672772365732947635533773233114507656667336072430089456
46388789879402485907037616193116553846611092978791882109560643940069755558508, 25474341791450071762423905754658267407176880467931225082148629077930517273610
52110220322178699604917618989495802291452932213173740791125821114138917938550, 34275252667970469064444814022670477378147185943611265500466599087278806653117
71594639132968122803092352578791569779868107793983183597295468060993395523747, 19921349544436141378945180274729934457561483179338966145224871035962239738530
41271085882433735165259298977700353671089731743756583746201215359950736682721, 12647321867354088237345773438540110699842912619481307708497444174595712952138
50978936744958316565927701252188936448578798578928877916110845661878021407544, 31348983877078287107185594635815450852199415757660495540319310580238156675800
73826541374755535265164392987111850622442029634154925987647472737499523115029, 53784689662739296256029675408736402025142106843443092031960562535648819855756
76394255941733897660772178680631191245157363066059969922310804974557333568062, 4992338302911980220490315290810986378097975433313793781643629346127698262796
54156317578460405088448355603134275977996022122938599193875381225470529728359, 9605031718617424570118312402464891538966952767144281880711573028504257979318
70147766903530995699869934469890075512049851965920091523741585464223478715234, 27709796458038783124803867699698142015184268067563969424908804768577798617272
260414642744885079058516363465254131330872073353458125894816881078102804772, 11458630861453926030238228396252112165564171236800904548479946484321091429331
20761471820112689370971615759192513745632585857818195585269954604808419511181, 56428623562241042923969780791020350507566234226075062832553574893868301690627
29278425512957451456331430353829152359396100381661338172517658244413738788690, 39902608152691697197192133777667020021265836412594902237492922222992964976201
62993508302204785791595333644697063343512282187915108459875080368781764715644, 72641652803216583704401713562898315122762437646557355048828086667706493352778
28750906217513696840276033733147132036998830412927141705302316987746651437412, 39309971355652044849186887496057217713386200254412189680778925571384774030181
66412866578753427791770219155073417947724282285986023898320053165027100206535, 20641510166936613278391829062932012273969314677162989135147359210550191100673
70561956268048423444469269441654165185113933695209805704433799231483876746970, 70208737328917713129917004038614051313220119932951212540862866670951152607331
20426905347095698242188022614037226763774742205976203024683371105036303749224, 38561683327072166349608485838976692971576861491984397855292267271211368161187
18842882823626629381783638639803061254479924723558552804737165977730862152862, 4217567300934746947500376760329824516837685763823368801592904700307309930016
48560158352742230597286500193420842453200390279390052938983435767762778863311, 51842607334000942868939313473323509707504277690999327583149460775859239074809
67375191780148308715284571649433837477653991828244103867918414995200194243989, 2678711357527119032856980505393891791632813753473307260092370725000373358526
30844719600749563591126802860169901834545877180234342190690410464011654158990, 58349072679835334608541645615820281209209672615526390234768195865810550708991
3665941282064871861622322319972903174283227381957714143203272952573107739454, 70501913698301893582953750613553848392130723280913955965197170598014472232425
47067008690205698811881722950101720401477442673014723788408339253249386800983, 46366749429333651287323183446987348086562200866352320666946458995267912529438
49820384323298366748536516580500847842533983311661769486005403647872352384916, 27240500555008005986015154325583147799508848231158526729706678538676711183080
12586210235611058788618520198446941390644294397272669302346419248879305784716, 43730354356814812911897680089266331094384386565347308183511711662583330485071
18950543074290765457754523445148109904729376684749622106466736613642853275070, 7345066109823406324765491263576428563513003223219692961160157784095162793875
19194796963557470972650534996378047122208176478310026010553858607473915968804, 5325546605172196825652556491051768917240175879504846181829160845011234940669
20678946285069704745303383054923693810571226629380444561972714286629173086266, 42412337435002665593951121549155503678848347257900161435848188625394123236839
17246241827856855595552750895319003094791503258596117168371948995491554738082, 47831639875649552894519017718172696089056167794063302772694173997557989226052
50339250053896853531763234422223334225138655210338135621779449623048143891749, 50936133813260716812205291943717764740877557641671476988402153093142314924379
20603377903040519054468573924113042157225594538669113111918602398779730553573, 75796577848258282701683294676538264793404520457593306664148046502481495856905
48295445172703510017407883770073184483871603697155570717748294765807712661662, 59130157590370077474221180308391525122152081362000465075953147717060484306092
24500568285621144315165773826639496397596612011393730656650996208187619283896, 749185370083426257394140048762329264343768647507792702483228731079069596470
60232701949789406619094130044687202783131816011148711700795852401623106134257, 9963347206494718659563266535341657764380425913395141833277144140338950930439
9513108385722221942845141225390039087639333594702143014470738044501270056374, 50882419807616213008253592283402188054273068162319790596110570952068670801289
37791758370937080155531642215068600733488804377256216169637280205322373013570, 64947128797659207481272883538152983411977148003794753556564867203755211987356
21294949187792326199717537411617200966000666474991958965376405168799030193431, 54339576872508605515214802103206591824823911315317713576614632580766876320879
67388246778889303064344968640243337011328466383884571513702067119897916414448, 70455564025638778243858802522784441586646543636081414139167845149900283334047
39319667894023835369753103641899016029158778330310718114354507208392802871729, 68240687788266339590463739246931040160363336929286933403239689839976061741562
4292296193644376171589951128226668660895368622903990103226188854738832415249, 19343740127928237012961762369848227904560381247506661873148732856828461337974
12544285037148893003669320804945277518839057035655305915800955561449269673996, 8673553837560374059647237703681522603498048907091211800915937060582094226870
61154739122656761041421691953427561694588167979153153783815702583922058690256, 39710114844320411908961951216500057902838445664573993688373067950453383879389
28028435103628759447079476985257783560114618586921378577761039061809447665554, 48528612542804115030159676971256616135390118364349257405954112403016724876380
64934168845990210050231371951053566660194387652573167862646178297746194530596, 31675377243269890191956227727487763174180383549812453427483886126046604868978
59020552920728894228100374752350989829032147241225595993124693155293296456559, 29976336540157449371106166724922251817302279145836091342564638489071173061921
73910286165289774870793665741658065356185394395401821862008317491947177403587, 6946292923944239110462958009606628179351176537174738155415066689849048268501
7962578449029409467922554884893968902125561119246192537498951671909157447050, 57190105067788282424882854293961469971602367320668276196136691826319615144335
61115595864754075612667524265870536533161239850076420327416546814304053890223, 24074696925080124346002168574276725466982555306070532650441771315318239714606
61641162167380280817121606175690082894866336608579730815528286640268076013646, 5054536040977809739470071968829536716331823855807179629597255938140582714563
6010987118488397447104001485515345495998856287795681061961673957160164487012, 65152796762531242865866917580990579902066398710615529903359346849460502962913
25569994916994652618590643404439581334923254864755714398600511592016026610116, 28335599861249846242414844217922699235853547310767387415596868264892596744208
19568515910373038549361389710060648680059408012477177459794378919639712356163, 36626881433904842424915670566576458394757441707297316269203548748131579894271
802244158213311016679188150492732020480838316457070226704712918261970905934, 27725613873165261586109582828826861091086413686900064866231462601844765709781
35233466413376780386701899894524443814889063337351317313521178182003885161173, 6885300546222662141863641133019567687644099037110153207231098503084946335062
73550935554376790925259328026511117538723307410047845328217552132148821190495, 4377190811749748805073093244468118591967726585519877179525701854889555512910
55086838516163117634943534538002592069463551517661574481648410757217573375739, 65239083861275771863610166188320490786145928535102408106385759812834486974393
43433546952914295113904017173646423797684824467019055609651450582029838854273, 58861972307934245071032169173208629688555919500801804463459788772411794680542
7371892235620598430207952703340088405283687692339102603074858035143303887171, 35406242714602866526384747100441518670434408534321006458944147657875080419747
4307535804675797178027353140723254733884990457433918565885254819787821342594, 28150350307497974711024494021259301854486799440925686044685551453038167456545
27815078147375064015442711525225815088964981374639906956304638066139491362701, 52533334822788217895381021893006423372600970184474936250139201753633026610221
6431069339538544351280058580373909798296179439899351115247224100827291877519, 48132447011898342842114293270331436894871560968479905132837809591809836354103
38183550832425279465405741132992050350803799284996457587301506501948488946150, 67875299671295731275539041733309404604794016448729285207523053759090406485588
76021061264479456904229898993244437982455762662844954697077107864798869992353, 63773374858410835158618090430215453026567061146454092264500326596568829393526
19536010712664505770051029712952659110260052143022276761950442323104236578527, 9740085069984015124438604759974986717858042621466562929010003471391275917196
9983771680633355547091688797608673849835055614879235449152544245850352660383, 48581438521312233042466894343203388272511883298958988063772247636895106470322
72486039919974843237018055889415141334132916414157501308667516544057358016135, 24990464573500813248505327541932454085449891868807536198793107056582155088273
26400246282879667982502015768542085373915698354371811513587255510666264462585, 72055777710138938643165639030734142254797039160524092523843025718878724390264
26224732372014491088950092421915251683813274913282445486289397722456799321399, 68228337480999385247902880947309492149994269072073246682283585558909530717542
53788162702377619992136680935943764598051902336187207460464337415919765167924, 57142043505748635298546179148537965644067468989416475210423461632588899885791
29874889725054340909910575245735568879976135926520592552845385940424843040652, 44655262594567770089382750923699884570261776717995138701321767056513527970310
66545830341695419993104784346230982327650133994845459494523202789498222842335, 59304460828385796306854343053477394137136992759993525263672974819248798529579
61129309103639652697551576875205132822459980598543653390178811556151185822016, 57529347869636606566780568097552040860708291648592354604092243614776323180154
76013208851248670998317824240884916419671438440783762013535973277378957614625, 25136259105650536959756095561311078008057626603493870065962917021198749555218
71514695101142591228249361810383594374654654727679877671510731120823872796409, 8231525933640878045592572357442309065989689941883000220847047220917958088025
73451502809368942080131541375798453203695173471052599124520348809102185469047, 69924296414271975504447986918228437891276160769929792715321390542474444320244
71898420281906907298310098711202599610755259614040677692420785300739506159732, 30956581977799632362657084788476300569742186351614442985046269766539530665998
22034773289620427887111329345683349376712550569582973932495044528862103570800, 41067045229331028154534142572616599315697784338352718975862133626469093695534
64212512625940808402156198690666165505676418696611331798956073884737709507724, 31278827585835208980621030891314894354150608834141713870972504351471669209440
14670465425032835227070312996748628901692799819632620418020113452934050152179, 39578013186751911595403223640408667637529464605703857896404225051008620594836
26489891141629687811753415562475658356638018812094916291574425694133307435897, 32092249809255442222687018249132975455457109275494841582996232154387168543483
299155732139332263073682826504888404612140467442848073791482398690293297331, 39264795238404348697918637228609363382661566263924026067171654793083675483557
32871795559449463494141134401955977822259922974788607208188402073110106942164, 52319123631862262271131769178183622785669704613467906896976944996646220524213
44974503717146654606004815742168983799883183974261059076857023812692120802539, 2256612027428571285228427542698180199016889526029129887909021614042180684211
24812179321629782227807684223801018948999050784957569131970569921053489294848, 22781465030146682097926983068040429243965174537547760044497382952304171986047
53106605452367001612315133487991022880887090692570075204318722341416796774631, 22114757820614929664348316143383248315839902884252013040986958632560772870506
76147234022133056247661909076656120583109734481006312137625954739598951483001, 19691469658833311567100336241917759809599519267258885750372600400301278994041
65454662900770803091992514669871154059491857442753746051264887952806611375636, 13207900175455194387387746364190100596520208582734981038871903927767122769203
63421275605014241691142477913635621302402050011194518280378046688302401550290, 35599016592077808759366973115304262716579644423890298855961248659978299003938
14763394712486434039225266073989819384687720612885330609724374019007018727880, 5697936107223949633766750174836828182574294516662793506385385890370555736574
55203428137627225450070175759265951899873551280543420826854011594925797045214, 64105524219314922692831976291944125643882924884904021548526669469276749204125
51019910275596950663692988884076537960999229867277541941250438642711666327692, 34783669536491005641263827594007650888933136315184380187694078298107281485621
67693436845059696330425199144286359608919076253803105700813819538732776977775, 31562030445899869247269777239820284619052879301778925849633684572208849008660
51850853011636704376589501037657663563852562483450180980827318396551340953457, 63805635845741218667482942196349846476672923957119957976210714241039941364556
76386218417799798827849463910826625542116066984854008396170994534974246076950, 21691514641509099709794559304533695094292265240108403303149415106276038819879
34932307964814609427917592510137434891164475640574290639948862867701953975068, 105836728378444876363494967383396954678459431716135058886115333932777598946
67863463723545280758238790648067130499213335611686148732778096634600130326741, 24205483918536485807590165918524033492886776289941306616948769383393025943172
72542430660834301784820400467662806346704745437898514383031319986386638244167, 32420707679274515710539038292938720519779522529750923389838681264441484009068
32186349045954920451457208120750074733491740912704841869751813726708317975218, 17643393452875759547391049584288584538045948434357332772287839937976865309935
75065458930080707353949934911869384504085641848086257541572746446393741110380, 74264264201855348105834378512558881958708486205147469131671918525617140714746
64835183399305231480573598025003138314964384599884275040904128513940105725534, 1150856214107441709096795534460564966614178397234017524952201107630271383878
60226317787817926540786917498634636877758242500884297393562438932052184642212, 62249810577293955505181910426553906239121588799257374151116165462531840024278
4329631911954188625391305898620910841707725978425290462010412240469168316821, 17871107148345435261058411915670159018955220557489465103867581001668155612740
12115841810063601732026701076483510761369073196704301840823430114998568267909, 11241247978817108124674862840455669776964475944576328507188834012614633685738
60329970780624268789803521009281110869538750764639633008811764179785969490452, 16133750678339949769653723932486655233170969788648932875464561114546743703039
71668984080414938993291016646440752538860101862900824181784023526272509606781, 11157584792556095066916604196759551725823861639589187669593977672880190638206
13176706955129675567842418556964002217767790269514055458487640623632424788377, 12851914958909503406031924239776252228306020332938614159675792094646095276621
52220530037327369645686187324377393981303333900660743953088325205266039186618, 47747152695060284977920082611040556381984685897289107562788018884462677941222
42244117493251173150053873163889461395769930318717693465728791540069492073063, 72426330423012457333493395016085310976927612022041158494108538600500756840485
57316041660581036189631447565992264103476119992149037001862404406732843585071, 18513493343200769647800862771215135743756375972046227602732319799593144907966
7746006151567844887583715573454497240471537804712683508853213112129064896351, 16729261770981184251136049533246573589108439290032179348564037635039017369737
48209923460595921676115310664381717697110301513234540592511245623032472856239, 28636104115735570226120326936324945821762361726979324578010306226615929549804
22378701814871082880981720035814992312224318568506858935489880688033273417918, 28592468287914766950610010173847607276541649194648723492812412937095482878047
15478588132679002065318665837083149050707775302535553711610762606404165270208, 54714072862301824636865925191174141475400565529941245284718686727023276652929
20429758840329689251997970761754650203103184660683644945604437861022925063700, 318899888906327682656041922609870750690625584155469808263660367657412455241
36722856775128792570985170998896649600732686276762414618507416547177444428167, 69252029573350584688628940894451308913622851343891819408714289061686407531645
7559483434574969895889483253285484027394519491021963652945829728133378728009, 28148753146767375711107324474947073392744322118978697578498735321697191070463
71314985147541743436771892249513218823573677594586480246377189977533582554405, 70223757266856011124153960996347606141517968430585246182609615217099633733698
38573058383041599102977814725746291844456556684188691408364087829124001597091, 4674321341558737502826451470960460612021979876917847424916278401226215325244
76204211383023439455353680226790568775079590691108365652734762605019330438583, 65947926973413610026225022159036132123724228802349371861410901312927376449927
31847835863077246232933374533405916970607184598542688071063607919901046414490, 25975013545475836366097830808940369009885916365581240884446781582787797402020
10617404664744105527376681917009583067589656080213683432901878320483936158956, 50872667613628849444825755395334766198845983660948630588887446370165880969991
28152900541623340117212314319096358822800772637948655056024261686227380706184, 16477110713349222406603576063786092349792187112026824069432197811851427498307
73047406939890381101866000844553916616249405541657004726734056588423551832817, 51930420660827359309266973937589318010767504171982074987203271650524233286269
72389185551186542858958931660141193623061376679268100832623507270418631174677, 46867404861919276279159350675622379685089620288508566239873316471254514825509
38536801517081400442422013567482533256651693872591905714950044025709897858712, 69588179099610410746961357945824586840388842280134278079230779496330367132101
42679124941512302274451596928528033133978933997147851956231405945137850719937, 12517619118579168898193579980307772060101160073041961951387067070305615884534
5775115197946363653176023680795010940233189021027844816998811051969870767728, 64648699715135623879989969528882096797079082689994635026773376736527048782799
24480496471953323506779169402303632993535003777863651758372474566819854873415, 18701827328998535534713625258608225402191017404753840969809441345200432305771
42662971543938278617452631141880995832080272501332190033768149731419890898116, 51700957431270476089398100213804923233970222551505602060734089192480807326719
71418936038011226560832599700331470336026365715970811713711326142487945084536, 11274448961576651172490468104341242023289124795826915978115780121291284187396
65916223699168021825360450349643495312757886605579833290437982311066385805234, 26932645117192825084180741362065601273262926993663035171859442686542019274362
54090786434639009132852839728537275736216585879978961396577397496109787723829, 48129156392456744601098564722392231555120565395447144356917233721590012654962
36093012518481083744411747089199484380370512931861049317431074323523145541772, 849082115405261431812771178628261836918457969593875320457660767551998168832
20365679604323194373327880678344049184685109001590876858937057033020217361696, 17959021002039550116009796626351514262235373670703149541412725553547086409182
62105282534933115549819356588997657663403864928325565987190699182298811092473, 49397777440601668937701921335834540790049691856474751155975929243049203613383
46273515696053193140283392967685797882138633580860954768393856360621247856894, 56896519720626528099916227122295103500939333104642190025128136499606694386547
34753579623346833549209854048495014192778936200969854325666499788780289667102, 39693665666744822184884955934656769956518351044771325428017937556764169669140
35937737119771920348466551219095538436390438614291714736585822888926804306986, 24209341056752658739417118329995177970553772506207791806057968664778729699404
15928857112691057619537239985439370114859066026228342970881675041463170826916, 26861800797766453364923012410489516130756314947920454119610424353471644401502
64239136825841569462786254698202345751092720593171672231294025782257416116141, 50909290175476982395939906575101026213611313394498860622217091032303732033283
41584767087148273385372166972394390793334995842580397859241146526363048317481, 4418118287744209495380471716896733048061033046470098196925964325042021428115
60365793649341064628176324352342142723425234770821913488477343452919041535297, 68595836118743317150990088655360237006223588712236572306306655670556378195947
72186284807832364350286248573487088867880464299450219716727067538010263578447, 7595407872789281448634840790569487266078642802880559450331895649613595462436
13257498619508232225833721006575869649708521658736044127866645585742045131887, 69846367420474514498926084357652181769223070727168932758889079391759572262133
8280708521149578416213011804169370175842799817742916359201005624586045366956, 71879835886964244236569257107010623681619400927876801852764067463435961842449
34637570066881029071647766612030878085084070489941950898193382798692978860780, 74864978177889316167987566280225118881774902187309656638055480898418095092989
18381980648573837610744880014004333594375534567413563908010500456012135263999, 7331720523462559466430464880186706354264837116442112904952283346579207906390
33543963479012391863719184619528401559387278150525326182982983943090227802435, 11374343676948093024687062395637158465346017752090715064011770522649973508792
64425623841768825320309955818316200590685471988389836223056953785002888769396, 1271498254783553224602456620229307409289366533027073272286965042470688996812
70494088767836539622477415386048537748301663124472670257213094964365693011076, 19115047480252234162919536736548660068907075227148230462685815807486801684497
25841036995079155851142519926602514074362451998627681962843218421943965989825, 70109547153163942254246799631182889344714429010635345891938098995709709747097
51118418207908703460393434716370089516547882375320210657481571769921019439648, 44547216160319327954668754230003377816372753667208130534950530123527354037633
52783155877658071063886123947795036421627848154043495394646215427590392434892, 73915666982518607596196777477282075040312842517376413267843284846395086353429
20795510981641519155842866209419866849386031058401700032167493535913090659572, 28165960515605811190348691708710525814719855234871607032734779662084119130584
39544875935525879667428464855874735135015948577080375620637117331843549730895, 31883285962806051626767097570623607563456984315014414553295890062186117828425
4129903589032228665667515478237093906838406407966017857050277343297716374907, 50066553530400368500497993054658025439997954888508913459877047859763929476864
69394517557739337197936129411681714420026754911083540952494084923491681186554, 47684773622831006550322282952678996547435124685530783878556844433335339504542
11820448256809920424079868973910786589122146700857827446318129476212930530189, 64085740206578176181575070309470094265100247196955969419542273713686216810424
70005103929417619778116154924385880082542910146844375879561881702218661699518, 8863321928075381247328961135892604015815286364000839608147376549244280510015
8828266766054120357241769601030732086912706473256107495667406216659256086450, 68044689312620756966666070830604740837262910176467088768505426363609410959098
62968493115110036193245691746289343957419186391427021622355954292261321640109, 16747941007450761458825354221030826456186507981034625002761595420448475336764
71847221091813787838251638013557815967329135843706634890923845222117984734750, 68989131796798711604970603060478034118294495655905819801821283614090989820509
4660963274169117413529581316216828248678178316077832557409167736825630105964, 30243628098005112643694321056245617569811707017811609789623604711770375353606
59584019164133096773599594998333158249655440239490284856096672428173018463198, 45522843494622591045633745828823525979026693832450507476325946890348032117268
43817021696056943638425390622918391203095059504603297440766584662247916461898, 33372612151861767849392374220918947350046986617170851643781465467737226722858
17694804212111266323404832587876727713706577849893280852707172078926543245447, 1370669915775447651715909699443197353987038448611351124454385884189784915007
67154164809319654409493790333729990806202813335449442331526927529265143736114, 1975846157036965394150831163869478933861878119879543487941305335971543210973
51742136466037279092886228549214524068058432274171131325324874361059156788239, 65987545154975108039380494623599018845869123028091145481749638073385394291741
36677813508844638302756646884803903384571307406684063677932560530919309682218, 72057373825327294564449637567722026478913753236379252980067002841758510163155
42890920620903542755602158341231711542047628765176923101026391786849674417427, 13585484290302214358758093788408320668408484903238505376645875985220385568082
60418856574397014871631468160619961531851228223225761020176332217992391199127, 14237607755153502583090687332424061366690077221714087862727019856615935215652
63550262875873823192174821543628606493423168364008065014952696989353162788619, 61807409024205552137805157878545514070465486085894766420031608355857656505673
901737997067963873720079590876934949218086310206205995030672771420176244354, 35201462412358331784217725998763119390731233180629411543612837283329791318488
12343489009133438228142574460474114857575758385917409223671211041326730741725, 75463739395286599047442415320821806258302872797105070027964120251726736958147
61035561717157887300215490618330953325897370742225129506923001234212557204960, 63310889979502311264740395708851182002280526389251512278032600670004018231987
32523849689152586683506869972315399863595726932080255474438118151849705032276, 71253900726329129416245965653879830797094213367689721876986706770490646892342
9638644704207550053628981303146055672855177284101267831264277552380034550147, 1585930870747986894733461972207669516617453812626341125330021618414205286254
31442314773755115333939146989583270286455929525836101985913133497386378566697, 70396412879699794037202444929182390380492042853656381183712466746851036699635
66211429079808107339170297214719535526452392038386993867140277691229281579910, 62768275111462356012980009213989823975526483606576206291935413476606452902234
33971006793991412987665255938379214885747251993913683377823460866040007746363, 37316832201486130332675356449659898444248997727825431629948709791559572669565
40931621584865890990673994455005995910510112742718204473193835270277831787734, 6514794751846225301117975151952201554869685095983334900863358406703539820569
36274370250909948191151788763982158795816950496917671301829022007828795542067, 11515920567049415396106305365404297394875872795964945196844017846405631631256
48868914041911997530242385647004916611603896922930876045769785624413827718206, 26837804477951121326382504589991857908812280309606560869467197503495133882344
48911859029490931136669981632071197428437778920302442487041397035818779279955, 48543898912802038391037131414204517793727687735863062002976150954959374922441
61425161429414882516783299403149878370071992853011475983055160695314165703321, 26558866641968800146352359498537220894891907864443955648196315019470805157722
72495706017917770889360034642397770223362000036072062012508939173577001387218, 34425177474801175071474518701266892628058454967690512813090629460428059344975
20893048713110865755238999889078973655095398598799276329490077094442120833228, 20325503957185728859388543606808572827690789325541472644498088642515600276283
9036724584617211411125624512523617849141065750935900241602297567620324752732, 41950409149850661730717947527949533442443769529569903063927119786483890369196
60900350461817071437136011162759180822064771137444468396804633940717603906486, 54499112824121996027750920547830330548423877637162007991052966432403442086690
36769981148606749022592407751280676375117013150918916670191918207403699351977, 23804384585914641955516204709869280141263133389798210209306471594586200036750
10957514685620061143714542242739185083634715006718783648565319825576832023827, 22934118052566688847509775474863799716055402068106443912500710066925382871774
52846127928863205145916974662440289823328361023761417436665449491235299510060, 39858079801096219812266022202253918178952166087167269794135696683456565619540
8197140717610869460702960559941634944989929637201993307458134763443630665316, 51027574094989952167533514406918094544107482754979246051816375362857178154002
36944013954152088752341476662951432627937952389731504494099817996028086082802, 2376415037398330752122997355385906047658013386355784865836465515075402423782
33513610049873495694590172337062372425591789979313787974059727965121568967436, 66732172023633496956503907019502060352758549490384400347336651186881539246129
30230438898444202602023905314398841689725242162876306176808439823516615668073, 27005769478516979168640046690647799816402036655971518169273446630842762027441
75196798338273587623114517011843887953017156385538872583220111543171633802612, 68662399347556881211714322232386186621441015518718076653655458628427141343581
24933361166169127230529203865019111529495565961007991504935549638960546069608, 44776965198752366482065625290782131800418748636808463215939173817456446303791
53827750313648716340994800111067393325383200833364690874370947931220881517116, 39151593489784698585108809095656869008347452488107975303274358104358019034138
14954725097523217752833904392649301581253761185256918820847232097290504492752, 58885076090350119117692743543155126291527854903916657803082988072088343685373
39836585992789374647385103718374028618547572793029305362648878867303079734735, 38551675973383812599104838888082438595008000266442862538735070362402403797226
65921666888005179034339441174603186097186952992724107646434513379033322122876, 12657909873596367338269940649560625398478848042404580306164671887654444671743
11958186553187371537137332836964693530642917048811132759268216184248046862138, 9779661610457724210129010227955957901602312618879827378875003974433523250386
44994272818520158685086497454365245481973267133979073206941101948968645866565, 76215781309757213889117460744362767511379655880413320120282224666815111757170
48172018822703340516220433081632403809812574224375380435084072785905035508333, 55699385180448479306889226574886100475480140899422827268505953099714773899783
8074770095153522606023199127815254769203681522440953534922752162490720478353, 11106011766281783212995038286756187471708918779411889002781123920120371783574
27944181570403493724724075061440052146061527757417571520647396858761067129924, 59778908311938546293522591299107478747719285830723488757083706719996870479058
74222285509653370017863486553171158601287881741522202280370902574753097575897, 17609092562427057642574429278053655659817519524026685145115988054974804162532
71452118562727439798332266647284113142498258229983417713064252622791418585513, 54299659337895764372884741497674553169633589811086609243021499186764188231959
54881324371182453863442174708362442503908868655434537146328958402783898637865, 24896574727688259408420519608530901570801336885367633188082702647504085440020
15738332952744956048837334694799165454546865399198204916007714090261158898331, 35035568282588417520839724621441975563161806937724282997393616341828025371823
18503126082650203060035490944116443259042218560200657764731636614379517977617, 24554661365909042345088130829699440093879319223460878278975173961788642135810
64157736497880865853022968057775302835483363231379226872688735625816934366376, 70826873722271167637885325182117020637062323451936924605798236069408605424241
21001693377945646081038775075915214292089099597480476173370165274569532532239, 76567035543030712350152261270978713901145169712136389941992131232711513282152
29888822628783629708038419508456226183757294473182483943376939719429335546302, 54425644636284450080041290593914289478730618825630381113978240589053271302219
58295845094695636652465874320579484016401224815289514339266830327188652348990, 62659220179914927304854552289344493970299083222683424956850427177375392816626
70790671948356426706046661522257506349049512450397720543710941072435375214535, 44164543523360950286286098636311502170622194580953415709112950215496607851948
