Elliptic Curve: brainpoolP256r1
Field Prime: 76884956397045344220809746629001649093037950200943055203735601445031516197751
Base Point: (63243729749562333355292243550312970334778175571054726587095381623627144114786, 38218615093753523893122277964030810387585405539772602581557831887485717997975)
Polynomial Degree: 5
Polynomial Coefficients: [21, 32, 48, 23, 45, 58]
Public Key: (11221396926699383876850729218732574942169709930515762592203274805109215322603, 35323436397131324078039390949422774988574227008263176973204832330677181061080)
47630043985410692582997887332904184505882435929652273911977839762288069547296, 56745163007184272429581304570867822570212782601985833967557479006293357988595
63697101416305408774707600097172264997094864961884287008729731442517400419445, 31926590396700170847482301314225881912344166183345507260050456336647428476665
9475082329532637176235129016796898308384293950460638717045714801858508046324, 23193376922124601553603799192132957747960901848155472118801753083301350906330
17283648924251115165164246835898572365679681636632812322139588115809118481693, 64472119988438824728733510120826103311787381833365354511060874914808779054549
27225198642400639536274104928754402062800563238399465121758465635041416619489, 52772816971618961830736723315756361847661560883713495860312131907737122799922
13040736156518571962054219442110787639487287085687930255254044526672188895831, 29799651732234271982253968773188098551186056206334674064000481837480684255628
15192571644019822764867856970523439261581110793357905079233898913989101303350, 68128069754806280525868552329275001026564623132382337852019283937912792228576
5299647138853105585084361106726411475489195463755654795663723034376469539141, 46658577421361238380186078892527743438441543165261914453003277227022422528632
21292840969999904593962432874104933887659626347583719132892554802826305408527, 14098749648234243227336968892141430739176199971752749277932971298723331548231
39061046150733330887345426106014709025998024871344462097047034329505109194559, 52814623408351808010649497042444266123288810254562403035431473308429862691760
61635157633958735421894928169393998847993481368838996724015850835309614317924, 40190039196166452414450382478255342665361099874718779475653099483136425604292
27904619428923084309045609998448240486519259664684470750013140120100151670043, 75182927444341440855454000880432523586602257653161675987563562887141658263287
12810283269779699615731579054893896068405655387187347870753990890425011883613, 76059199037792157506219600319330657811284485563112177165876470132483726729713
25455375464196240956191829555928657539834568371557859131822830829841046663420, 2894297240101066370984306692849591483544261692194014749787080450051503012134
27371069667214642077586370682410873942982816753522637590167961076230954003336, 50896798192888208686938478528292652005193137050228507412401859844006636985677
42711101561468036529708705215483696814186682348288047920909919725498871574930, 53464933518061551652218369645984524528903361247327421854293867376360680873801
75447362429584816733988580482540114176502633300871294754973902529432629855274, 29459626625493706447928924016421701749511000737491511127333170914416792443404
54697371640815506753325795231011964073216298877468347651618383779034260916012, 34690489980746667389377861148206614150927190192398487632658773595903413061864
49837372100403988684990002199820409559320903025884908020244142632405188217404, 47637251984813242903036515240221990880157168032197040392557513899214809443782
66237356747344212727394320219184138786382825624093136218480137091540149641428, 5407527217493033286186173155187079014497464447562952264805382126593898225695
30941985636300644843656164948001898427711544648620192292071145105716178925714, 26356534336200585345806948088656596624756053959821053197908399842765131737531
58560530664411462664474941731352652830361481818512855493692571500527667694999, 41558470237523236949069549495039380084593883140619656670121367371604689161921
23800414326001369831135054313374091120361508378355573346020459006232418715887, 1863107608622846251277914325941868609576700519458623359163708363786564427639
7379274853213344430747663516488799726726494095567246243843712918362923774512, 58587697794786120595122024424373863352350650346849900908193098006822830309754
72296542559004392515502687675348226653138779995903944495329196495249769995211, 17935334305823437796561857435339482966109436288935817192785123257576881008915
15174136677014983187909445291894076201527822628505887641846499353254710372525, 64830601777627390478835126862741673374705185034547633423661534442507669257858
53358312600904181017800429511893733516225283580627730714661731621345035965527, 69042183317170297040449122357418577768540866638168601162420972279808658321897
54649209143045398727560435836555179862178861244056983712334855274835857079708, 76359646613184466682794006973985978864406601121383961710985913764186617222470
41437464832786924905380763229763320374468445118767829837936612817802024000617, 56685604909081554157429529832292404959258943273926432756266406318117972999431
42276689197608145592745535520750140228470511217556917087587753358883851127329, 36425465484005294576695159526166297960233982746842050050136674422866040531535
62813322715055604617877262172733460020921475346125020287424003313783670589547, 14546846090696513171717023448164847248382861503265407235208071884467214899426
57144361803849468655479422322616284843393206887005382377602983665159345650392, 61693620343992887139141928516352355100578942592592987131329270808688882077104
11362228039946606497386172252807799329677371894583231290830324556719994340751, 8467725323003681127989679590123957149233783099225863058657061632447117449635
69518433915112556644225401474283123363587736973625825580093047145847393657458, 73930413802728859516714920117784794399188093903886330066431263486498074866060
66565090344396708646157246671966108166419356631967251737982612344237349401470, 16628595196774979952188948535333662728826430244913627786620203880728659715152
890415658048712166306543650564729454995858759570629486983124791901302488685, 37645635175132425129363802899226172374835846653073688530585005770672957839834
24363066033984147869281072220477441789109663520968220636055545823037196788508, 29220165380991593499247542101385814748497004269825427504081584037905271494931
58671205565033618901563357715896482175673943493859989366561254888231049005176, 57840692628055884424641763224968010203377957091940550644251713194580129796242
42849391586259640297173343369505717633486665168472001453814063683131334623497, 34167025672190294410461200412508038419503791262865542683878813260879674733563
37387661495028674822236171890451443238824165932163564370090646983017620626834, 37470498507289199646364175116793978071686750843600342062949773446343214305309
29543315600684853895265544138908932924325016147256767730869103950330110939607, 53823748790764555940261613555883626782009989103036256279937600094770178246422
24522481781658335026753915591940808444283304225763696481792829390815594914461, 26579606829180258213790213048780934017551769141946516714530476293803492942280
37231936698644983599420761091191744576752957874727218835533999266663113412523, 68007666503712972829617822196337747467181882059601096009458696859483433104627
8958381487644077122772093253131418501812355249858860805154385976068064715225, 56225184366174162637242797327271304488678596901802519280738564238649197926614
68590824052350628173396412322749781476300589275939575724361976263316812498752, 38342541822764610655437878414916443043836419695565829843501847676909033009725
9037787101946850749332813090155446874770959097529461333543267704026849503823, 8749321451891839351770591640988779827775062752698044738244059359541237604072
26211833218094252843831318932520117501232978326989092971690348336837082863676, 34735232028789601031574266458053142430757920351289307327496798316853990555584
34722273947205816049694807533360678649145910159654072211345235739202916721410, 35329158803439582848375808056110757198989446288192113434973308654472813002630
56729974544376358413154336552751788114781535334485241019944973054578770535812, 57999475863338816136953928340938452415125746312795690470792322299631868697749
30008853010610738406377771769575355786031350922131373026312711932035156716532, 26601009197849305136267747355022835816201821704249671922152820839506659472448
47022661264967981805914732063985250337097083608395810226361698356716345694637, 4483164607162758040098425331863878246847589129797563211786439567459715970801
28602641897219133148941353989933112998722609027307504751949036457708254093181, 44636072101053419442742422632438064347320812503643928722410459843983692244048
24869522339024784352355803068671697889594634995485601148211991065365066219282, 22605921485354552495839500618967100140338964702863352215456629072598040597456
71669167945816722677021815871794836711629648151708262112104357174134613528513, 45077146629216207809338264155969958951012965996698323826982964570093506849239
4758787805755437601168111945395169648170364487565037443252210863865877408722, 55389394496511155888552278051427938058747520906769445482256700075788198073061
57705730267236009500968981203694983784137187126671625792482572207062322886022, 36690005557678162542775049632550890170076599709155403324806679739175306395134
75553178389125383528929990241415099623273047098151527078233068066120863322757, 51427489160610180655557504899405703638752004735480431722747984573965279531961
18295515283423383985731729459688414439901049108022334441207250678746538422187, 65144897898512148757565665203829021900847778859574937748450632777677938015878
5524684480661928778161355962892060985701513840879042236285645739831448752992, 22820789786221529317438981732478407332927778057936771558358506311128556938282
63789110741378885127687713653049060832734362196600952226701493977661013980712, 70187153644978939618648602941747631362627048632503675776765139778250736779135
23961069272278269549442613745644184730112327653066877386378805576117551069343, 8432110736205722555297018116018439271004843530678311267714376531662551093652
42455864060233535456140393410359824334349802866225142913544953664741449858950, 6830656854621906064865063284085849725701224796079730963644362066716112960189
6795894035212257543105836632909708687387028104631517507717577989089383726013, 61001444143612279592156459283740974519285042163432674006795432926807166290844
21854856589953788658344638150234064930070946634215874780608767067678406353653, 42240413970973971746529691891540796657252256471761727882483830333005620566705
73158417550402495920574182923830203739159099652724481118024447456033419841622, 61291401558468052503917760096746566016718168247255651770873381447869101693597
70050978914803357073217948011315373054287917304101841055817127554285069388535, 40009637447570868409302207079776130713513959297527228506948905081529531539375
224572584245499526012913507514140054680436944488309407617812920524564325375, 29760167799564831888895130385181245258595645327822446509616998489548993797750
2086775131506141931030144404955515316636770378545586343064229999722139236404, 53798301697143769408574568771669317720965006232471607922982849146578781914633
47394795757526763501866849394402419619152395962686382998567529101455408467683, 55081419812580273152590182763189497581439162868534666360925890259657818376512
56446298148338511254465157272267240744995570635137813323335598151678843889934, 56574189701273782214832626249044310311735014722557350775821872907631748172983
56609484175440396601368521136093591026702738991968372560564503927062074450446, 710102668473724175662213590350419571426543419319404594757762800862593348843
56124612356713729281278313558180198406497967646195956459575648526611670661777, 64537041360022683154737447852647215396300005573974569371919991759384047452003
73533044399159109413521206461115992167406324213492419661814552232732179187923, 52858332167798593122992975809041289042586635826745125946944990779846179535119
55089919403078480037551380397132078258591059753798386943084351492064168485243, 43413062248176520453419217583481881265444580437997510545908089129896047045365
72926116252595199650808486159547449621728493664577820532002980845530355985293, 55290810303932863275883911942856366411178136576346212824788605690641949049872
73194784117183064498621116717394698813752591909603479961467765860524068110900, 19740458211744925061220136550587179779089190150759744777319740325203632056123
25635787482372866062347853393118893079777933399645461441706964369571027630301, 42600353806343834258785413164577643615501819856390815793086470239156301128654
33455412517927265769694076993803906700161289947996829675243909773998562090523, 63569830194839524625272553822724176011254284167936921404325860828005580074168
12385505862896406441556102063682185273274467501581843494702528376421272161414, 15627841544420321254798167437418706298978957433006699953901552834625832721585
28487018267008567491622112631537656061502537604867192643390728690068990599705, 74641609782447942806786224385379223496751167712129786700056040845069197632192
37746940542939531071915016225445337075533592484396992940484594394002830072887, 32761083849345383973235482243102550052686391466722220560550879993541557373798
36688210850598674423463499844694267763174671939052445820160761615767527626617, 73840360437640193851819810473439265055145985283671846695040626214062374223698
57865956899946591914150474841896294735352042974394054968483309503579847538810, 59887432016666387913801601962192385233147170531278872701516032035439769645677
49296019219773196979617641068566493013934795387386896414329631645297565611907, 18256496488214049176471695146235433414005141350247579869035457209836625630915
37792582251773144463323278677874670692565170320887459875987944366052556285579, 45583365654841076757789868062912266863772697496230752596768010457310196421923
75417227910239818855790802002497648233105651063762363010363645483293029858552, 35147280095967874321468552271257400184832022260887325781801851856363095392977
51603743483967484878198615316435785649180911579629328564455919474042037846184, 58659953898146129321209907686370662583929704725843058925528754252293617946340
2480619866956593791726723324163095124962848425761442409343686927340961669512, 48786600215651384595651208408336229841635771764631440843570750934280313229627
61623746193349195934552182540570158460440664635093028355686734053627564734618, 30642843768120612970781334335908452740084247495396984215679304773285627827824
7771386894378096891869572510654140296178181542177278489060195803889761651189, 57818748000649760365845337144174517172747282935257236527187211522099464059788
29725755809944238489939112109917836155953768631380480199707112002729751696219, 40548271831205350727116181093321994838285647771224545722287040568487594146769
74690861749736048576704753866288114637933483395775337127117740011824051725877, 61185302192438080777291506091465112826478351157296910740965930536941411269553
64802794409864532149054186232388389746496482825574206528100373493908477767361, 4772784767880582304358568217996421068439712405494598478408029431842568955074
5448701681056221317489577985519323060285017207759097047328895116541667448608, 37616550695198995241841491767161367244037758376887409922803008492728708226952
9780364773832464591634681821000516529285591383780193232479398709089868738604, 33891972100478658168475894197384510990955911686080085975097343136410357204339
73147303838724183787303301375415559558268420213025973616171809060243732702850, 12665046161415901243734815272516285686176998328919809013164837632346974656136
53164185457104399620366738384225070594203950685492648125708142785767318445937, 18392020804456924808298863302676355897523137226241659760050224391295718725473
31212729135316340644781937168847815919286425108918138059098978793955500990833, 1637412450955808748053536742442078743590013319378399972648759068466928524479
21151420306813739627493175361161382710273366425203633263762277849757975601649, 24880836223801033232567172082791710576661870544496793298980885317616487555147
37821149314163613813689239587781661570343349599997856249862356853048153002089, 32349538916815619531016642220913935575046802299271957830948722725359961247038
61847694636978362212350537962446981043246443833205067136022897498045729459647, 72149204072930561045363101576813100638440070753671832425410310077992209036771
25406483911503766658740208436586634895799942253442137131280095818062706430847, 65846133259684318260424619817599956017138638614865605582353799514422077261792
35271207463993307820563132806777953596656571274275835935472593374495460131744, 11842812644615982934207866554523845957473918289265923949079756194177986203836
51996436669496575439543038213334459141318748983723786360241011663837298939134, 66640361644536404183556848696858256094290411284756918288191870079573925150304
47607107311232675640434435992031602062003526126552261161390194023988330619696, 47761331356088145324859954817988380878072018038070352047814068155516796865605
16851056176874509351462996875889232391555443716585121959426564565277237011936, 27859143575996082040860134213722222259496261491957119786629687784179710311415
43831178452088498459357250602348497389761243323971840782231817747021076973897, 40080793370859622819047449062714167613405722431112463836553256086955975470503
53794115336397410713527856080179194181086861532206130225610270637885760755318, 7462135211916121732108666056988822146421474827846700099683484480333902563730
27455514990482419312144377414317200634351318283970626694185000680460287990208, 55621860398976801328876492968193072321449241750613773639829482233951542977354
58518106821815010511933320218513575052506455891072992854011350878172423256364, 36619590140194399600233216491285430295918349662943798219919479036692847178811
26286761694968723019027196555360059889236667274733983340024494944748825560964, 26515311439173037318676730034968932022870795169933490749031875221174181546342
23120647910270883167285499146629989462978734009786756413864847887140636934109, 61375024804697446816024299177840357664123155436297410301265938523525591842968
16919600010680644841258453387790695164989869560392367020294297125731088095715, 63792513256605258508941710574455858267144506652252438499732396221584326478700
35770080887294691735971784160700028031001549206261050109505563293884224450885, 62076872235972517952912462980060135583611371915198857222284223529302436777183
288410034906848431351348204491290422496593422795314760023852100862438493757, 16711721547002699274796260490303120790766245302864898686937824816108936932398
1154116244135543619663942524497194440060560777177790019879281278070335053160, 1584964480123607773616636879071469596208773379514923704371588001680527703805
62288724823064180206978624043720380731201274923479496856519189068836823002034, 72295843303193982382967768452913211011052383535813971520281249151098207951152
33254408713503966584604106778801055103727075490588293048842707213080753474521, 35341939150939671159376862010367783409284388374305569697434354859456309236687
13147632024146641423977361666497843649707349272167488772037684110339059293670, 36148210881601657654716116533815933692394860094426378387968914875385337384552
63884187659603720621437824063174919080039982240145149310679368520806382009864, 36683381863752130614881532978186175942879664348482155862691548414489210201721
52525964071650360721662300404964156251380761169788561370716359838741713302255, 45621779265859475465265065743086495030881025458427666447516632900135617501312
29474320677414164394460445292270405538177316483983638768490370378220728041226, 65222433941074815857204129707834474653361055867704127170341434590938348792582
53201867606509910454619811945438589817370542998613901242539854827394337282560, 37984853723172615417023973400329612736349877349272000714451088220006216231365
56200856056503202309892519333080305930073946446409396495998201256437289980828, 59231930644425976743273892017981685497583259662887311908796068396713715586608
14414236752379740868904071929297757878749733009223206173799085733340768128514, 49069711547373508840665159905236747459643715993606043655135902835773438192633
12248326697695958551335561213391207033383542823841033815807708483342476530837, 4711261080992317677400190673703384772208463472955223202583594319004961719626
44218861327142823323826115242261026007351837057893845118479117865140796270335, 69251132703873971530825836768073719737853715772531804833706913457758176691577
74968651960315693897762744817147794548802310467996875563816016766070825501688, 20217769504105009316008075824429978700495847124805095411304585141524722715845
48892692163579033911297718547641704955952004616012334440099848912390259448820, 24689976304092439008853164920881004143182522158565874583222535584804977916167
74759033862186402406640065905544705096428957544767265341392637274712692872687, 24965379934708992849234421102369955430255730978320269581653423166531414502790
30599401355672124451595791972679455652114488734036297130475157820577750743466, 52335254794427711690406282972739854606552916280458996112753315714571960636568
45911499342265066678563684952920175273234835691785092557173582251504932611866, 17904743866455970638661395792821983149141658202270113471340676586676497452724
36658085189208954167011770513363258467167894824102418624624810276802715833072, 19043201087657259260810340719438564543007178148304750966786246616462422492959
68939941575305125725262301122519935322798676684389193282654624857173153819629, 68522717213374542546776994257536497210891583070666542183424581235332934939344
43835997778462450378798328731530402073133188434445721287807592093928438677596, 14007385314288644375254690279478688614251103983623968155755420114625951752907
22760901097300388883729729324543591342555262116558449636532346342535806270724, 37798311685082159225735206636359154856664414043334196856964748604150669768658
8941872861839688863837563063137980883123678550431062868581992395897087811869, 5933737485681635091570235529178985859951663400562024887299925489181007626680
29741125485579300140773671654474298943939347232611224818513439967194049939770, 14196832990710280193235586376195493443627872590367359709318614654590562573053
22749576342138511046426281859366806046261757776551648567432642523281380328951, 60139308913889805009072091008289638452180660487877232539609116458006969808130
12967130923718454753828903776815525121885657739913996178519506474483799722677, 68792424254832833383809567624213544165513338427765290534686314261496471887392
22452054512666241721881476669773204361154527721051566178189435254134528887360, 29352565139156001349519230974128551088548136838767404184563172333198338432528
4009090429851324144771451517612778865554774990909163915560157646951838884529, 71215364500974906398557995544568004367582969835487762630118430777922596119199
4753492201112001084031629844178087467760524673335084244433880378997812157838, 42633098643526841728596276895017103649245459287741132899467325214767115110155
45064878778958762926866373560854066790232666412987771669548529750261640078534, 33607958329601313151487291782452711423629410150233196091251599629040033202964
12948535882320145172842568280300417225774999120088862559531744117323509069300, 36767035697773679697568830566637956633404778369813033298058810321263610248597
55833771988797272379593169216602405905405842739004305955810312974983841734920, 20569698171704247098667561324759511595408694018225198013456010289006941206379
1300084939434326233939702994865492341153583382087042937696139867768966927366, 1756285358984028099292177623202980943546085243082220199897231337434002257129
1801388372043657780411337186381105419592689900373705783161615402357422986603, 49056795387770059199412719465592393836518179997712586223311416507123964400397
59909359339217477276939270268059921455666950882085599739106996607377781291676, 56102093324857183839640290840769445118945950002223642361431912483145658878746
20056171505634940883657276505735456950464138951126376194129375115688556921506, 5376172962551824322349354254371843300375961376560195406049687035052046142545
38603778967996026251216160663148133926417704631383167284771070481477948822186, 34848821370474624700201508471959393766427076709929052457101681438132081441590
33396707384850332852729639856274215693658722757678633609421806112803277682039, 51879758809610002521442691810988097042778996355048742980804704700926351385433
16437696943178430975270238294353722077701875059577595763431980268676103266885, 27507260286006449605273590964743179582132833507555299963514693341073522286569
26742814732280605459565993221912240428818569636471360288952586589577477084607, 75259691027744059649291728006405536456520796297027222731764973482853352098921
6150237272652465079344101231069757560473678271472390090990953241685907091118, 43925733824276238037582114122538993122643901334617936166956401722150409794895
48277081699975012291667439132471089972998075134884286252199532633610323686044, 20840517366507804694281605164300079825124492454721891339340126610181990546611
25741021330872065250769407547779266124987401381132483140474813654044936558104, 68082718641819571667385125849285860689313560919928268852725700893815976985268
53207023901420325589541332343264434574620849232983527042982231028107448364379, 31974710559098560539845589691598450019050607790288074570502857701142425076066
25374146141676208034466565326409889386778171187846173226094198021550527170872, 5672166373495015480307500114174199654339516414725033162982023508617856449480
71973343147080335929064902973600850934838646950274065445219900058753981535768, 26074434733105854637441310664224669086939776820704461939648386454513182561970
64911000892968017362001597349474130623671713852116542565912298457960378523361, 45393250714086848231713373833274320925449112883451390139372078049708382542327
28124276457875032611029555745073159962360293484900424906791888501486447801268, 39368569348870858447151630457998148372574021361720603411044407808415840828601
5960231685411325272080007388657861647410879404926683310691664597397417964032, 29550219034262306944176682062169155886117345809727517503223464947774534868271
3608354239553445593551367330060911613746228966608749158181604960977631538225, 54467359898474296538055574797211952175498477566396684854045028186548068175584
34218677587386926107144419664816518070730662004828712626066844458297604242352, 14149233626098930703515055435522661544882993348786422936356625553719977844854
871811118667364508709075272335852509576622115296974569652965679406960805678, 753708433917341696593101773697355578422003238098785615152346748621099943285
31444840349476259899688973914665102003635261377359400175247436620762228810784, 60758280365783535934310691818199084881329861269797763422648470806195866187358
2738427895620594172520026852485814708783112463873919318334340119069744704713, 6756610040439562430881472918166434363137214826003289705262776698980529332985
58136662379488599217839396164051666363380718051441261584405871354323100505275, 12800804569796104091157721467929744808379296601760034632035815509227138318514
43136247026520443654528918077012529225900972917621934328526607555488085692416, 15693859614821961305073868135463185629504316984452985055118649702709354644988
15478244119430739739771177046266912113628586898411910517126723177692298894668, 21203438119704209376720454851163518646306823047979107690078974994627156731027
6605852399718168665680123652430521924916953539946885721884395851972157368686, 62150351275197017982085246897007730298252409566033602686807282964204955820559
19502533460646630706779026824274368291529834438530514225725695572493200700303, 52201566258400497164076105082162956693135091856028840514309197645179562340199
72542918672907120734849694573713964610400166888814593026283021285931722884698, 23471974243034973077674808307465335642804965222962567246434701932273655559728
5158828638413961120141074128865608193365213953438336354460223042388376319005, 37726070740975875285041269620422915342670053400482744866845106614765901486236
28560244095210977942461092402796806447154132523067380443357469943194445430177, 49778935442449443163189227329757573300602158195726855327659708080152189993383
57169933573621366532077186851380357776412351053472918186089824086094573419028, 73858545878759845618798557183883432052186820562486054509873545304668424567170
63064508729388523086262139567872027838963416819590991357031726566603380107955, 30552481175630518217299317788541763291335364918884869443761837285995889014614
61213551302171301821588050046352354346302331644392170026733876449637963283555, 47451782773485349461814212837402737049398796197863836558616704268943889162812
6650231541744232610272975942692879758360746767870552727603929980457677105409, 60238429339496950876900921038583564840468998896211567074221151864724394870037
32429232847174744659119391408565777835885124683110204104939025237823131626328, 34421334318716599940430238440507976206045130064808281567054313159563890523813
34650719946517705381379335475167325171017379606856765810597419914830478111390, 51915120490887904447674249458912350889718537223055275987784483496492533353459
35297745899359279329789359036996176490857262334392411586894241566239791313792, 63584508149538251537360622490314322183939951192351670005167749031018526248708
56971871659958226367864061948686900733600962893955332194990562783647572588518, 44800984234894703337155069201014456950101281048352364199237898078693380339039
35188453135071469303285992406918300395711672734530472427132029909057402805496, 44990340453257712802040810357307228187583416187515713650786804118736090059375
29368608746155678254116602241617254571264328704655608287480036178626695274320, 26899700907635054174914007641726618052707293909703306879369135959386584017058
37973204699894887578680791750404436098552165778894303738675244014606339981183, 56827930334624631574546003536166197544656269573321042561551500826013383526169
25513062415608026784384239614321934725718811193213260602236459623030809609614, 28154728279931915447187471963659736833121420652328500499507566444373430031700
47142100655084162199841316324288448882931112357715036143321042020551359288766, 39267503882264579463586082875386796678665944216803980398922277394732616381026
29917116639732609090555543846880186856046266995887992209278304621225815703989, 20900655496882042722406022811961773637211833246556487735350682365606023077975
67617544873635378511947479743836682370208543530469745239311965935585082132990, 32408879600282468576601338463480969457194400624650964756140348293766362565982
70132732207987827900129278199219408613262269681326751734349373883611303508958, 22423931983504623773092313446069194853168199216799110267997863645504668266491
20139846591056697075369332536498220435639482602024501118769750832099598858324, 52767472766045084217091845429600151797575939561790493618034119264794422318773
58254962805141497553238031052106177206286961066805398484694877400965820252778, 70827969623091178506346524671962858432228303788190801657191133858291862309607
39859089328748153044594485296375243359988252595683724940023161584745165552293, 70006913851571082324758954039756899666243227125091243414664225490558550149226
58736977828816053258392178484977703388547604641340192737621931493677845317181, 21051891603350884847326898026303109692631773090894506437486928165192816457155
47480439524000482139525120341086036433713221006250457031233188957130185791754, 35947695600643616940370827183565497811683799728297994346088883849370382451014
19310795148821246520998234411163964959312955627871131183908534916724314197740, 62016438889468180003501131460804274727101904649644439270751819954396761542661
64996143362294014384817887322723900616611315693501235055446379982385401871522, 28259777380136976192676991637988706782889739041017224192516699938853372504068
67935383986319623470042282571735499924819844425610616557966492946522496875897, 63808141242284006590407812282955585521342729438141085613707053681513786717656
19864619643816134393491820104041420863484772385736102113188248733140268221107, 12861280326911187074628049994109374394965309257874369259495197598778635870377
23246733070636736256456147478471329445839388878172003530075960351546442314065, 45341218720480345797786090988113100742476901610608413975519629821226159164859
63279808206277644755358858444882372377538906372337993143765994917150288468067, 16044355640721369688685323977670680637626898729444126260847098602367822143536
39855970966984907989942656042670923285626950450463396094644374804380446269598, 33553796013283147562860925358412500145853596470822167648064765401754326460603
38913079600374410263934638914882154401091752118470974129306864503598730222834, 70348110915350759998517281246609771868017801518993824066404161949537739309493
13820523336528314598639858765908507014832690865623028123066490806183361071881, 53561977056061364429743978778574147502361264449462533230952836254114902639098
55369710666506607957454845310668468794642796462235216914759200286742462696074, 66335279154908762307083541693601950558578780057071266074303509289496787527241
7755111327224617211091418337631281117835135367750390501135372068221465403280, 30051934318156818944032722668091876229093753561406853602937956960863756179619
73889829184211338903937024842153670523916460806290805605074639485502287967797, 75311961355578224526299274133610853783224169050143096825019906647969488977445
56762191920580769247866675800244669883750112238491292498019643850702034205451, 22030626461450929292232198781142886082484457900432403864203128456413657516961
68959627978523375597257671846287497431935221168017932007369133470003002471063, 32809925260751436619661363684098033878907506257808944887556182618735455573960
24623147532483265173642092602661225883072787756558793989997348858349930720528, 36370816669363745327430820860351106898592728931416484003310269472197830791835
66947030932915740047523449975302147095738795665499427456982379670059150063372, 57926401367242284275842747823061347293583909329308606580315941916324688773080
51291898657895187498985591217435114264096333911896720038930845712067420716900, 58107231399854239634725139491325787316346871373887959306248699032050931720104
45485358743960487076355415523725713959203179913660632987858103096483152834616, 6060361458164445251808534472219918070618553266027785889674545126257423718560
24869283062643983966906061602147870182581976921102626296672121742496649570874, 26622262261386319089488076273343277806515776710191785035154601708614380816545
1645990357973673815076834627739139480979561953219214374795913876690672745305, 37321456945809824618799753969772329193583630155834846635669832956507627855380
39663079966298910750268713536558947836504739630137184419426540450463073800773, 25244811783056148111688009891380009732965357467942944179959839040411862786838
27717274741904633347992760953991920955497970355624587899178071999902144337915, 32514179461554258238277912251037526127769465486723971524490365653341373021886
62605488687935829614459317428894469331214109667113962374756597714348631204759, 75417336645157605544654516105846902118989917537416585264158686482951592381247
58009102171834484257528158021621560196797296249538453889941507718520163934641, 11372366829950651922902424229636985463466369991475156695426660469931268572511
10452549894068365670403026800137160230195810299099700612806237829258467037689, 18446257970591097636513292395972506596277138194643782553089723616388221732598
50880875574029283268040481412344437212100480534387110754298214410504810629926, 70155138555179276226497312455203146605701870246678276770618895267474751401868
44064421250871928183172658618710232831233767017079040275644672900213408611263, 49340932493145847839766085412408888160238219301720591537897515614259639881547
660338488284145419256154549560579142862580912017053943795059814214251877252, 32474940515260319067930122942264335024603849425780377755624823674584337118468
64559285808027795000185095995031794924243985745616680047333897548646864966746, 67355797545825134942536444269977008829139160290955977693823683260724115108703
16004991995776281497059707254242103123773243005788673771912102466826658522651, 76093960767161291849868150272670791754367242959452086285863319041728882731070
71408692802625185253059669372488278031819840463849009342055076107728034276080, 22210997609390343483416040184504530489089508218918193402049628287592231036792
11151067671821859279303900482640400242642237738140133070249961741787605311161, 67862968880676826784963873391885879377276483576957608903015471538216054736737
72542483064046295126809951316852406363096180854183414059431561039218172930673, 40004740630882195262679213700842354425512439302325889025511807549334257497489
73922483733280302454294551203184216318138095888072721438024876760117533794733, 5564964960308460756799537204335125217456195847599203685179299529618339790995
15152955103347947748157180654297951037115795658949216108461273092315078930306, 57577068665697659838317848603892031301734716316665642869668022465454407170051
49527318889325531251537715079970494862414633646479382129028059421062717553167, 29988775337420451049001762254316005703214047035581637620635328035495148918155
43172960408715630861591445718154589279974970559421663530048929903054775693400, 20773315960261495153497855523170929852260912539077016333737255640580829599919
24616202808647195210148316315689789695031487440991197305716607126701503975366, 4841284950381339269699557174267138595712219458429146518104012207873361400278
70478130278052394737906700855372834406605352145776753802115499832714407611524, 70590235198987226878200239941548386256916007104583038932847090122660828753705
64662392438205868508549153533583475997027926259802368994920339336074092344485, 42515241211105391325327553077603938503390276264219721328616007473692531902796
50415688647031816420659937544415586401644648171950549851159507091382626508566, 17734038489174869957467147905022653537977669019482254295643943858877554844839
10915623644393074388413466376112617623934320909997268034985213709555341510197, 3831085739464207594284145923738158345197868994480740705916363366763041750876
62150496662283476941702412978594045987636618143130420523967870090084299048414, 1075983640363458862258746694904608807893254723591541902690775476256343298532
75889080475182728092209528696549189402945783089659589296307803186493967499527, 21394935612825588113326127653183005291410410946992004111992024469067275120561
27624385775132600289831444127505942797268767951370454923178121741060675121288, 32751849975031968851740038725804807559030684791715413847313574872958759748774
26482587903094810584036764098582692197721923017610234196326783334751320610679, 28064888271485100792231233905874300716220746070329328537344725793827572289946
40386308714175559831391513595298441972876630656823214104942516417633163072229, 42550860431703089743077845023645192247542172627949582866700539416368770674292
27520059065926545480489689265410014082600515213121996867118386726627962131768, 70678435834080652833231891340361664304345442446965696494395687153848597584417
29095059146625408316115548636363871357783591430697704822285052732994704857254, 75169226860702147481480870751133491452661093118660590610973969091246786465072
18417673033555610455084546374670137539407861757869864241742158065628693507730, 19337163239733482918327281395200839958374387287770701133186358635310837755960
47989069695104009078343467938118779218765393026882747924166146884807227034137, 49709005211636560495608460712290545167031535715746499575616882156547243967700
9561699240075498630415644799240620781738089147072606376494700685480142023741, 64945933376670601450226219923860853659796008544539707580063727537550139206561
57040913576565912232264471460355720621728167978792196056728049564016798482969, 48629366624878703884812696852541364783375846833299444761305836930004214574676
49277477941346650332931957748156543922441492346891390692809562542465581015431, 22845922960407662137260745670996685273352021197571592758623301873163675648436
57249277203604478453431620573011122345829865911656616367814077343818652712714, 35083706691377015889020885289501688250070328064937463241461944597466210853760
43465860810576388108704782777493395068152017046441753002165639788204273942212, 70346647777743567115867752692624144707411887102171754061101251580486272990157
23768109450504977614776995884849466158252139104427659768471175415528396178180, 62939888084803392437557600827389935182853224277269070955709720357415339682016
2167348041171674185525297788354508649482781042862851488527275340505266672700, 2230306931399184556456934572907208771714398241554249575386209077469282559748
69574652832327886372292548771479081762004490893657421827059508604699798650436, 58973827888257543479153710248370882873797063854764631176590198131764116257381
17912393050073329446635452744964184363908423357752700157000447912963917743397, 28041559576017639640683465365997506289957300890267627985796389309701362956372
55081749793960632572569506130861330816631586432301493812781942985424301621129, 27610960937886419871946154725405261603894176280856946916183565818843701870737
76155507331980518957466189322520679588176857581482680593522217443996224371975, 69017407799160898318411595815061621422765100313875839607284411512303129264490
47050224012059121074381409327925678673812682653583019512342718010589121529135, 32394770516902016833142940211197474662058413486553265762964147305055628417622
1550940823010768992239846752014232143273010813931607770787821889709561463578, 23072764512130902087892052661375402693988175543938310135686242620735695335379
6036255877742174275114936146299575365943705823778404638246400679106656999791, 52394902907744864834764912352818231026497785180972358755608453878300437863953
70609835969173497767562489626001212674377089016615199604495525015051602295923, 59139556924510337592673688496487789506299345189400555130310543537371833648608
12788066839630483020072772231141087440347812708544848177567730042251511474729, 38658315208734844827155210394426235398374134240846749038595628434196828842358
36210171306900786999197272568622877481641977691553538420518802282072734255914, 35159419526107239658301541665453481364309468856564338161771144053803426377032
56663447554023108846538663168576070198946862061838207975158321037688265871669, 19557806336498144433118558182323007861371532419468250954135786165448498181043
18118749071637097608493872557778914409892410385926881151913696029618406226510, 23882021046830802541705974068828781774608694752722696822559389410407269853376
44467776520495642779808404574617773700616463513538325816785199945706037388086, 37803812715245153284945047527820459484441349301679131448005434404786886413218
25662629197349163826027973074464826475650882701545751309452752024465578045835, 37365395844522585402260357086071828862401071432824366628132743869964842326960
64199462972090430166199569056736023070622500323936071270601419019083086832032, 58790616745151034616530152071440259946406350713835137085949768037154863605862
63473456736369371985148789058568892786516776178816183401303258567674380741486, 3513564505242105345871399632469172771789987263787609270680544119566746309919
31518775646500849161770216627792376204947222544541661106987335186089255921189, 63669363881366906342633008207178860830355331551233598778741396935978168994585
3927888746324763105614326239129726019746130193293766552562493961107347127961, 54333553985605850756291479497032143378928299882267845638295906546087854106600
62748728797557006377004957865899724816164236936374427747450456406953283072173, 9592734719844809278017109270126874775038966730294427022454443144069710998436
56617273737417364709686951391076039789387232538725871825250754911465826960112, 54607910877938680881434514533996163255467321715402285444995036061613452905010
15851765644596433398929171575118115838121015528399259964491638012285643335535, 65677732045807743991633680907071211136282571461650195962679125034601630177313
18748675025476616807570811767561409810695238676042424119387570171085897030236, 20526683603369803164880858161840184365604382268143366448888551121326895034218
54146601848871413629434000262865817874679551035806683631495365101672843722484, 27566940657794066027116861220284062399272355397892772623479812530645595838633
24819701056730962003604706364171701039974485649903043460863090701061103846694, 32243423861642876001837709797907584024671337606964172868827138901938013259727
41315562509889289816690292471347094424266334179874099448023047496597023329689, 36770592347725286648932903783849358658821932408529439262876251532658555731174
3779867666634590340896748995321871528237202155439502559870626160959313667844, 325322481409388601944569578906539385781532398232309574125843654132030480774
46951137074095380214791879376494712322536151263646328279953626376992167980502, 72221896858159419690639052894816061525586119524433760224892087188899445314076
60448409330296015456174901927800895209645335459536411251372592094139158064855, 50413954665095021436123415654456415795911182273294118928470904319084454018448
59210034438634905415870024309505296420599932345226496692793224315027024020881, 17376115998128247521410880545322479642360261775818943990549488925912924940845
20542821840496089812467424052085412822793744395401305571132020153404945106790, 65682294866613604297178485168804072426359129823886215033237742691655571556802
71125134820845756350102057253615856575030340036987233833477631704379626969126, 23984659340891346845963430693726483737615247542038023433529065787356802657340
29349102037275382602985567803268828911888508075419834606664714036650790866510, 5726514629227418287026977334617416401601174099471949174439584917141426506264
44891305401608697604654569636384851166094668828937098200795998771350205384868, 70756062370525238276795269348933720645300699450090567981931980363519912169740
54922465270142946728457538879737539833251972537429961957984407584451592091863, 18324603704010265316993356833012272059238911450312665393818819744260261585541
45488496170094440618052706774668825559285374028190680470734112166625159758475, 59434786666803616321395138588918998534519711134568491950881352824076680036758
43877022980534660777972065696680680938423996650862287884389461874532923629873, 23592165836289883918313274960411166145765719646645758278471176995371867017110
54125288945080232728792668606835592986055790871562451367862407130985723731107, 5882618961098886467566940472389769638362503497094463636439337185906063222759
64857387637116995669277603670996847041860172421824169977062669269661154084783, 65589316852590498308584232205579569415462753373032397382585277785093778531551
56611957045426821437262258983741997581942891976066470917067522683196684779806, 21795504294623970924237943576274733346709983079235172884284063730613389258921
44652097452018998692974276296276234023326371073632044640354590789158765344603, 32142779359538135278320323466501863308605865744679228098370671631729190360459
40084327026217886513673739350550602138101178050141617844694424205769425491502, 63627811423408554416520605392295535035350761362844919214045589491089009355100
60099965701070972286585616270911934621034114246818162486829959829764092637413, 31857607862609836384138483708843810400468304280502214344796392326133954140655
56150074141629759732085911930355761382118845411000092878229507710708438590079, 69256087357593158828451593467420599975086870686532197315548705402516011028194
30601771121650057055281349212379258019182427173419726566387239010117931639964, 41944210123428651117004606365422004743340383005974850550806948606062164819674
25859984353264399296647324101697081178627983998936045280528155992222785135650, 2430288087570509552928533412068566678290861567663814084115369724145596237987
14517871254855165432212126022082278223217170930389088316309631237298631658105, 15782896139524281598112063100780147730999926338671701697899742732557733885601
54452218436006660589814940796333749553611807566495998726734112336232023446149, 14666988062086350152747174688322458138147289469200742034045861346756368901172
6904501107289536008278335957417391665212823817605169341807310094947789163164, 11984538113606664698603846354979897088656133560367285853164205993019776921417
6079486169883172255972946399578600797355670955073313329347575203843743910911, 19940920690091232835090238072056123430776996956894247327873157001457320710639
16033110785124361770024637852220975843983386120329457640292882685755472350966, 16768374102749201595604320443784472723402168303991821629919256607673469047873
4443816175172208721068647663100032721777067361105497580795020185573264044173, 40640880097671265233114686020252753238964742915375441389354887414147596222413
17136700386431189694385450027871288349290061194665386029244672567635825285356, 68243684517056874576569669988911660407926852206452675626340216146016955165295
41696762948161846449060504355197661203212099725645453948039120108572765986976, 60194496653255851693744141850918133944175030613907712341189733462560162995015
15443031190656335233336098680218042939266422269105530239518616592612533860421, 37548740664063849143837628074272074022323603450046703865304819263829866024429
54467197589217609528274515592439885998931269382328170972156141554642535295132, 13751150064873771661852595149341464742254457142227843687125631529203725701494
27628164330975687135640912393934854255763556621062356143584761235933932718913, 647553629246323369633075316296298287045663436646869259951993719402908934367
71135347287660069289179414138358125139555210630493790434207158239697361549996, 71320141830881521013519923637697181699108492308301115646582876287213613381774
42650776497802230651193951888329765740542727329675815624531764713039372992785, 38059373108721205735920288049360380486694529300697994420409849921553300407868
39946697692527395906004846436459076356865193716514743009017242706307961612157, 71033272763959514104488174888769303168832462386996029818982921237686166396961
32825629086866633753076550126135366557364255986725983169590577286518653183603, 1920727095983757428618488633182713969037205147134145086893424680343525994755
44514654748602526155050913680876545159800621973955517492277888135222016414773, 47014511229541777200298574711397481238148059101636699567033780413170840635197
68326866935541866268304209163436350451396723707623206250838095064670759212559, 24617694665254226213802798903703087912261463335853470129500038025605939160905
25503257880990923226962663854656416064524396841429662415511602380786245268907, 33597894472260817626456434141966695942906190215988973695061014358266081466483
66796768783977542835395908798627389980708437720340653518860266656106497356682, 47886787317482802698872139142540929230978363657461698690088380476784662184540
68419195812276082322987263568614237838405337015441845452926127088598563991520, 13571536227918800713220598295804490995150209971450508512228456078812957889589
7754724832728730454741489108158648785256381965981673826911825209216314540273, 68573318480318137944677955624441072293423352848088643643667726813632944495212
52105149830788638731660315589344648908012802512831156659161413184157562470296, 20024076881300015632305780016307945784519219930354292601898155535212572077549
28146604353204388155113172829135808058643096907631908002250214175939210759921, 1856528045542531287605343210314739193746503022471830401549935283340493996247
66631908444579940058717247905021306741636102307524045222262904773503060936638, 76009313541834656848081986026158268252703335513227894046614734430792451632193
7268166644296550100894308197591189680631293363604215838258864609682230765794, 70534716671571203344911387101489975538239062220868033518011410849863915614458
8995044012873460975884133477054892716241942731679677369783799534394129476939, 38489925754324326948415784092271555164885575725441390990364607431135027827551
726181353139172246852453639943163992840328223781542566674847488694885150158, 48363743344897816676084851738950103879001393956538265391255328424781249135392
67678252900586020379189173296216218240147954156212424450690021831840496795579, 31465410193516006532516343912657501981790083210595721941662025923636204667365
40286547401418537484255341929966680379883273558555653500004932553947678003272, 3499849063305139994086789632150096550802453985586111608526673942093099336080
26866737795926215390573359535048591168823876153971517077093618623272911163862, 71887062742627722979348433960721825748511965497555420248608135899340173971001
45319570623487172235033835683858438862735995216945558219065450477297204149102, 29586186515778603474854133892874106572622622601662883342406787340564943130604
64582243275500129037851745007410958538108861348443441522355997044820802200980, 23853154000673425867399926714390529082218825813014256116555557087059726768908
75331125405593820315098980620877491148675948636182446705010928231007951443552, 24856403495147718763912245279894489383412376463085124495289681430031538291360
19288618450163666791327036597635246402998939849087127339612548227738807311066, 65390756923080154420476814345821507127364457136577650650858490414089707440224
50947657553997772947964792036007887577282179568181423314138486742568674425043, 62927529874024052122633341137839934228348747729046488373971539144287345523557
67883403678629822035750100427166561809865230535753393576653047836232600144809, 20044998752472380043467116411256635615443365328132966407835678573183852595037
36021252740562928116269318302974939787552429810755549028738349345568458412096, 55299230008639651929677805928261852195352737264418333955412382994934110516884
37287023171871495687081863476194268620265674165330082031252889981205721046202, 56762737602476245384660376012613477588302790532963419716963775092159487810784
28678356534333999029996266999689059072606875899857025060719917209828058771733, 72399949056029302170408170468599471960405918872844687286729710792305407554716
70877081255398334054320005983218906995498838046804441580089153828049482607846, 69303069494059055410723792387312151187044383449961957280612596698037975233799
25865536856990561679785535157522292618901124794208659906833777551691247688734, 26133093044244463057348253004341220542908056093320992967179499806181825970532
29302238171894069455178525161393221503955179052538670329891662911601598342883, 69152581537963361546468201907413992389371881053468895516217697162570665646272
51922027842949905550664728317293873445777862276498458262117341779557140210248, 28125187109047421425239266547876128369245283542863374073115306263332602459653
45884004324699086026161650002346739385691465482835723933002865218023691424296, 75367980314262225484797692912002775439174620016897238867319838636651991699013
65900176739222620107446391873839671736011760803301361643206581858959226614424, 22531839647051769527931156707070987078665073637792152751508167361532530372222
54440251857183715241759736580354810104726952286850269344428774778756138524111, 71660644417982611394940520064823119356668310763074329796264113779256977566655
51758920671091630219813950999115502721930755972001317362090508580858494547689, 10380215679795042069501175933915559178697568076793061222239907680511659741076
6854136316213329340935575594239353881912172993944419500810639320090967648710, 44297481209950249510415524497933345007068702204579010213239101914477378752985
