Elliptic Curve: brainpoolP256r1
Field Prime: 76884956397045344220809746629001649093037950200943055203735601445031516197751
Base Point: (63243729749562333355292243550312970334778175571054726587095381623627144114786, 38218615093753523893122277964030810387585405539772602581557831887485717997975)
Polynomial Degree: 10
Polynomial Coefficients: [43, 56, 45, 47, 11, 51, 11, 55, 30, 21, 58]
Public Key: (42776991648600156183300282400002491555047290483344655366084734502657840044288, 3599347858365349714723230260410687104827875183617004141589508313588238603865)
41749600258249293679245970930062342720898142011104970158287312283894357305165, 29540525763978061517208464480526318547233998785707310336932413160818653389676
75396748253395513321005162309386339908723433716525238656978092072948148151604, 25437390525480725908788090851445748150223691920108952647792189544819762078974
25176940067649064480915722117568060460522058347586342242968487832972611824835, 35333568197152289470693750450486873884919825990134593366827327044873733626275
31437311576174717763081571168464917947626351156444266769553642176023798363554, 19738135965856165607410671742285826154725124908805554435732803809613373062673
58302379048619140136016557352100068627851743317355312300556227341156541484100, 39836863198776164721242296562206148627946367967366543457355114781925344808049
29158079339599192589098139605930882966877869586542083966601885865021053317898, 923512908384306613377760356394366532545269985507166440466834626564200387699
1201637679960979397609606995471764497625729289287369414858793540421261770075, 19263934064583501929546906050718963384907837372686116118171368383040441022988
44569660605428934535071410717629355533175099066149863233442727186588297525615, 49691990480926326163609057137412563232274865117701719680904403863009737794954
58972483029338423529259127097415030266393578358535138408195485525419151257254, 967869802876443921948431727887348620444677164803427701072897092185207449427
65315441799954572547832600243542196445771314551661775319836980571553895153991, 6003527810676907053522471333762119829277101090498248540422942538603167133278
16340202995257416059864467981774138930780834158436498559453652685910512953983, 47392234367994524947719599770837826481281825848350915629977454486108172304346
33160679293863641899933190240301989621434699872482481535643157552348610951089, 73044295066658114947618388705810671146271583104801799320003323452548391431584
25289610233481597040422471764585176903379417943039194196690132837416359738815, 38785068126705518045516746668136077229825881510309579035549525998779327651165
21560828375648577511532642378316128409637132683230685192904000878363369377952, 28663864729651769610111699597444716756387127589634135335393647752147885895071
19719324432372739848980435507947085305367037979415980840156903856797360574122, 14034616256380470888312993009190592239059461598241293461722912469445745672504
3330518530482350863456384626442804082155112842987505413607355809022782134637, 13174836391505649999014935136562994305365659272293596458049331921879934210555
60544206585676000506619180083961906996265294138704971347327165735868700746857, 19390977769759327945103604336842553606585900098360535095555289770027501300862
36240938070661670097937423833860966863697444876009636477804507601442611226058, 49489400915273366839470104601603269337580496000357499445652474756812229532104
62783566580018031578357643786851616987083535015946514759040689077547456276707, 43122164360545103769059974248546519311227168695562618572109931815609632462444
39127332349073324093040356446682463302507608297325808940768514185488384474677, 61761831022807594619692793455165260342631628817032432678787421705648115008119
60455070071927933322575624645722936356314535897229800799793994255384654185470, 76462821067547928301749433056401660549624676688044419570538226465305805285056
40555257423218412835548164355438969134849372413762621890369419909840432181659, 7697351628909889427643442773551179573504718805358367489218214888844247703191
48308236559244666249418167204341355790957039940730018452151036050313401117742, 20282913180561213055470881486988160237230101112707181266100768742728627332328
13346217185183359041268308257876025930200578230695177851422618391473505219380, 5556589866264791270163076817139175971056356212518380392272114753351985779629
38539154159502128026105478620301451507525082589066189317992640950116495711957, 59082461418191931082884911703822709311855283706392746980616795741602895845527
68493779298687403108420513841353740546231292533903602355986760884957116319625, 19990497560652175410411236320211269321325742741673927654632117165239000683429
29041768956952486816531557293132756095160222127184453326886175575028083716912, 43624293644876462593312261193681251922390845209218847153969908798027516598636
76051881096720860038351444020464327262052823085376505290105455013391411599310, 52951895286152414199352849407263002407910979082154565612853847067642438729351
29794793870356558886336652257600384380125165166168733332456638150075699687644, 69818765646599140170046563763650059840590806324725055978557433271083154989152
28327377418415820083468073502774692134359271953964749247115595560128700843012, 53500253027560123090337454180301363295988685963753049613429433859644672567150
44678645710001232765875838157820414357059602332808639643619764829512168864496, 40472915211238495887330861280438400819755409155918861653496632884038516768430
36948361383558508566737107130754325964214215087299708003443816230178131427616, 7961771744071912607108679537449949628501851736164491487812843937859801689528
12271769493653467559760211236378343468119221658058705184360308789652175165330, 48047490777520371151981581162278197321018686831621218515752192160207024486118
46477606243772800175325054074885160670750356719516345097925150769595216456285, 64992487025712385095536474323045159891542107497800684333884992280115311883035
54541470898420717267818084976146968015298113433982749509550354522221589920093, 53657258635003054990316386251531867025398308400033858009536313369760565408635
47611260491349546737985323498971752479956934729537464943345008381224340631139, 877348414824102085124887961838813964323059056398930491292083753150945681534
38518356660859142247453055237033946246054300461592428726402733590175833516551, 37196199532584066420054044938149250777356411991603862530409806381527396963552
74801768834895601049245765098120776637417467834131719684960883275679448214693, 41084147935449079547608036072345650861192215336184122675478899825242434399762
69154529928632636676458453926380114619231133738430879390040461871161769062696, 9165992869018820116003409161596016130612082589496539927962287523347770639170
18579527563142017396464214384443586348920879498015685747813636913959543883428, 55540466737007057488435973275265065827691959768133601021041826233258204651453
56218547037570367633115244838362226566027386136242509925476977941318827313418, 28462256452604415482805111671654132513887557442987069937854878817963837944760
31606556962955228234359962482805494313871352416416898929416274088977106929070, 54143019326519159992530349023612820063600827445989973131181919073695683942668
75382730131279999079150597774767052234279655381927586546288513848525395458002, 1378585764869563506779281043188150872607562173998378585082513322814089075805
57408107491692582072641042768521317360230170479555437584214122463742477906767, 54011507856310719917669174851283343577239557423128325698114977034336319226693
6738090058140553379330836299792468882743414685938746598818287446382543654396, 58358384461400995657262578481007295881939784846723537859828880584660706887626
75499253495709364138141728279156693639656167796335940123367289274244151463683, 62154906565164344424943031529223242286248122111569196459602364530832069929556
3417785924353154139585232925895862974174454073438682751967300225434031761986, 24347875945195147012900493447139250219736880177885311091936736304069322801183
55592662557195705965800304254390809980014729037499756198946869414284937982106, 10355388415579814247311887737507834647831224605829993683505194779351295031351
39247558413166445576538224307649516727485247904213323214102662483263904975186, 43047185588732808304774006433852995166740633291837349427789993089541595810326
42101270691052676575041532748051420497463701566290980166073056113735981664316, 73273545750860384074233758246507078977989350038001454503860597145331524514578
37346636103992866148795540646944591807167156561056630307036665515726267843531, 56644993701510220127599362303679542325798925915701763006753179471154813260299
27439138782517170059892550908503107815980272911114941907703241405477676066303, 1463507931160632488038865403613400920763715179956270297544634465255881886591
52713932679261589304902569344935723430869306089447506065736790166497048865069, 8150266678905370377092229091329928219189181874373050817195062067978396716547
8150343774626028255416598395594912352030025202132184399396919551199514592550, 4935370968066120054333480587777675727323591187004909271629201329904683786312
68761005596787772558518964495944085691444291864051193887480752704139839868657, 48540944200866785790522955293772026037991112539991825571217188142774598070442
25550401464031449244449217535245112077530653119547625342213138340495923458076, 47997680862791466682910869991008244100706560849591291822609231589932337700865
4433844890130153667796499582680739688637066730284293413036349274933701908207, 13708531452204855423715690356339492982293233292572212383215297498777405945591
58622684246561792834813366215360971092678818609906023231530661662149134079976, 45241676469470274966369622751832106855000004038710499197589800959282077278958
70237246433479822161344810639043929769443164193930082049111832726519443360663, 51536624116731145838016307650806364324333362418458953285059671811498737241823
15483186712327143868680709019584638656380101443597339014497030637659676706900, 27484980562563899410522693641029882731822386316989097458168527807773914367545
66633618958939253160099987222973473828976077947145266387582498367677288974589, 2019088582086368480823196443927836191344969676477289780769610745363088177085
41446575180835553451202766867225065397269864829478284931791384924097079641574, 32045344945846613661643195038213551196612996512662841990321282626153378743825
69747637646552726788671741174870035943586829525830486733983736097257292325684, 68737162196343245620514852142029373208883821327375434015263292036387391137353
34619470617040471544553723867098097407688829964110018431645800388889102679085, 15358194606904238958798728697921266259987984425041805018147501021363684030765
57485900465610160276114343872766214186955690349701938777445245411608576422142, 44074458269863032586098225791375626227880366212585801541879622029072332228711
1069388614824503984022097004936287030471706003314219982680046422869745297820, 46392154171797988635795647630364473548870515707392301224540682599791764436961
64638950387666526674524824999814644573007247258025433697758446377742304643787, 7382908753635515022754907101847095924298226517010198409551978407535067626239
30869528243825904809973582202026601760199718935334960540824988931824235698999, 43052224541322123194799309796553154710658211542001863739879987684445019883077
29575193561370830519792885221328154828121049233923359824271614952171540640302, 27288441446242748501266080119294534633154576074128051379528130143653204970907
5712497963192672939100230230550906706166055021484885809164941587917268892757, 61890048461236168477547911653159448758457248821823712704906289169359737006693
31455491476937144918907982902842004689001151301810609606836212248840980507238, 10658044613122401081235460675987204556237622994292672269980310517054196578593
63676151435905775132261074547363473782641073502686149763840645177418222773648, 41901806913535936882408511544463038355243147687845859753554202618727317319060
869603400063672040348629606905401711315895638669486475216071332955736526165, 63932228313410062763326951476551635625778602440071943598826621854824972946153
72623883667715674298253520753352324498817286890537143149501574593188267140789, 31894383713945798520178248818691828421201303948199116656359557086191026514893
60944356014184949780480640099100409029094694970877688566211366759714263054650, 2171975017479343609733681730330990886041114141070154109669107135614821758488
54724791915228797349603580365602113909671150133102819918746901143049806961177, 14149532932843751705394054146331776141186158386235689388929579589091433434517
50254392033803625554583258978022087273618910990778803822545955726832447397374, 5704609999516878880905764606107234875897497032376217798510774433840509664492
6930472007723886766825657719633977636609540435510849524112614149832087983889, 24061500649780489534993423761216156945393312028359058115962238942664357450507
10989011139015882221252761964665482463075495886005157561828631250489719475482, 20639841283738929584594369057554994926892539775905651148544494918624412495142
10309179981431177691652064085901886605068468417646207631858347588172517793101, 17713579556459167106660883868817324819187456996290449306834992552048480995966
46527886867856102114591255495318440965984818357191388021950204438912559574715, 27772492484453769099910221280437927903650182155108759077202821781088393108391
60126060104003046698976395556170426107009854264305849840460826636159496294672, 57318310839209626527819709063385578888010060544643882087480223353041420344519
18189503676211325309108693016965224008327239688868894031966324877321441654143, 14591435329242454095704710251691962500041401294665598943042875703872466443541
70399247242503839444572945662981842638911355121983073130498512303428828699709, 7851934307172178380864753866245475689612869771882283021576205848885084407809
59893051845284039564290711878121183271649487590542401086853217615904657804487, 76456000951759941729669647115560531668699052098697014377907247544265160399931
41478837128749892695809144092762720486223655247893295991781491606582563249634, 18709180069244088338657870088880860636329914149886212389206560322647100259245
2204417761750627816522282220216519929391034850489459164333660521032296101753, 62670231188331254808083742537080492794173702072778727336703488705792340134196
13209659242739826274913827195699668649107135036975988508533432825708604528156, 9249002662520965332747167400262111074485994963985810470190528060125385308887
28292750948603333907814274090408794341126360361987937294760212370765656386012, 60188675598054434109116166910074665795853870672902617593693641137240925602820
35880947169426658326236477008486832738926580536822486196402660836918083909495, 45866358105545972458328963700254722211926009958666649489329164443477805721787
49494075523735027304147298690279820056090830503407075362733535490853988233573, 55240448375578771211187367984682851753519193607339744721100664613637708189877
5453388679300638542475571822145952458221188448073305206471778161616471544930, 26434854402608890565099089508507558773210579920713596074112183201336256440235
23363090528826719206338101289241196974063179478567316012474882095086578900355, 63153544890736276692253425021005658269416358145984274611340451725726026849211
41215001165086201778984513772377818809753684950484921109110101841511657268817, 58269851248268666843495748614569068206200169056433419298370723552044030191704
49345833093351943621885206008304461192590701054133853669376385497105219780945, 24221287539236807447894604847155271920698798061198703600161891177464146479163
67559945859398953415540417068321550134897973178471456670496556853200489739755, 34628912429278821086280829117027780121699716931207425245542740258020790192838
7275130053468156400631670788408751731744139443979900534330549740160288802714, 40294418760608578433399793547151295555000574526914775962348923544191604580628
61131886386590352999885834199764333745727110585698364912197710854438700375451, 28188748328537013292715822975080104171703724915173980720253900662990150989529
11685175220607174652010435861284624694686102190546703819599352858050544562783, 44560096564333370526062929284821063502237970169480662763170879073661632086648
38174898647060051675625152817553337037853656967865462536865007513109171666083, 29926768906061848971746948885132676177809461532000115211638967886518022210999
17929691948094878811213091332698022209880306350166626309885388775716057280736, 1670381924751389387993873912981866129236632245550954561620828891130881973582
17169243542012147996149380965028580931805726088019281479222793730370363614455, 33601186005509598697529884187590577446975006943361133304524676648924870526097
37873838013595576893308356277851812195560013889105484445333961213999290971936, 46718100903329906094043321917725426364117464302353751450041556555883650200706
43526846699597228281630039976617041390283793706301235312958044774496418840085, 68649977770252800077812832760336353598598615357750702769054396721545756858514
70254445114371813293826988820096948284911333053882798899958853543776237144303, 39616138371155765738776506747012870558850228173856453965336257837390936743517
30122679249725000313886176640790197931981217434371152837002417334335507216816, 8114176489363871913057364958947825196982498639221605605179208540248474803474
27144952654787815008589397754797978407724864928756597399014953919625754401894, 62943672521647399968166117201854509105422020910347578379710324175030317658089
41113180065761011493551013454504261681634461527176349333769734069432994380127, 72976674399807474001900653521285657308188497475282266050998503244416520691798
2391682847902660491441838725049541360987399548086749899743604214744501327816, 57767533916450843586825270091032158763663277077259427942583890311509987690714
72512412981113076181348396999331387996705873233622127433872336178596240392025, 61187101834350959123647579076755770626362302606287955567267840266114590400777
18308950447543964801097070941906655168478653207211870377383800737660824386165, 48715252662781788830640716146116143681426831453462578805708235532133976101795
4654263184935844170788304308654248004867554336628883315936515657156653254684, 4994211279686406448602440465685048795921893843094372956776554988595767589590
42600870756851897779221025820366336972287463745993665774951278354687649279231, 29223991685548433982418543403411227898743749769754888108003142070403851630748
67931555507550671891300024231363078110218212715165741520974770269024475589461, 15568997074394211030192020914190873727340262026447013034827825338482698575949
195819432984852734505192125030708833478267918393366164003075120181113608666, 59867675584000293900213365367054766872101443260464466542810777329820228989524
1073270483590039768568522582872545996653616896716387662298829874764328917928, 63167233775038987288082654542096540301236018321736470464430332534794036412756
5851481155249127238115115199354971550510746659994823286815466644932887113210, 22091409142938743618747461676904008322950530017671117948432144072485573080283
17269213138407561161742282560563836867908835247957442968388462242459682830895, 48351798906218957286525533443883886590006125210606006106412634187605691557212
31701915614866720127511248658951689278499757326778620583104573875429900121245, 36776309026309272831985665099281122473766108440119505110822851483899252912616
66911780266292374617900087670349723478055540897554336177494309567254829416850, 12332117077771964335563465365068338910893200762612509823834096024120533760134
17332408405389643270682964118739152408221709568647502922028087771134406809448, 47960995693676286761756455244281099930343206344234032144205263258340355535962
19654822292996576509265089642954799566118563633867014180293220886511762201185, 23820532592833534261889741122951873385031764085297273795413360021262676239212
24515121941910764086351991979155850130207387647437072670682272416250461106572, 54467779842211735534954636979108330933122763227553941409614069234923963629862
49792390063438213835474172091041554932598230848800543095089988032977215081867, 28633790383732007265950274988348545828427783641467440448082709421807922299497
64207089855767782772325631347209455760442770156882487999290008496468628082137, 31286908380022084440970703670652846695375591425588734588301897612353664270717
60790573585230965415374821172856635463397944493667166179034335320849759105270, 30549417540671204947778086594808182507581423364597746101334477166189634476311
41454501075514839909759021240687945237400695862094263105983382084994927698582, 16891909533163182865063601418528489846924366176935263443150130074544138602291
69160257768602108203593540363474232584271870522291446600352904259397819415682, 74605987482185639437773153809962971367162708536802895560117476579137922333939
21524397185762382240254486283021931606411612683281466626358295645249311581136, 56119601607610416209751963160115131819217401276147027672865790624447730175790
37764370706874059539553461873549504221402739072637254534891344047540174340418, 15423831289331758432205595766941300802935007592558749831480660172056914119861
25540325293096090211950248638906982426303365777843259527053092552468866896375, 8222868401833202534027398758727618991348322290712353181112371667550656267096
55651562905142224291176471255184554406127824637177666498210535182281189554108, 26673569919470372769989552343168065253056043579802645381725956713339503746110
69207210825913660722288772909166796558207381953225633573048242686628844650359, 28680116865525082872826080387166102933564181176995388187579146546186292472069
19624313861944145966541701723422992087199147098213627995338608920607539615376, 67738779690980875796640786163678140028809219279739213100630578067492642402347
24946996222486724694888716827379241914618218975220788485205911200321705232442, 66828981258406423694084466682845947892877842366451391536183406104570286646505
65569852961353401173517432186079847092468195025445266948106415777325017733909, 49687664745116698342754431538302312991489287918137302647805113144537487519419
56475525496674796682663917157024684536083931842646027847792884278501148177192, 53664349518099510618728559747997537598234162179388161442408158257727624133964
73131464903113953242004249725249833946832221465294138394071361352642563641505, 8977965407937051360717389037409420385918364802393822532476121932532907804468
49563391092813605552511553176958664195341453069095188877881210356006384943966, 9996964353463290792247998642410715135060624142715719748754509808045064688299
54455808802704714724602445861916246954615860241891149844317855321167738199240, 65380612766211057294876418211859152440036001373212896791828418531941323892203
15543401771623510797753269170734978923198459327986367152954996815487937136826, 46149744723551847865644184637683656703899475953120903198541161372522824022729
5512958960790355963843288296732959830235025316205812928437364173798444327789, 44221807653270541080610265214720012803717073144993167686268703643822242870888
61477122610210352438333924309654509265042767666139642965499817979014087404564, 34568547259835575937975964894447585132955000870641793836507314017505844561794
29603016088765902790218885555035486389161393708660998674358930687257280850105, 25747575947053884897198088783647172002087928031594540924806657556414396962834
76435934983220265219832446184248118507225315741914597900246983693023548795507, 1757486969823328733169172254991482405475197220697430003569158530056621126572
33444613411549330261432768156318232815986594856077463449628100057292402768613, 65040286852415079147956694031269022406484057252211808900679086422746162471945
31166362033945787096576521997891469125292848060869393150411885292303385097802, 54302717533056665825589990843742944892981283602226231082086825776834694577842
29276225466948253729223138613858864501706484090973463705939194126090395902726, 64696948468045833124123372118414786605441115357965230875055391151630240719919
7773145282438452044565352400979355614465138477107454733627943806499130644607, 23905280624365847592156014316855436711832628498970293323510096891025340441443
1779241090895298168771533937698801493682137857964987161461822516692091490901, 21263645143229586590255598377921488845375464008756527802336485617297037998836
66222420209707668136487263814361267939880987775228986805369281213834930778714, 12832874178745860718253064521936556045741626476111051401383325818846951432343
67787143147885277987408176051899470369346800466606817083717876639020099092146, 19799179546867978967766607430538560934109243304011741445079469710805572089505
33790193530168047332415625815886050925872294500977959381388040665931255162071, 26704514165777791281338968315232771748833054591461119770407761619833265139720
38763735558526104598841143862130583741596081155394570199375343311005019973908, 63293176527632923792317664560691331594705949035542624713491848731599494166149
11137067027181124708966309830615865184289337219322187202644090901056773542209, 1785536468311106551332448613145779909915351105491629787802066106837525425148
63544687838875795116337461183741834033517903911888023372755684346187058593971, 27268652342366051130649561766722092082345490723865829665902197908839610055581
29502644909928945261561033368240636273554860611482611855412888127765971676536, 76853192155295332198674000598949141349368036545786667889322091554728314263824
570537235155374909302870002546805787172382312436292272848286281349483058726, 63521141062890379214273001105473069138134898894199320735115403189267329547820
6489160360985378786563952668520494056466885709715776024703426199877237165428, 45889697527090869410465305962635592994733477016743831682791009770109740811620
1288241112071105468114077092492191144594864161555546814522159756954691358369, 30386209713602331622567120606055495616246964026755207552535501455201437451932
45383800155804504841053887408739339302335760900228515759957594296011953953902, 17242268584940496534440973103146525687287184029183053647354057353038520025373
48021790358179616505645140272411504021129166078262121947433953589499823862162, 12110275948803073333148338542282339606124228180049399345302779620272532120247
59224173456752411714221805045763863729887925510229648727754643797316365270982, 53915181887141757418512279167945603170669424903215978759667062690492247914371
3698856081561140945640068230951418673004259850012650551809467230622730613416, 12457256628158406846696315099011379324567949801070951482072486726205816223785
34687604560395574386936760020402999987680817874478765005593278534145861499249, 61097782936406377907362259640380576113142019207955596348128399120022078276516
74328020747521821880296372222703375671985996144857555126218192792895083439653, 17251288949733632052543001149684778120814009446621407653124222031510160383998
19358291034811195415787730016067164014956949062456173473185623328619105998789, 29109606017957583012079191471871168984773461603844028360973533740128219624947
26847372549660063083720618067430836351937495344865653372229259872629839447844, 67321716315129471680222328532828157908976147280586674408428637602552912501402
8771634004939911577191731232545380424913730443136619672001779930650692280037, 14361441626067265847564830239969808076762161163430573093505273225167717969620
6711977698951186573979607457073964713342394305964367246485485863025752565883, 36299216213256524482273527589110166374010048009670389593310008659156999848378
58734988749233664946176032158674273089394921797344603312156452747884044030332, 19353449827100205304588099831421686146934593216676679447456645019183869212669
75533085121029805139654399235958736441119839194376250984132715139987155525159, 12340065631968273003065189738048698826302725992845728868565419847313886843434
7292048014124747517710796833741421905691755490705934486064403784813968110150, 72976813367315030854283101785941138568668867295276506038616183531644656383591
26488889432183693414171731020968627173849560782731900945571584473838408932135, 60176202255353458605517918899082435697850572680330380233893638952568992851699
13744516265220564665322403213609615949510387639874695388611021188832232277300, 8569855468704706435909889270125066446294769346430069107493408282600496524494
38719192614518165774903137207364560241982391102298321627149150732985660930564, 18004341145167371977287033075853129811983849706619475529860070158858869442938
73277960340049178655212966099479135266235523285801000743687395931600018113182, 67328452619363122837436697798476348329830915028558246071225513932312650122543
64426025389026779136838351277296842729458914440251077101442140114061552561380, 59730158677735339064343748396559240970416932410411692616919056990647324004765
21744419620156891796353785254670328681453134188815580719758261261981236551268, 26515018519777219532199897907744891697869887889566906139149342102766447436052
75190833286976500797828416445676749697126239776529868745853498788964156292049, 30742517746592803967670421739076887526216032509052318499561692292778455472339
3881475583244905689924447840520127054029913336630547611112310897716725991932, 8110499194075321447869477259030930803654254859307030402287210885101940853216
5966840942091847594572340745738689872930109168351218770713886251474940903677, 11013799188547766743996151562194664799279597029434122662077903170400836004763
2142169497824726755014655468288805964277190688708494736161204743117061622547, 46936344556721374680242279161729047112081151453855250721828551241772167352917
29317528572343367016349689407070127729936239596629248139679371960201620671809, 19367314766399386103742053286720781278172587826821934906627618490467715600842
70928814842550413131890303463649699205870969701923184183051256960812223818232, 30707903589781094564460752436900446617406131892613515610046373509052054135110
52135842622909232344768857100753426477357734806592772174605464384330113227161, 67859444704644923069325935345069074005654087615431548350690039207789429993375
53883094176446484892575990310397150885935414272965507599578486657505829505082, 12221965214894609045501528481510310199129054399930777338843207708047519454735
20107077589227891878047735042109616956286626247964412682653916939804040382531, 69085880100688102910098472329404008414713962575725713709450217286561282642592
71337209920205436965041476448138060333507988338429476372641951427424086798820, 76151487055664677034741438339894764134453877419639077655715355447003643544740
68629409286299363904847765871862534880405683999237653399793349735618315824815, 2038920261340090258626220048692799321302495544981985170868967970879348371711
4862882790482248090682792716879902000416001712379169828422364016331309918895, 34248183088597090355727411650547768125549064835188731086219110408880224385404
11727452802084264977494970503545198203560459676871614256359108048601857776998, 48495844841380365464669821685908537555622819142620063371718093598813902577994
23091847852358475983581938952984502837010607083403399083667263727575844472625, 47417566295404491816748198266413383486738451181243827974158725003167690495949
17861081576898449700267102712891882313180908004661057912176952220165376831728, 17963364680558639077211195382793910340213864893353503479927287204303282643127
9008382148282094462211180927355009321788780594237515935631528856702843940617, 25906085287596277007354854271007927830401773557052926309513240465081396389650
21677904274522286133842910458916176733874765075286391985629504107063763518074, 22210897021700062618606682812009921958488284053189727275498492176409245966551
68867896280308038343964273887060213749600529192670891572861972032378425498729, 29321227131301270455237924259419928482339952138560548344967524106444441384657
10833175876589116498408565661154497489376093594262105179104773022446150768481, 75567529684719523704778258206168604819916261174857683734364802232947911352368
54704633190584880904724168022229911574135325987985600347589028654089738738287, 35249193382335794089263510573423901773715332794789443717276401300676519041455
66329729581231423690707881763087283640172220365585638031411545754201157976415, 42952625184961725323158200241539998811170488215708634981098107916948938819082
46502960865547558705535148220632980558624224598669530477156047830246353264061, 9470151282373594844178820883551649136307320720471126685479591846337123616193
26083943221963903776387699874566257672533405909221950858355686836891236784743, 27327183861892645660780488525369110100066714234463394556118716653502467909808
20183332781355810945676186763267790754969107085920008994716140904685694915359, 11609041540564010972106647716799433801552763593223823698134292411868489896257
51346653970242957471558594569190174610037104544968140726288748048435397219827, 21350151901125600898674750378543314839759812880913452563428033202954824640466
26298692884822341350400843080364652061938532306464890927645829152996827100515, 44717304588381812739159342385317079777992881326005311193711551932856100215461
49780675725494579721575783263997605739991964114044333587926423795822809011051, 16852712605588031220603838074476707037704187587988101667012012951382891440600
30424474714265813295248831869991095345123022185566460332090380409906151344878, 54135007898681972197691993327020133651362473172909174923596332550849507962584
17598065886544314380041502110629412550145311474003198759207173386537000682894, 11687795961891849313801355860440100471784679948749484901131328830603924154966
13637366868670429582024314118848653168564961509570457615014123634008748871368, 71912299472557283852763528972814791520465931169929309019223556707426604874799
59938234097973659563756101320053131788217113075568663230758755360971207649557, 10981183801895957829614028914931967347151771516285881828696060294371007083798
20738520044568779015069704326386171578909633399060140628446733770675852266014, 64943392737881968276203864489999045578494513591027502011024917315249311854132
72439757503744529484088424316772845513732586366728902776621482946365788481198, 72400910048246269189630175884163559572995600245551230323297722709348524272397
18269945745852127017227782001259374729793750630443186404468085277272795918915, 26238798327705829920212519044711073881759960388861892003265815708013299367509
27039001696322117430296069768449926828439648948613117011275377049964421703568, 19838375180451341582228777101438297080823405684395234879778315319371483139380
59614248810778292119447415362114806259272829307830092756415802677900148714538, 37981036533165352872965932394870038491750598051166452475808615863424695317331
76028855763243715971680502856046393667402130033858872492735879647585735077277, 54388020736881685691630053078946353287280491297296839327002860547444772050187
2041998305128532342002316213422856194632152820415688081359112225634149788111, 10135905880929036963634691951457486410105388184420213864754200793253817071450
62227719773764886311955416231482964676551868618588991025166530634644518280873, 224655044464125106634776090232177317323717407876024693357741634135800653310
27036172686763051677075018710581032812073397878725244046188265978195496435138, 13419807469669614721285324624466901554167673203661320208340689913577036147454
64504288307653572270734341258447044483932145266590885811804815597944067030305, 44619103448114688873231135333840226144376288271662185324209770763337617363568
72535434904824490288197357073802872945922690803152360178752197909473198205202, 31734349808338853151647266461766640078835890771483494176710460390701850325974
21985851312624175812407420858064663104369063584652503256626640791602093666149, 18476306280552396903243782419273561169927245658261745943325724649328998016372
76630818337257911901805597099345106276445512221541679520809883328589303483229, 56011001407925677139704736034042654006616222177401868379046234867406887509057
30648929929254742422804579464305166404006207568056049827928055835287604353980, 12236969082790811952918408038483282026895435500238848273674606912164082331235
48864103437851107885851984876732118323842397070095300778535493121227418938367, 35806831194393296644510039452465680093035382679386702702141862896919553822669
45933426173755479007062608755549944830929181967821547531293909527841848053531, 34176368959628414316041608010107939596906641236375062250389034056622461403397
58549251438718651833193587245688921075040457307692625372703787848477952693363, 55730941852845581842202404206126180392998230818541568799718886889461430631819
55441920917167353376916849598760384870225142640634262385302025048255719707608, 58178328542230444338097365498183505042403598514747712218778356518191733303422
18123340382301254699194896413221407034139162141936540747540018003602609754266, 49675891965875421861084958965884332611098774609821679984717965052726051304670
31296639716000230563973590046790246278194925707207636898643920881939147800225, 66497702763556235200888937131649022698334548247020610755475142510009992437133
17556364277724796526586159679228042221473192078780544355096339027257278588595, 47845537290672669221398518103776193096114761779435415986459554494684395179545
22868405293734164288243677744173476333347187791822747681672783567540067393646, 50969588844934016625447129918921453014982140770012516533421922486803749806686
19609493180510843689497401966746755659977704396921894650672668548474020374208, 46162404160191918250217204850030126405251412139465335537461451230265207228581
67687521956565607916063278330167746151529406251274859606347482384612054139533, 71600276490918838016723680945019960711221894320117042591933910944690733735221
4917405066077504660910501831708334816871027062140416350465898421729850652150, 71124307037844216647978250027601946566591819432949710760253367055635834627975
36494969076731695921926761504287475775267737415851038511100173942411879359990, 2414381095473457308501482782407827413166502762044495036366106247257301235746
59746070726286675281627957182330687334497199771779346936667663596075363842297, 22780607423828783944027446218147872311707797687238463315212095272468367271542
15917034205505344352782938466085874156191217476648639286199468096455895780674, 18613073108082621200834006019335953799985716620649029684900176108199112315193
35886719811750767067244468665742541440843010415455982879783773145670697845630, 75266630131330400447269323647273212924724555381171085635212319527879221022497
53663364603938320707697099899820272998233025973619856345439039325778004019458, 71889876466933578367626922426650813462372699584075551134246174487769210502952
61774304032385454540224795688671571471862387752488265610351452612392805805344, 65659513527480178987765604899507017148129230127628668686587972195343627396992
7084029319629115656243252161263208825634052923904300853271856224491503576485, 24113236347664859197868940570974480564376439622066583049994864790877720409745
43003405451295004508363710036822416164356455622903598489057781333493387534875, 72553398528361648662603746248117289614496565058292167269485565032052848945561
67170345828168089382420257433796641520844556300897757945937548805993569225571, 40226941931522943041602635445250952217287126911373771056146774217905156723990
44428109890482444617961977091760414707689482832952520830488940300170854235107, 29703960241394623929347020786438728424870339332672222214835001694786437459953
68237449095035424374157256190240407243458872401679554294230799416299357277859, 73548111545708091569453661532159726503654814852183890849229089062258934838110
59180814985079009280532760679784571699392119217747331177977895566770161505431, 57083159196061356129366862608464981747164722448090735655476224559904873289530
3007336262633155922006692811710430422077518935521406912614137593399726653105, 23452465637657057726496266231355981879222058422182744517614179829844150255811
74932733579048681897741312818748494593329868376827792360495691374836194828394, 58390216051733479894571639858190629955025785129835574088232946661813923115622
72032882713075868364909370878637251478378924062489104979440798606740500410499, 58124645495188811851603551942077487528967652532715283145193531575582250280733
30405449440473301371136973144188927787047461094120571428145954014856300451742, 19440790386965513624696670543710384999506411164219289382562459962502938303467
22070319787185338417555238018557074900498457494994112447311250003492135543485, 30185365433925706897518998267145946332266907437092929579484405849142027569542
6881696067895697048849960450695109655898631232667907227100838625077810148629, 70212922168282490678735447619147154922708279441988124462748537676933376063531
1961014996212499258663588030950328420474299063934255124931703197511046782731, 71963925119594628836489987367241350417878921270868315774584076916830622869746
45920914149233575212082300945323612810641902400823793923449689531352248454549, 36946323936288051193578894370015583535432338530992063482775710955092900662454
74846334051919915376739558122287341815525853585683454672724563632147560923481, 28417808858572823406679455382170000834092668516429037368513285394538670282722
12008809767854510441822206841671000920142482331310018424148295273018505340840, 21487728947416911326160960545568501085271785697204663717595371268351579382309
9754271654225186359178016729237684152390576723097854349989915405236978159060, 76440654494675336152869576944154768594893501478393217645141043723846035302868
15052720423496479801726094729352615911037094361408886446824360886584352143650, 13350434123069648271616645835431335727482325043834014783602368793023073238061
48933222261219898301441285380547261420212065400664840566307111480557264272169, 8417073434630111513395609364525076195623158182124133403444673209591605500559
70712652213491116116788219156455831127116248046672898095528528558255834589054, 47119933530584527361526708373001014127003816180301881901558636399048731867459
14407037124412106950823455035605755781468088140416136467411123557557606152241, 55194960572182657816333656327937649729404554641567696055692539324545032525342
69738207636447778898246826558078636635296805198526037776531749856420650585283, 37063402265329547536376955279573780992946256308432499609260835753978049320043
3132490075566916004492330122714489784593096215729875660741735089434022051522, 73486818090953445519423629599163567980946106859033949059665648295282848396648
25607018422575775473638768985512377945972546602507712556177658312974023479714, 48467752373675580947216503809648054658156386764339666815313909340450747082386
8303663810741552900257899279780716319340224877815668247391401632722271598727, 32957853188659316993423654339296167857808501146440006739457541490373726873913
14610935863251442307511952839585067085964360553468644630136899133699993890059, 16749844220670464772769059035254667484508694360651885458985328359327089416788
13034468417467905929086326336740901865277572583835179262479331807445760030332, 73904941132079684861061595376155332327447509393178365267117084775773758231131
5740772111109327035180100010469580334198741716854903925663449030404412334875, 1235541837655733197076130890944978484725287770516145087264707039442833760908
47829357448626482561414797769852623875280137770381547959665581795685116210668, 3241623421575334612800311426309428231048319686749927297362613371071404187136
2407882719718550188717469028563354150029604835658975915902978927052596909837, 68723259961324923321311769636314674810771710252277504948526227853105076056477
57006240646402000092731612419244399155196008222410721421145649706290534034460, 13095315604293742927611086145959682538246579479351117013130159518572951946411
42434019749477584270790390863764853891662316244354173213228026036844838571467, 56547286961624707432265258544277771804582773061968538308794669529371087166530
41358045679794876252016521471828964356291829094989927897009558253966089745733, 60052294835738469415873538188677770243895029000497790175335783289117647159288
48631458981303912832278825329537372444722296581961160977075736822479303745241, 49867244404840493288216308701637623668541874209011378597773008237922810304450
29647445102811306570639026547070685052352081051136082630310393679907460218295, 66421527750040549155563983456132103299451929655418745794263691582574284887994
46634143197102958263327707370362565227270127238876007453071427195752514658049, 24245102231789462501438202849597639649423052682961818956067840779330055947921
17844437502678496818835214356558801155524476092815307289386147124210677390458, 67527818545032232410160146460176484757847701432544523076931879082506104884187
6798639530553438979474728331486238640225556320804556398888820762413610323831, 58175337156588943513141778148918724926489362526310226953242547197138510654068
26686073484089473528942795873043094068999759238074344175659528258235048288484, 75857164252500254256747539023316927874776362800021647611150931068728270721197
46415538376961889604917447320220308470942781494923043578544434501533950928054, 41376117709886494454913294249847067695072081687941442406993155913506384765384
63614104508696775665000457798854089083751637408988118078033102068959850941451, 29217590874542977881229382470852546554599295672489227703703358943577997373059
57792178274322256999045342233022420554585923834738476782608831740838937948089, 72793588747234949876772933947537704537023420219068030954360813570517391881003
44357565596508621719198709987360719880877525167640847935251788816534013713274, 70241043568928000272654981598277754568752188109183997902746702239197372037199
74653883216815010784845247312645496336928837859982810282796980926143547562155, 37781620068686373102869512068936663211126011407066211094474327586049682546018
57360925560679314702113553539584506883940484689351256509305347439826380899135, 59297003119345303864655547997305992994643514947050743106525900711863873747093
28643650271582271171921184709599533134296734181942094965068544369664327410328, 73398670508794415741760768218394847570548477654422294648036834836415220907232
13593315105037359097895009515985702303203469474430681959492036784921754068193, 61057789379914292131032372347102456880965619978006028632041482706672515355402
63601144600027772467684666893943758356866129023275323178076020682240296194469, 6647416523681405588724846034649070267039924399996309519916672586711715507015
6802430186909215264259776172909582134320488232847510596910154097689600215521, 55984673950195826211153361297879034474969302553825192203182787013264559087898
39301616942862957519305886467646124240158031655210796435051059923465884492811, 61395334107316997719131400433738081573292840010501608828500514930766755438877
45634943468791150122332702976602648042477102257479252453821488979463694435663, 11495725003362472412796271879906758879477871371961273880920942404750170414578
72843392612136124813893273423596815885334826125121902346769601262588994610779, 9424633566174483084728198556759500207666732458464617884885552586726347620628
22751295308125925141797998858854441375602763399513213804915170388784929798613, 66192693995146170518361469504368815922968575918649931224533168362244738875848
8357809518570013807710615326984091684562950606021869457043682538964439354081, 70456753376086739194912689122224464141341685108545457798718772304256027028174
62776134246207520440493988342733768238562677378620795937126629452841860906127, 8158022224304460054777576974617207886522158977587256204565776250105123446698
56357472862721117585185836459477704421642648355757263324218621535746229111974, 53102399481375502922190483550902744069658765817222277967915415562896161487284
22840868283992003978796895390839125525363108342977870631360039462145942316433, 3605057760028613394793292592905747286126889840776344293094959601414100575108
51711965469745063787546494513179594788317312006925318864324091522659858982382, 27270975319218976662435490591558074058551417115065152439015551100033916013023
30787993797459470858496556811626110896118708759704183691617211898164398180221, 76107654166787695934881419540599684111844508514954401842429014626802894563371
71748038803120851530977854171816719680571227157645945808620232367819756905470, 69181024431306540006181114569159378315555871300480660598003382462676197922279
13788953056739739503405931903900833641545820445407877074777690490639915148731, 24191761161234691571112261699543860586368485092921142016056458035693896279734
21170245291761478668368394119545656628169388729664706278916403729993773571810, 60918520128107307283229588208606023604643369219796697793122079391241668092557
21495945022295159083549555201426256574296915631523368455189341683410101266680, 75534347113182595185098563327351571478587098119901511617331246570977442643374
3404257892376237175559269950890629613993087056742727993409498216846510791321, 10012536093886165446792074395744413874425046207855450910480754897425900865945
25419889704658452793190677248539695638652139401038164078169917420149668582588, 6825382170772431823744415061894585823552549609749565825226177685583765564787
