Elliptic Curve: brainpoolP256r1
Field Prime: 76884956397045344220809746629001649093037950200943055203735601445031516197751
Base Point: (63243729749562333355292243550312970334778175571054726587095381623627144114786, 38218615093753523893122277964030810387585405539772602581557831887485717997975)
Polynomial Degree: 9
Polynomial Coefficients: [57, 47, 57, 28, 23, 52, 40, 19, 10, 20]
Public Key: (42166349811830709182279791247656164837444190066609807841165318268120687211546, 74079929736613060480059106066307353656544692392757719846113679317029888282548)
21207567588634224157402073205054080355306152997824968292819658642697730884946, 46661502656720620544738659386576643697173897551137321310152821512694184971990
21695862049032892308113555878263426335698386446550410572964813240163302814445, 49107202221611295706320472423286739242911548861428577626060231644474335005812
60224818069482005609549540501785097037527906861549914720599553710926639139605, 63251614849362356472118722083517344819001769603369704466847416524902495149354
32573940141990842379132421189081641047608892390319291593468725661617624464876, 14693293318203013121214090690463400590660044846853931745089520075646036159375
70764926229909357119056873090624442242508638781485175805175562738429710455450, 21019762729546944478571134774054383219062991545377375978672305386521406805228
39418270751357129936751427726332612436017166977887103557192892877970748721285, 62328337414775221966310262764970856467964264854956015000489721089701109061417
12778730439605213198241825259700896246912090750830492304750638881923666567921, 30905946732423498555111944852340578847312913322613591898941276172783474450918
32658942327797586647498778044563370108399938269412556231848952175028410771863, 6657683748566188439120427340699225617766215612896620626096914773463387818032
36491479440776939536757269980052012319345523396486069215087539358942187475269, 63099224687516495887237142550915381950290298737319880432757636522175222552596
43114812507390381625743675588673436036225918237351277650722721675489774496199, 68968168627530132810719226514990883099276989486077892796069801446691455991757
41135670335144982439469478701721402276592159871604600392254388257591774464052, 18110797090332492942247034384697536374882866343138690581723333670305527732493
42363968366766644956686058759548153022756670597304727914370692776724725821768, 38265634250544475051739138508954669962900021724393460809219264239710914957573
19929900266162862891579250700295638949323987998650712368134195015021020305880, 68790579238390854630492143837786668205841635761808450759536373947369363842198
15355192128441907266054363183984469234336118148153103933866609157262778496837, 65655257842014613188563278115231828558768749848605152274554980220821942952098
52574648262497242144315511573617492231597599338151538312416508265194075728894, 45733237356556969778069619543161538876687149459449646686334219656397990118011
2604076152575539378762680948183436904592898467481784159980888419744445792458, 69068787987470515897653996957064477136849901534621699351825774375569993854828
38732977767846418719772061244775788101001965429819593593830282836453612295260, 60713807608571127149559531439548894692518650993273273081475009476910310131468
53305434916978299653165474133289586611550276558036038959502644063810911997040, 73150369426564882743906611406236471592386459930992683060908502893904797938112
44046768855030435356914866941249491882964059573748112553157678031947998671861, 5844110061586922416158817008651791457753355021646011726413512854456008348275
19980170734870267365825980875140907296123074975008846922099871978483003219915, 52875521320093125917830121862032398722273843771874972964564550029868499717863
55589395427807531936756114498860695290581586602881497300254782115542745743155, 47626895274605836068700342292214538968767596434594229235525116172070932768070
10654049496491551832929580849778261785625372969058345803245057836694288145054, 27723339856031068508430467391130236079843231469966588073398946187183240552081
64527725008057176549713776455311658442346398459355219496990847389699001423336, 19319990677596678886230287667025951456328728485175602399183796717446346121189
58750471789342272354144756559615347110368272993804680903217744094898764694111, 20423073372233610153960629059189209742648301773684108291601518297666233224838
50023441502658727058423190000672231186592523637502036618066493812544090040807, 15707196951945576701095675566596522424438199270142302903423086277795912624988
40429414373185060839814916461459353569990364371635333722572785095827207079748, 49671040561256454626447288515955929659757977949089425787080985608650792176448
6046394743288704587397789255588897320083198681407550205761286116786351369146, 16170928628329419300039346631415588718987851358032502050079538874816643386775
73177332684579835446097932437480145230295884566025105192427344769915150660596, 22607350538483296869997559653087963711963600439339688833655419184168458788577
69410993381272936585730077193205821933858172794636965256323137850894247976950, 42406748399415720642266748016083750019479211355961012778533975912379214583821
70561759259052443937194751692920392157163628085157091945426923966291160899595, 16406884848709053110154627608815857977390567520275142443497016879240599674317
46326390852808975069110942782154315234857023916823139012146634961170322000594, 17953354298395506337369671330277793019539902555533470543827497144766630661621
39754798599539455432829196420887212691390872446277438555316872512229371477329, 12534819325904688914900858971246847938792161467716249910074845287010960781742
8736734596233687524695727120638106834782938041724387974275825935145945381404, 7869496924105470746609409999251650207282193146327766669291341172272972122398
48877181149003776810021286186080283973915526805897620121203133211305068370076, 75304580087525549993388069732724129298428375299284913786492303455964420059798
16764801076734073739846281461893816925698488382979549931982833670526818988133, 25407316590820720150764240152581721138360432056764424008614471057000776569614
1069504466718908584950278417787723544547331394966964070690764243197053366055, 29016209991685993440004542454739279362993002906715676758290612086075968139062
7151301031397689261848118035888019837084986015921891025532939620500013382809, 6123083681158287385722150769560224350032704588724693535427517768834450340095
51943181913771023090978298755424954798260462000377555027609335437144896225845, 24410922877982601749968653466476200203228720223284628593910953494625800984154
57343452723722549938649536555953841484473645384755960114417039856315924334954, 56183587342870611298914636508887103439171925377737814072143334537134218394334
11192587079415601391437945644823974413871682477401230384950084425165454449707, 53555572625678235607185421479273553061431126539270973860005620174097331614963
1450078267882231135857564616011221299848125534936905251457215390872820226931, 6139274580651047820823711028240538658244978642485821637275076950751844915408
26083322027218289257774063248745408566452496135558481184036457798185719375174, 9228675376344880994002403941038948362489821621479219646120549507595227247963
72167294155129610114352096133189107071256959968277854211680973909723989193516, 27470493442177930804760625835627782134333988050677367017366748103982893530019
1885521802015124765817320928516665903875080990562235514180235317006237933735, 30986216187039355614192905393652135577092756124934576519339511015406809482460
26090309318521471148308647940883767752311705060668132938378734824673051258845, 75807544461241427544296087168485913486613005864858662950845910178417482158280
38301917123307320258399501181480303966086653178651198359365367773019043678767, 19019790717486018490615044793898782351156551592853349660479271645631753932287
942764087827894838764012414851451777219701892685134642581678809012444788437, 1667377262494349354736596216231416119756593047961196962293643905278594799418
23297673102892799845590332398061833193784177925686303268804575590833635320707, 11970947910208987680063782921580131768371856252803103845943609818871432464872
15108579212948480654877305755835190255634327525857938780928725341169707316903, 66678472700145846439095300552769420530338930082246618711988481353900293414093
13625678009903670963962508515859142009463270006237530340589772591956036747946, 17678827325405054588853651943625634636915563064417325422078385661929175480351
6482572564145916962980696048964527030919491250674691780579441750557573366475, 25109120210599159606672763953046338795108953512225774952970603298503030431482
14836230852809521821086923941394982409086010702399205890654863108232542627213, 41138365517082316714473226816145358091646321798018267761669659597257994877385
23804458579257803746221585505991721527163166005787783409922274398742249950228, 39297346772180354724077000811147061439509538951756427947736824313612497853048
14428648513903556886281942274485105474745496377077089138915186750795345748735, 48405110792077459021281241635293392903808959264042630584383365620117742846679
40803787062208435517032326899211881555280674238259622445659267339638279568502, 52296682231120989844760083704856227528374280511969227279055875302135223466719
2893181344918890283104329078786496806983644334914737313351299471564233557927, 37651153427800651898129732122076452650626862327625642669914701392323556358766
18210793373232049510563141606298345639656674310697202427205102893506123213441, 20832492993035532424109441370501572791832727915305874964743458813906732879439
11559972008854735968286183084718434910123939314839983130935042284820102432108, 38225165311205680180830828967933393543338878045775779924911283954784096137086
61683696564918079231927073403174554371864955380099574595930241861020569035083, 68069662895618358036910877492533753405297189382825096553738888195733490737480
37724445796627748210097495430153530551206688550467292862212132607639480193359, 33980872232181268367180015243768740557987305875551323517192169289159435116411
38145423207996500789026937307367181411492807676070161104375347945721536004561, 30324273447056141751938489827348138462077339237166516077850971873442871733338
34724466905173036969118620324419170947171146924459249498479859247579860822918, 54382115723148056450077028552218523070709990204505407213086807394898895727719
29566336447664199732533126089550602474765575825976187223132716307901628121826, 19364907861406309345925800885828659457634104710292021323619636634894427631742
9238552359106501450730546483600546185453888171062935291864174077532661615442, 7435634450792002839284262722134164439111395622200855539071690716633748735635
13694473441087592959690696166784744044010616444306579565339410716496068646453, 38535470754635905050871061843538515325758792218468427857781841531407954639377
74377597938908861451490505295411527493023206055709626753161719253287092768305, 56984207866551888027315192571150645861048358966256749475398052811608617393071
68532264590290650439882053531794420034606149945702256303181037749594232898885, 34867408712455576641041575138762458763604240588700904363632368100893819028566
33144701713360000410501475540254173611564818022786806340711096104389851794984, 48969277955998302188924784783343823835805566159703033598148806157796083613255
37669059600049464701334568599879352092286348424734638002742952965089661810836, 40683218310250000021812718752154943007030186741381633984919622042936089456620
2110578386826232593811668885350524243765656953387667656619779012358415366725, 41557588100600220765785575623048969028131272811826430579535500499518733678267
64447940001019126838598559575169742958573682942612868011753729072447050271935, 11043602132609304138092087531138747400366828043161771179315107699599482966845
19982185273557582822636231437839054675294968064896707846140598525440869145650, 34694828366607920170070353710373503037888040465327585846576155269488643902042
18109656542017689122029953766281089959803866755185221857972380185579385201550, 66287514168325764915531474180510960490827601845759089424807527797119851290298
29708063512969909669081755353284167445540134938571298214602424257725791969781, 35643183140607420217365994968080664890911002006929550151748317479390874240037
65036388072737228162401544752513665815930810371722499811731112387320196763179, 9115359068710640016798646824578177239581988740499841116067640280750159580036
51158916184246690229720011083751391921050811200248349025407432910932630924569, 41253170679895055738935610796293076922385604950833456601756358467418108087343
7064942243006048002837397593143097299969387080117774770470450829641456240122, 60924863209765422488109996737089298866809571511439886814861618465428599924858
20304742244571802529040525413343038716941600379710759209743361285576311410464, 382860721781432298252794196782748335182921597551246084099442646845705291564
4823621665648100122087253096700970897109024010190668133899047144306885928248, 51907499505453149149566295201056316829366633661114713248450265128344501819889
25805669894215012242727851638778750981630505246002075728853819410098497066495, 46431167448456629570673888115147721743565045920897257128325396133812995206622
61378356240420796977619816944197590993815322640630877525742761434477110504697, 1373558069069046770297011839659857930120384806583057420369683436908403137054
10739874278216330771218778820094011722200590405067474312448037568162512385643, 9382903605609786470172674450273829633008036136338062940586752325898164321200
67038155200183911923943938292915668921174392715540548632757663730250896210413, 1106973021268788706615114942166015057954276505933219426519535860698883847726
69180291441849075547610555268678224127451708983672731827744182434905378032515, 7146772233252457949049676658149390070979282100412753354768975336975450966946
68513918828473834213349484605843993821584785763381278901904943388825671272881, 39733645841309713813325799596785339994003017024062099913743691311980180619856
439197096309061984579394056565309931314741349767293620608384418730928386319, 60635532740873796873264932121070883668101836681871439143321112306795701923648
38436571680333047149272961719516536622275866153823702470330772478031183385815, 34999455813173647226154367264303429551775155315282969382131567120401834100772
36582352259259569328692968140638182207118303294362769400279476594411715321571, 43826407300174013020086273616828576763389712322067679491225183347116341166425
22775688632714737685396068178376144467850688368216545149066657047395408020494, 68773891818583795229266441878691025437828158826323446892656559622588539942447
50579262601314561553445013255712725929651819205790392672336989995218325274343, 18643558854023256720256827354248058654687847889040045375012270185159662104884
7205209230425540782644352497437023120529761606894747714507603000966356408630, 6527648656699270669180763432261903889922174132140679844885119806202390649426
37676289693080344396590573837129291333452158537707552641570159410552648986024, 52771497482690691375125049459757619303658474267846465019342904053699164627859
53204131400091503463766485206728742761530650641770330569761917732853651614946, 52987939319257378322241068576916894430107743268701731637209370911445438927753
52244994312903788608997974858545665174931894564733948744661416138205038741590, 35350745324762164861377747134105536960460790041729658185047026926135656246710
12321854262372023866272511281746136213331334914101373318591938556009705927533, 74440608068715813641263122971675232730251269169139245460192567149348178145585
74403319525123063601578012853404947284211215493319046262951786217789934093575, 55501177454524503893408871837977126206872150054735357264741077590246566863596
66660441044861462305432268339699731390573982687778813058121587473255947187176, 47852594277915375061624018791174432070337037959202464496946428415122692026964
60076843266274473633610360839529341646983415616166144858784776396361930671698, 69302015008463548311676011548592421674142429959796145590600751711361407605427
64482463153231165995181864679736321571926523549937217766728067618105996961799, 67056590582046132297749184337708265328032552950436658209259033531077655910324
18089960722093095427073135408531598310402104990652058030508166907467379404404, 61556700811678786786040345357266681483429201874605893521176329822720004976541
43768925228691208202161428861267844239264404388184888197830624666597923857057, 17077120204682355371296452038745574110013073227629222168785081865824189742062
2338884783892836197006309715429491882447693530554649527992042504436397591524, 53332408693521436929465336750244562811217317785758812126214031012352692370584
17997256342835660951756173768807137010562172325589118919992360884423205325389, 43785834676341310095784370786272256240215595031897111729385888803972218862244
36516154011663491308042318013672078206080031982396368347126259242677690984137, 38939726042905709848112494844419831083274994264906547176147329390789104684890
45959072533736505462137385056115227952406444493894113735857205163402327706917, 59383127109799465130992075610880023503460087716386731544400367023906869839763
44735014463821140975605074707381031036710637860355707403058174439247667731098, 28585483977238397736620962794030337668782834563536559045101572840324995762717
67308506542837626237992346908657128293682296681395059808068284954046983060780, 31329997984968816335949524967947596272544775139157493900087717297335773752886
27612185433712911696706320836915266897613514578230778405839930934896120131540, 5172148305712938495549463880052433353897578461192571527187075950732002289365
74598474315716110677107423932134077996572915250251708814284430224374787043819, 20452169675296613731638287525910724131708573425409876107124117594142767588006
3744960830224430209747672616478468042929065093854060864620250047604747432827, 29983406330314648568436716340353239882744658056649656709462783712205373747287
376615490013893395541061971690592252371498518523219267928576832652107643932, 47670002827296781701689578074842056330078663316461068696143515229791204256308
53910878572220116301733648602830133046445816794948300193456424254092195995292, 29917079116623837392743748775737304976571028363394029968973443937048345489993
28515735731762115838737251502824176837061900134973380496684090874600523946707, 64121114692442276455586193987391410329432379728399497437859665649346767001558
13802598565229748993995102525827706264380135998259316379335770032007812713483, 50679270256522424962750056469582219314701153349212074286466167953409117945405
10568103268099524557109006059645195786589694283762074272871468755134305346370, 12810295997514661269774357363567806335110745812021394208988699896381711406893
2423627919436055078916549843137351488431159242627562650894865829718788151632, 74518127014788728874913763014678008143737625855502058334997840620006388884928
27521071341698946630266693926096063024106135606149387986566398395548292142487, 12037730243128928659510650769775595875879912969665406723917601700477294996007
65958238820655617001756942912170024586374169157499084708319238397401025692119, 17377283354897987360920426627209767670067411506131133314079927662835790774639
57918693564661448479146763819536005464699066026895700978836985734807261403164, 11840992922758379738142668157003769165812912352678590932726800371337457656396
8617599225284714701831947147843353256350662685004898176902161842356499674056, 9818695284437111584699708311182753497243250788963039525673222959490737070997
64711922701308641572325100601108954654121600397073933428716465364068472109988, 13246116410834815803489520076141166196581259049017736792112891295028495535576
62279851972243401874168540004623877101576969856923544280861076081969700076412, 41210121461893599259601603816289437751911254259138798045590250722942183603774
40948416141455801022722877820899237298567389548677773977410064905607034063134, 51590858883788461439939954709744138116000626997194908156133550239463344238895
49438392463182459620326919147161005507320262184776584469091369386874481255903, 9888383653353007748117378099871374983151238573035097106179611225445522976084
68285036622557689042853350404092520890538015167869140686772424961286254515235, 18870936097489797879074177653424695410812442539254953861759041193993982405909
65929275580755673116454390968348087598489589157659272126161270896852270229781, 61477003937111158051051659172614884689444204067013784363461348464570766330203
69630077301325176495304016484141106225139340110687762875022701255852049623667, 14998910706714341594695081196946334043220334504827940245938274910118268647416
64068012976079586650778591272527518819889520490310027604129589313290970068823, 39490232617343114728515470814555086847311089963968719906859086518305971107382
57669860714030078677294017016910204973708419415784166658467539650766364066722, 56576666303947964332549842267455602243753618357828604427809442634981671825600
47079981349622503343293349470329250843316227612926684157449459469454246475809, 63147299850161062889083755630050950777977733806612505112507725680458280215415
58690954948476808147520972333232467542314239886045145037501063328161690229830, 53819177994034224995936137483073801994282022186610736575760006400463999552387
61596136678322070056735891651749816731218992816124354602188358387650301220565, 21032904932836924419130595414696614952942423165658016641112368902797140307248
74523889478954807940006548883893714573140188431497862446580304569249294918576, 20747684486150525107104590527981234903203911864651327996089426124076710800803
10351321091190877211207449497915126629172362651494080136305227721063163505762, 25636246385042331489311130050794203426184320520301984136448474375045423290577
20627909242528109960168926315698496580175346632058618331575181168989012037815, 9542436715889597385035721997439568986329597360162427220417289308225752248246
31948592361472402204050575271546962050556597317995963414679028720614810365895, 35802103508117523175340776350154816453646065558002477801442233347497364945986
8743292191131507942042680314923043699141440564528269993615206606584256051418, 75306713146999262768454876652830160870077273831176443470284127199668043483137
64027565963594202313944505128657359181681235688455172390166840201681338928396, 33809863573860484487378973804034847119057290045900937208542935554880041963907
44526585519391221357360713950808577510225346777821766530784346933082804803458, 58556879765807232806436937013033651074462744135239323106136795257454305169810
11048976187754143418694286196684119497318405614701125281498219989046768953054, 66936529060986613549655104937053114729103886220707654622587571906658969607246
24952875312157066235966285615042846115488564853000832361685088298716374678259, 45995638055315432835375455374208411021823889762972738413631191029879152953934
26332739483630779233634130051157396454923623697141751265038640495823586915367, 50079991213214405695954344736087638263749919959595881551226084324085778640768
45875778739800018143363621645510728811506317668599056659958161856547014332151, 46449197017642491169788462896796419426965127113088692414615364755115500237356
65662740179262155477011867415606784415377781291306189411634902187465467181359, 31297671293017503524439590073762350610656165517898223124442197972604895324195
429617623427704296997285094885667456591559279012595119332037296251063198701, 13351202729450671015081798138546478493583571912105985424895854332374693254253
49063067477944264075504720339478641939305912702353611069231454150137148830607, 58042303976243159686027072792440669857671404979992076699363923172992680365172
35730962320712162972967291141742206773537299633241881448339329408350115207129, 40048135764525219596278877152607967189721374694616018610772273369003701635020
27076155562920601030535231834358327948533003259217471779305097908186081197388, 63742448117975434108906175096726388590716627256100667030976233952431369089216
37416550681729028665780764798916879363931026535259834859900440159095478531961, 70240352730287184595927255789360091447631535673140967878129955301215893660894
70810701817045133029714440586662414191576195750929133247271047903776018917229, 34790700647648735262712724681833231719284415842085326807208815141357189591257
52042403836685660723478610294323184829918748255863254758686046510335582718094, 63712556257275218616303430429417139450444885247653253396642338644576953447459
67857132306146246470110280495751670727113114887371295006752041750759304868762, 65094672592372523124231380605922620409159594325456001673436046528864793734518
46422718286637922851889215457179260212174382399903569786470888893629957746771, 10416863157523050002137863947289577345349401811372852392137033384481917740710
64295214533873203313566032069257379078955405492327967963087773316169527785892, 57855321233300863326717833260207184975618821715374355465923906701637339264704
21642999636935570463738189570276955945659957914521118341269365055663310458031, 52052137017512325533973432386157737341175317990127233909705319865855745638851
31417849333820736692841963486443211819787868240173077273128812331494263951167, 35759794238247629208277998901407074428053199157762822875895373728081981703272
68959499915860765677288985827336403102257445994740434264768842194132337139711, 7254742928361186238953293550269732953288406009940166500630756849257847209137
5222143430812737725034633427350053001762259012790953195575774068965732233450, 61323577609908575968185256255792047783359721114257363828734678591024538059994
33266298125612066298557966989344446299205077988252284684676878847806778526428, 55217219492060160068919891535225648692667802480669865707524630096455088678633
16103201144067802737898650460361306727836964700068572310192990025225265426639, 5866942229275365888289956981695658986705378192878848576346665562779121573890
3485551713066349474357571621549425017851451085789573737424177755613610120898, 36253745666803913328905264994691369567772755839329282003619046532756117566931
28697918559528015303666103718124441564750288250983383644220295362244076437048, 23801290371536463136076688470038613492170723238967183963952514372209021457458
19778817142891263624197745654903545941976255920073893403472093645528074414269, 55921404857349810010623116745255749072490111802438236642695982655405371229112
65593477602410019623113121638332880840932560307960347311271171527010425725805, 2171344227177432635059129668427569550329929398065748780514872045765451533244
48571288150865939086115908034023155663673129296593536135408838985298120884367, 34620842349736046318856247412607216287574154056908778599508720616855751912086
20971363236330406006781176037374239442399596684150166819820214545944876797913, 62351233857767673610655635314286200822354549066251610946387310976536809385736
26479809180897676403017907650381646584948518228934308023127181350629987153929, 75963213696211599032967948262655326383958134423808294796660162383244784807339
26138827655526291644837474764919224986905217793139755293508525190644003488883, 58217285376906481554079345233927332397371646628147263683953209747591544382017
69816427059091219797259020719578269621110702211249588730348150946187095764499, 62096580541135550954345249382079578203123079802909607515567991662314666393615
47249369626032746596369032891146146993775145039683276541485506063718423246185, 17028278286181720378061798812129912413948646086591384562584529283234466149702
50573681661645948881625342896577301543153892105596754473745415511070232677025, 41970540169248256770588134353142107635876064024029822188906870267563952650356
56388059769684909752312904945866206057369778399109154693024050968055645853123, 2134390809026940903931908107987558223522206012351620442177998664663318104011
5688943638264022301585514808007595318445374006599640004387543436824955690741, 54954660164072331536534292296950240928137487959494212912240066749899413290555
7274736338648245760166446320740941530012319429269254672732563671933285446468, 44639300511484034402639250093877149104187308371343193941415098013713482437795
43751313849749604868356608284557905778026408775010173732372579985351846502096, 15588629353680233585808069130542009324965271293008495831099306354883208324803
74490522667910049805433183325977626382436618044241392716842812156370127171357, 25013114873365558584992893647273878850499714077136289285102004609453878617632
35866428472799901092964438002062252691743012127847045396440943277870316214906, 9386624707682201133719853855680806654956769650948515106637649468899977175465
63191464523735546636162641561558083903810131234465563022790211678742170487462, 64819011153488726369289803138367579699524004409713759035587671474284549670393
44976687833298337532287738612288475225035977387686189988287871039808565365174, 48365099384527091006872615845958048144890030258564908082428081640667810130291
32557404924382540415454939128203427377195522675592068488459827474655226021527, 30669775736400168437722429502432945258064912534339051356905058921544567031684
1032380229270154036784238093283326790692949247857004299708535512507797768454, 51538485888968387527950907858456074748516507538175754119230585022217197643445
20882204441326138223800854048196114078324947627734585251793724127219295863431, 62381003406051125183814759300607847528498620463966640392444251588550551078931
11505796259124997259639684994325684402470236994009993477213444750332195770599, 4108472149394924488808931826935671729029367246193168726445316268121870933118
57487160820234959242534367461662670321037961799093754987510551374986740370499, 4306751573237887517475809590585716324636300428235096491542160655017161137396
70269032484291512876093739680818589915929899570707306162999367684881941213728, 27909748955671264137964720569693492699109632329237660080514326221022307073026
36888057101477836654880180848584770608569495642126090213062872236333764529395, 36537950419391350372810401844461279099400880627787223632295938626068629099411
8117291300425986140092522873692788417001192057233812233484676739969689615376, 75216913045980823123585790747581891693080770051755257869127490698417002751343
11855662300015641098936114996095975177418664145738488870449465660683306843915, 55377009427445077209196809867404456049013236763043114519603071138111314022374
66117350032528572750748818196791249913528376463848536383302701108701135293658, 49447142774274485975134730480473559024201850149866863255447299276351582561660
246102273691313266881439734749570798928837207008410048515872057947066051397, 67833497124673086518362132037876732017073500488540351515945439852155180102099
49261896905473731246778345038080842487354816458933978799184740102083925422094, 58995898018646832664366388418172902777631784907299678729871263771114704895602
28769763814830448839583556902434234141421809462217261058885433109061069976084, 10091030065546792186287464534432082328661268605131039514628616801540544161609
11018048206449527495863559806046910018764499440507154562524291474765387087531, 62581758484616935769449513171144669804087846183593285883949170451009643657588
17532231987157819640510639520674693623384416426017891329366456599440613719944, 25461860968811992057401432820639273456497306572462388509014132631796984112042
49293455364695831158585626583341108307069791790174577742981620617630809285962, 22921819188080367673034181619087028592209148473416131037931529104098841752771
70872152391052338229347708442736907954871623038942071867248373575094574820322, 20383796406488255769139942830640680425083563762612725087184959960230084472056
30256410861809866737137041663044253780544660111159879313975120955143578939385, 5316212109645138360655048155509534586523422565949822335606320080261236660242
30390433894494281053073186782526891094251817265073180189396420223041097395555, 15410622643008695639736639808037253659362628052276829204847200463298890868130
31748505638604794985858967695162994374386313712067607794835123700237845957880, 51982235073073392661794879334023492812362907477132646336775464226614883234886
39919473562982115643592168574797486792722857556783399753253751926853254853012, 65304939433594493079897559587688019413030445691406442411256148339602800248735
21879827381249970693240846288634047780577473000429881861206886980840363839576, 73086680270894698474905319358570862019286620270835289696411236449598431168978
43644757551714755199671577196080713668553701848728682385636448577094862992191, 4108282880694564399331105384573734661963538974014984136551955815961204995076
59698852671911648017219240843799875111835422847463885553707264228438640740928, 71963666750910550662977894067078498249748963968097888427089395432265037082911
13884752273677003618281905501341797139230139742691797986583642796827992666524, 4215570571119570954573933226097394895507057313520569230927892542894777283788
38190558899126924267006923989870440750257885659361176167244753765245133968838, 39056490047387725068320397458445766072551505287962379340303520490727808845284
52254217945472652389230180995008535616767768428722666159469186828403702311728, 58271148817720243761526343491438780898383690151846824341698933334755555055127
71249972477615859549991541879431742606774665697099084432666675541302542135053, 10710010279867265346271097278640427175495912838024668114229480689524666943786
65577639314324414697662049389636877228498221276864284555507856693231404675407, 27113644214346901085275663695933900192535965210571057483955769354936682114748
64556604778052921100733902101017915771535342168282771063917000658422652069234, 14827832081942345618135094295470997210505393934955953859546143752808095679207
28304778428791374054768541056763044491752144129149154317438872667855358063356, 10457836171049200605773357653192530772477999977770796098304175290468734245833
9480232729957931255733676583337870380644892415687803288092871340304975699833, 52660045609432605323660416858509735013050956052184004620002403192376981905050
25057679257715982859819406241979825644596536686176886484310763722302933822422, 18205343784817559932257256419813318077482667819853086452100415917982493369473
6786989169070011283942799804253124724387706102295172022075597331689742688727, 27370973297664545221721160457287841573097186938976725181775421454114455243660
447080020047122849600504843784356150850007007944486249562492398780110438593, 24297589346690006151378347905464191995490656694562377910786741326071315694921
54143688497228078273015915713566622443884901006011848168408429640238471889608, 48468900389256560055120508300271383996735825495687854169971051534669484664167
24745617809018126419840977559896661731897039847473531861306794234486296010508, 71167047374844508018203058683436632402383178821397411889120637341115102616897
60647122587216086247522185594215977473543317946665312816182866904152442645000, 1617928110196847192072748676469299226593860451141879868943174855499939535455
63817914313416723600611229705583920485805250206873371555739040785573407436441, 6073038958348070998153110385455156333967339279898790184476008897680413487439
51979135575657409446927765853654320359560048482462204516268626937957945231691, 24792269664703929002895626233530067896021830199787259510902131044821740101961
57914586069062270898453995395716933676839905740429087496124180978441832401745, 30294891808939694472508024048074877331772176980275976457191520573464778388648
60685488397367432537068198993142552390042729803241924365669430350235182708412, 24636213334655019620385921681336342777778207821658375990525993741954274963525
47344400087013170157887034093040558066941853574112997745260490604069589567642, 65110567634332280127712952905754786279627953254687686816195116701270106750521
9683495425714465962844347627221655782800914528984847443652276683851139789227, 67210860919626199259371115397701072377675827166700594835026015786900116603139
9303250094111871411529727149352521165056809412672247389174064651050955471291, 5917947744030189416652119076394711477815087352013552169151701581407136344788
6596334828685669298309170350193462123547227376578148712809518950879319195178, 33403872504142065011300088570447470529482513808316574435364830752363933628609
62940910399780912320486547064309356681526891429520579037575656161955529666382, 11222464541052601771446156009845440841360817938820019182922790787857369673518
70065639264687375719507538468624046761643894472262816333467648990656869141925, 76134331095592280059822662356830938601948681066857521532780358601275261872013
62669817686579585138390496887214251350200873906709549849584441738319951770405, 23222012406541238041020514617226722127526278232904005154417224924701047523679
26840919914512711017008523727459328999874971023920654936893507398066716610463, 75173464822036900446940582950838677943288909141649835881863694176471342706932
56280092497923128044536962125530766467434691141169408501166565874867431694906, 3167942576503261165485519488461140404815157047928778187405185095852418948512
34055723675056653427173613068764277786535803279593093788132300760102203350202, 60971472428257431300005174535352855891716707673368759257821447511292952410889
50547548258275203168868980382188862426435889397194874179874140138265308444212, 35534092978902180903195307060198828643100564655494684788347784924959589324617
63333560164822173062703492097612644168417874212279944551158095059992222008387, 21504063887590115945570287201105111676119726241453695866327815781463882734231
32031520664857031557618247028495633517073736542961620936199883846112960821216, 74587821314110032726222336213478240663861198422873874409510559639170499648248
42460521821640644624869409116837617405196259961734316492487957923473572324119, 69580160583011520575034461330666368971293896805427401475264631009615061477558
43348764518968029554437050471379940177309865394757364214931811100862832412556, 10979618618153098355169517169547428690264619564514972946935929888450167196418
18101690006004923183471968730457622302436534153467547991405907394011798655499, 30482196353498568236846670648633994716065143403939602741615359921242345569014
43914601242506294985571718451069491082957582795518831784505771863692609228390, 67144461834011343162107359724439169834118565084483706822071518488171964781166
1237380655102982860521215234021674479059351798603676308251307525669099516126, 76297186645554794416632885068165854281461671555545800805339839350172733342432
49349890737827607821493765604311012020059321307047110889061218475751651813434, 49374892537614527932993835362021184822190410452429371742285383105951098404895
34109557562617360464188953006256121307742865374197803272939524593978086599765, 15067053616630136670971976047029946710307629043193775032353681807580219012590
22957261534748998902503869114101356323792249498964800694355105630286924747117, 10822347573844763851832433665255074148268564574685764336479286275737932877073
39174016408849302066316345887002053847301697968478585862419783465713235719401, 71907507227034085711124348029957063718493676795863100620426246814089704347465
32583264938596960727069094546813424384017758124446263333381463736715565488700, 36991957646407430908375014546415516939116533455132269418449626844182540226494
66067365578600728958034886317278522928535297020228492774229880951530130110241, 62215192931085130222511391822408722822093301483269763168784050823840572829269
20419909642861751674114445013126704534951257240513829547876951756769553217219, 34708542072425610106704866764374967838940120034538190863384617245278066000241
13896538709764638509565980779181269969878852330550909046681785657478397366101, 15867520082757448468241952928993322585833248960818761365977704801551605505372
8825451440279782012162566875889488923940887218137122451382526655399368683744, 33136965642167101718322029977989276484795034548732198924819835483691742682862
28637614773070761577884280422423849604235064606799873765504767981614869510190, 53005325710191157370502917127066292325071528168224215911563468572338163311141
12684268769550857952474170814055687712884752568926813099927088141595359305693, 16536494696957052251933939096868144083280366617803544835325667997221228820089
35643331822731359652492820239634432536830881793149860010135762639732048930877, 4155621058974459797868509917581797315451272461735829101323795550065843284235
67320793437206895875897331698906460055633362491203213092366661268916062701133, 27999383141546351793776837616422813343579146109833892381976829671580752804731
