Elliptic Curve: brainpoolP256r1
Field Prime: 76884956397045344220809746629001649093037950200943055203735601445031516197751
Base Point: (63243729749562333355292243550312970334778175571054726587095381623627144114786, 38218615093753523893122277964030810387585405539772602581557831887485717997975)
Polynomial Degree: 8
Polynomial Coefficients: [39, 56, 42, 18, 14, 29, 40, 52, 42]
Public Key: (16741180127992497589096377311333348456221743198619897737797089693849970357921, 55177332989779234274134427885815550657289915917069528748246165393803841583355)
3143074020896101376878103478269975824959918132863282742041863707879126501185, 50773100721219578968149144655080928591508454481227083505000366192019948637277
45318400763008436919135690416858130058364946162117403409518211600830931383069, 55890362536789860820900650097926586616958202998976997033914147084315502031725
15466460347326380903390524686094048086869915472033558851424329605196477282162, 32311478049642787306453764015446951176962056425015500695436061866219265940645
19462254048095860086025448244004504755821547131342664840843082492283493503196, 36316570340638585700203547394931802405126982869178977933678303528172779143529
24436079981300441448165819252672212641104452383914422153120035230700388797850, 15097091496153296352534422759114989225791696657737815880012069144701208812122
127021959386172715089519204220470144309450355963317159534043243371881561599, 26600208309150841668304238784589948405578023120604301076795989888045947974867
42008707038013976535976499253818352878486641595120488844671236775552226776322, 41431117798649115958757156160504368134490140700412288263466829906820122908020
67356355374521531057432131756367726483767873314480363303156784594132744778526, 48069898998122184967964940597827209537819058486013781903165056550421884379805
43677144811672214291168684344109603606592527648596297524314704290550174123594, 47079235611258343611587493473230438770773872192374440203861614592023303530897
68237716111202113468223738443928098205057504880128428709452438799528115017025, 53406066094941723774902059793693731881170863180168434095415817448155062014502
3446535131905848298998196510359119164420623836154277420239273632750917426131, 55525323384429652663796888449797818319521074790442091149671767739307790428698
42358328378023876449948097357469033854946346435581823453588894631230716436037, 58113797981588620344843331989866195163542326554842240267163107399511044927414
1118406230805886457945225166804948639815311913204580237735245467365390053250, 60829200669858299958772060347706010224903253584218026630295826425243383024971
4562505897296627751917565896399210503063762998983756200891818435709978636260, 43408145313837505417544652859245062727096675036724414477668894584291314512852
38589294412698450270166700886698520989565842010426278781170835820634651704262, 41265791012482632804220173288216939506808392734766443647981196187617863198125
20398025158569899501398796991020940364971252504814468422235882204820023767930, 8932033071128966140596207523999157220551777377337536932565459688527126419108
38843377816545359616211051960765410898627249717198661423383202711672960015626, 62628569895552782759806001890465551809502197933604007012517472258758169176927
71973543047591890045640675668270984257670851667399443955854570467053427940127, 25035379905378527787067197761826800385328743835948928797957664644119889351314
20271687725356685430393883769326987038828815170340946222638656998256811645223, 6686102455692261466787404106715378039596434785155530290571276380762891761833
39081176766587414856957677906929618471566926894509685688611371168291886852862, 52656327641952495129974232846179136808538364256015399526152005706228867868529
54380190495553754647868937409810531850277069004636912847620337244358102875400, 21863691430837755148150144184634208891051317044864885931369765128147201523979
47236342113434403105808547926817994997488027609425450986907167045240847835982, 73741074940817300540154787222627415994013444627878457630429673397735122675074
29784683327131064746821818613834208521807443248423599845375174099094259766623, 40934822506806514867225957356801418670369343710160108418836813531445909365522
74473995032554617841606773237931532198606479238788912248266877572402999280973, 52750800430666937973186594686417638787485965697945904159205006884570066457228
41418205086597825143409302819659897183462897249976871661328405807633107211592, 3946160179219322908234524642059269604803168437234843381822442416887014637771
38518356660859142247453055237033946246054300461592428726402733590175833516551, 43321407546832937114992349347664888284091602569827216493599148634305196739935
40729634227200964631668817319816070476947288626212595737203636194955995856500, 40674355375590243430476121215574467495825648064141722855929591064498924599881
35096743659534518917980600597193833139528877420967136927702581095978758679945, 28447853035307686995461321322781733014275367945173372119501723648001432520739
890415658048712166306543650564729454995858759570629486983124791901302488685, 72071286531857600143308106170002834960642467528931917175235846212980240179402
48288279126338327372922714414887479436142839568192807588123715195901183161486, 41753363847296909813031672271855036229092418201431091224433928276629988891141
39788972505225002043253223954121967347290648961428207304957651027436986927712, 70317911531866590764083174435736994266588182760505933613492135410961869842675
59011610847664444139442122579875342319048273299513175857643144776125581812811, 18917930931884339427807725247385791874610776799817857024776958183761667495511
16747344220843534863823433982285964157663331651265136529393033086426390475424, 27556696627852849379145880197177625120572455670849740228238556749267551170564
46821585401147909612313897959654358941219208227938028958504479700701078218774, 29269866453328785721749688156857392532151691393765798407662694724557421478095
26690180063646366467662412613599718074361274268096712414865534695670292774868, 51663688474307532298224977903441825823068642593254436762331934379504153645243
72346598634968154535826602888792202313042828036047029360704286801895381739047, 31416328894435182739405633052278298378480794417841427543204694307513210486921
27446902562804765979552175927308336649110743326698696146436645826924804741688, 72035812958459209056305405030204733166560093146540166793962764704767465728287
13107157336539600402392639060711473193903342302537136858333679342774070228868, 23976648097200499318040580120287924934249792426896260572044138400714455177104
49195876334217724316830573317510083459890700667036067005830708251685252787801, 25948449707597238014158180509810675262238080177595576037089786499460374871815
2892783930749195383211365124441783671853876972816260727245636609616357626166, 35248719931838836430030768004929224842272292167936474437517286617631505530903
21022870163823786276651727772784708368711957294944768782108743028684468664941, 14196827899525701881916756412998129562126094653723421097697680448507010936653
75221069418078654594366129435956218375623731328947449358998343375603614240656, 67344042732861764612198622188597060141444197126272551229035592103815771658609
40885264137838754756971118064880336230702266783143592163890273232132500766983, 72300038949278492702230267506490622864166909852405131483413753848675616736610
41051700145868155559687163922733753208697707477986391605951131294561710544893, 15623211330275307530897915508087583887138197968182304652240989394151430403461
50762086846592605335299268174416135812864682495551232337798505242226559773617, 16634025948003262717328519693519865678064792968472503199750591994043246022381
16762421977596167476634379307142233029974695304859005812353621967377295745608, 9298760339031388442681593845719364593359807642411105659048847862642029506061
19393628588022201645419043696929290614352664620189241633690004708379419439636, 17491973330569638866564683321992100809474632931991168322503329532809034088910
50866462554775606738864766219628357823383189538542485723149914311974134418312, 67824510214016822961527716445596366608972064983597843014951694111368832469894
57777841421638537564935302727231493207390439332385546836389760824357738959838, 40028694775778366652298844048959861147024234330729940884185571631973629669849
48034971258914817029236439573626438586485869410998049626550489702156124790930, 27105378099869057967001496647411937961322223879161008933834537684318453431392
65336906336852798959702122727968170040332864226416161222752561970019987041416, 45636738985897122117386381515058674666070671235481446673325004715632770309162
58355514590589563645468443391137750457294454919645393344207663450240172679085, 35183296658035436548715112112487327733384459790014787786186533843517795086368
35530307347418633071462432873031588292767112664248426394010751364787272836989, 71102538530759615662837045069803128667901983290099366191359256047552146988478
35749577192109615377714486145844242957589766714609603432958096260528423714802, 68412379337646043470015201838336664560644022289923999122665785682841798200038
11335545044487100064409935619740985805011150898357854028038054164753442397694, 7717441902986093738664650596537835951920023592333333676325189974644305320003
8313175846789771068884789784937414701035988218411316010361849551553330799758, 1293706448969461855885715726271071551919902456571413637044823253173245470325
61886801675478170564452231988052028631936928501810757791649627703133961409570, 63520441545528125522784307566074313551001612902405788421745265273114494734473
5507928878479357819807688868182073190824087327795849958958882437537811439554, 53565448183630625305815188674817202560920725280853871353365372488446100308439
57297385589375910579296634021187058679529508432017031275890798406801343318391, 50288557979849275147819025710451133935898241150071337202550238312225544988105
47330571366146623960197214509985044987332108150626485471995951799068172920754, 9280394408555851966084141473734575266027928447456246577262307079735131724320
26046878921649871844642243909895012371086816706633919930268175920417441086388, 13905531561066189084717134809497671751387936509091780320256695586924366165521
54754140663230403310533938727741855171981172740070276044528655532382649616988, 13012082163095448443998792599596865627527954620528686205925758539952161362827
14504435268118357350765719195465185089249873470891330059025977222728070672419, 43290260726917568202238591926404974955278931245214140865471764931551528203632
45217068593771498637765426373638674539066091259067125261066199662833319354979, 28849349595830757206159336152765792492435285045385323775625171156059463861534
2838992470712766427185447001822620320883356804875530785240173807795522754680, 64564549938566774782380856189449646754479733760371981551703838110409823334736
46830637480389128045435069118152301454523881699378260294546065672534874709469, 42570840033288429370373536053487505762127371828081521094469992383500432032366
16883608073741211662111136821367454254068241883677521296299798461503655707074, 60706737875654325961926901828874849718437157756118345408315091767745114668218
10488913862307265815294960484876160723514062491520908836249433715989873602282, 30699041800756813959786707213399335551619728588658443002148413394659142678775
44785338949851482157095751152287155741505842467906086534614701319982245493756, 29617886924992119729196474521973541596226040209012008108662910148989839172226
62712975919983417947052258261554545690948226347129830166523191083170748670692, 20462496669144484909317769498594318226298871247659085144745245102599975395441
41427672540092567612452748140417747500557938061176133519364305152881047490916, 50866725287463639767769874541601942525270430347586720612740385087203022418022
45570709690261468158738480495983887060401912494886959756812790344622791656447, 23962153834581436781829086005815883535531191822628210043485200756675900984085
24901214152933071707946840740498061242703071229163126253910533615470097951311, 19467298796990883213875915823013729789632844617788856058801212139745709501714
42116450618601137387759027957740897439413065486397764607109598061934061048640, 12169656214624841135189601956311754393037572598866395833792303633928731576112
28932639270476745803778924972415169565720247174510890318597700309207099104344, 15859955804145965623565092808509386813129814014234858917579328123246027749478
23558684960879256966521329929652157014702442057423672724534620482356785602605, 46772685671905010144286098809527160315483211826389022980481491893151728891185
970264284507394252001805618567575507672137656903711830669925512388119686232, 23796667450120958676905096663101749152869823991568200146371699431557975980538
67617470344415754001737630704700246710891009927965330978151593590267457516579, 44275008189017297020454702632722921173403208533300427031148416787236094139881
26652466399360192137064868215712941839094004627123080707583167603064303628220, 65496753313545561203982111361002783184494641700315118188268540563359561211064
36093513225028698332122257772194082642059848298271074044262262782268090910104, 39624353774918500934477458322636978375855383236339234817282760880508854262084
40761619660844002268225889780094726416769464535329831647114614515309586043263, 47497792764074542603003486052425755226124200730029839821630016800792452973552
51552647203269195949070995134381999561587800479343234740702171428794742969200, 72865776004523889096838549574555811876397667506032926137081722529423773262841
15090160173640053753932937746875470614026940616898259044192132763358275023607, 1172108085028781474824836840619423001390785703103343831202046396984878346913
60766050862423016282136248330279346515905271632666659351624120740566386733132, 48990106355926648776361758582945390549535346608639933349081599874721829977476
956436378295376829400157865971017470977140422008009561563346911501231380183, 64484306652259946846240648073665046310471450885464979153191259488650399090274
44046258913767887805024992258718978215940830206844514839738109702829910973383, 4993418210923744914348798171884606712891417406942565899886330883677921596738
58320394702477793771745494907959602823681853576373194036272864082170539365770, 6114897418181460317217115217950117691279727889854982866201760822639662259894
9339867384493620766357341014865931646915929683859220424340527638768842291011, 32623152557644427324329769166939540769224116163854519293973336328489306391308
13130855666776462747411099930288856760317491977615705746623902005026474274628, 8809361860080537683228711360108059623193966246148692070356188839230349052531
6861686189108174177287311093686855211156815358828904808714969018950705618655, 68747764896566677868598926327493668978117636339119093098604569173079295704838
67441117720424373635226818719629059956715462146491945853460409603276050858755, 68059505898280518512627490048842796092580630539359639065470683629484078780639
59464770634846786871339272860413239853757173465843161414528479783018031098563, 69336548442592430590927373319204311219573895992938075004121983641101552779380
18013981357943437360945297831275918679424511650109983375180523194075764134064, 28617119649483127258917464201868553429546767533693586795891410935863639816182
59791899452993494877977301872139397698430155300564065999424355845427091674449, 16682884722017584579638078425560770916541860663205978401853288243276521490247
76059681242087058173878222571999135097529872315761345866897074748369762464671, 29092500144442569300415944792145109827533089423268052486596101723992950413327
45206337200869249382391146139278423655351458326664529923163861673141909703894, 33954867957047842862163100283164925172262705692826045896269113270878186574762
44270257610738908994911081113453795424181661758885432432190391126305172423708, 53515674724028291928756203383728484862718164993588773694482976724423938359754
61731334928959860574528550108650794272897943299683852028022354993370129869073, 34354094298617515192034808153607163704325197163358654277378525811993263487225
15252589200901771972841449122777149453837271304656671453217741035218926944539, 45348596281651652285831701563762397003812811356253012457754125185562866591659
72568951319135291296946159865427115059035383233892931367723249621120714144810, 36179263489784306710751431043744711543643265722428456246843147063697195920401
54216079404404938344989822143666793611732310850687867720439002990471025403376, 35118042324283436894898546833626522158386358672676207165995137891896760163027
45027426009637219805486091988762052219698278431579625480642466860822511297160, 13291507928452193218742082680762073881151241355945813456008721711481814355422
47368986738022990553533926036279463503891965054658680502373423316174013879413, 51009682503402584669769604883546067073594680214082961745848148063893346349839
28271721693713228665682107129243248588599669902791488958260554989068774198174, 30518614879327900526556982105001236357662030435084290189742248191784085226787
19135841465671278056171429024796817184941558148254679777911561913977145430496, 22682428325319287951618529902428604782063902966314633160355468629916196212274
68585180360760606341980495882184481395647288787624552430305847812882521668365, 33956190390823314678123601839674244508771676738668196432242854741609340185728
12799638285615507276835324689998933209912734927912652458431827707676364808935, 16313942099818217977437743167201012271036474782995202097708916277316011710579
59231756510151466711008007382757357121481188909130767298744277262630810951090, 7789136153986896240272245388257568791932805368504945893362058002140348775139
65327298065013442544784753542173758543557998653006626748513372322220653290655, 48777513285780276404423298741077645380695352320466331126104762071357976172180
53130827429312606769697464221407263186724165774255904919695538725666596709733, 26515984840219979575616171820330335038239052749045909173849811508803018770708
29928177989599840240772869656800570476006935497201883449005780760143718880399, 71093619775709657947919258337518205879551774248505979508765044857079192253006
62442668591778498941418356712977556912162593124504690812985705492780510884900, 40658917267886062160770275369930439707705717832507121787229877997867422835204
26215611655423369277475517604227396393059025651188053763179316851818718807036, 70881109799124214233583907064873254677716073323140933238651192680281845540599
25812620473604681027506811864744999056439155105272359868982602458264821829031, 57337801283708021900063488725778839876342418261555124700477210188532537734717
21869119506552514720826483943630802698220107770237248095420708790186232222712, 41068058577035293595971641696242812135313310124727576687946404438893813151434
31973438949569077399365332206544718864741112741287627598692762885558922685477, 4987456007260934836000941987043812792946280553478044195430179724585191137698
36882144569770991032806818927245767717711776671887233121992285294077565913789, 15595210633169204316500713856063707813147222211586374000697822553736011724774
29649822821461432368791313006718652812191025096214420328971835953161098440531, 57912957544865710681776017436782006129259138538851800065823544062732998067920
44007187236202420060604937681009123712581453300283784111305377066791158993593, 20300186414484100855406065287330071784529294814049296471149309979129384228493
49617820984855152065553845377868596865248092615043751497426155068115828599974, 21438235290113005713663968716648534366500104376052964936872810041436093353689
46942499761761067622951701376463892121495014553852710002112459150189671768728, 46663026486109461957145907288557392157277710398470554105534397616361277944184
10147885686372239187687148735676382529938662344944679970644112868845491715614, 26588622995912436162347792240548855792844833638331797341423886762292015032086
6765570759764419564995784458875675981766321685499969801640900786735969966878, 29785329129409961691908698914393301961155400181060606996086769360396301452368
27708352938953796679550198382738513736483029706787259082469214821721394750374, 29136165458436536219029383830557647087849900489510762778428141460061820378626
31808839869277709652543656845055263392239890831112512537622350051021977554814, 41316640926548266833144575177041404973775595784542761294798843010081624739487
47315678357482508157786903857359623037258040040232508612593056950673150610370, 14463646328339036953769570765614023950415431165060052420323793392935399313717
53283844451728817764579770540330130400746394094253302698808700932857006167677, 66789642161974419755486001047738199599165758156772335491872183526577783363835
43454130309566165498459006534134135991348295389863128141383757371850574730043, 46358528043927337613289040590806814496967390467325838385655402254030118735193
9157198091619262193962404709480122780004088484794717110491694829683948758129, 55283178719426094203259473861141855752938339846369642361965156620999960668064
63091734991210243770593967580059691039074164149665411441712842954986505258864, 10749364010398333984110874839134478110625768501274117204224656961700830156280
26377368841464962027147901219263739639402972363048830764984395577325630595730, 72778100644085655653885073311655569049833849785802409975507149462053365177529
33622799779843672442464090626789661206304179714540374289983950221974423057728, 61402662683148439650668839863556802871034076027847495538805380409964893975628
20925871365413639833158785068724796762255591386202839822435241226185575749020, 14607019241228315778959667937932357511248121819495783220541107722690496913445
76380852310343014778886765693419089751519682497668374448637549178076343475217, 27881996661183995534668465544870621284412259999352778974941029599106796217402
53562566416874886070747761303034707624508545584265992696500211997552853232456, 41529952749471284337790267098905716588415107190742291923505266947224759039648
31012629821791600930012359122724651793465793555168353892238140776361744247561, 21030360299576703192995934450451422580702935379596607489116294962871114722924
8211300236671362514407478434928700396785658358056861482634232693717497651220, 40904434328470716164782644377971789530498641307419278256240581156640452050108
57466157568553822181426261402330168823373175265322133937077169963509412513, 10313710614346009934696524331565234864236702257860285878527593722372722321392
28341020698223446737343491572030217865989667454998572775310662876003145498556, 52712753766604816957925944787453180382787623621441066606211185471094048559018
27159883627772474410085026780956121617991073888065044213931818612487618422779, 27459431530605192634778763431235237364286224350696041098619010390161800690244
25397430414920318467347207713634026470093962778729040761096249206856705188746, 68109253529674447474392939599116488854417799202058500547866828281485801836927
67913081409340601341549660372432253166711521658974636226475734008953283681060, 65013873935673885989625095696638850424991676052104598225873461568222922521002
3654354483982082134183698626010394229507244240483866554260980421442311596864, 5928361218876382402750458613922046424409985092416445846324618724437696338338
24388905282770926153484437166559197129548321497711720415748894900529382973975, 72622774740389551075432188962373315609565957071126404822646155006502023115128
28442692680065031418543168343963412434135714097103882034748540771241397393792, 8953330573642840050947984465443235428297223337750797520074099514192813173006
8211220041228836554473073521512096583942622239300027691901338532578776161267, 26066774234303260902132682452577538464171643093036686397143861845235450984993
63991247044960840732750360472647495031364913938478308487127852989994089877557, 12458722671320817511080639466277037836790907156886047719152655219130545352469
37943132657105393384019329477248600049290185250044532081907904384672341829867, 31649218903324955980521109270943206241823261135639701495087993131539511632039
16096945522621634807173997905371191957135398636885525181227792382972494351973, 61273267278782605201122288143426894646099254267196933680498085477184790693565
10234402044958050632253397420547527590517097978056329216896519565268822143720, 19585252194521206381426080080955535290238096847255555722547377572162907424324
39569394179151410008499004800581079932109145086423821302078584858398004383990, 40941745435751195916238290174876822868513219578421418650490983648623909934321
41652706566321682479559247789173923812618125402025239773364474266574754633883, 52548288767494749578950889510414377583834641674538806558279090907797054041463
56430975790891983770941922986549387219805514868853571383333009903036336578675, 52429911164446250784744412382357629796330320699704499985011775461563201324763
29425924341187405924748280755240807626495561915641510652604490030547552948884, 35037149290590900216374312587678461277947102589045394394984577584053333621876
26153956769936132120972288632730871823571156932621323317888614132292041329113, 19502161412949934613308550482728619127312255841954759236359562994865281325636
7797338345900810089452503057557458986474225317502605269567716954451015333710, 62040844013883498913665279629547512869469290781838790795522256493561517336149
29441765943789900189520137019240755774168653089845633852467763857370155243718, 3253510796689024007759943887288095526510791946021599623148406428077743900332
70478522077930212783567581759803951711621146728599523173600053933267892288538, 13069788284206005922461045922341962042430457384977339166009146513973109866896
60176920628710331970317992863433684834040965842911131562693270815832434312199, 42729210436917521474570427280899216304507001134364602073300935558112462565119
47448195304007855372462381621028233378308349296482467660125368913518764723228, 43013006801062702496569554773821103206938135461591249391339614814942493289528
67652642315962256861897961422020264794166975148864192321571422259135100319824, 73103680728728994278135715585919506944650149363311279838763686076507753967293
31178174095203830604641238146603366380009315771403626989216421372690228084140, 8761801967787245519294864117735867478920089460803133552373356036441412994869
23939234259101836918922237908539576789592756701986515631100003482391055064733, 65763943493504989476466936556117548816752617232340955620736214829783444331511
57058030945577843652690488195515305750770117806906276707063313213312578636382, 38584449979842201489900981394337489117441707678425128661936891533316124761883
15359443973137038304537409100302980164303809501417284556048097142600763241815, 9141444950785672125535872482325922392994565379116806747271974469464549763899
16539625839977225788849039908590460009778590127888210324461847918400604975555, 53749679483956805086554373379780025217081844685309993160906956407872725073746
62436577305427109499684866589220566790471564940408814530756741632196501102227, 73488080088778207719987359217524274647043779245051226297041107354543498833707
10900113481788321876785166808250083876840001745499695704329241646668215070129, 2844417793643487535856054358058200838955785837916098615334624757918660447336
74529219388260732411974113034110988302456277943257603169201684451826659059366, 74407720026820872499796085684094778415065254462514472126887377886110277554980
8946851113787625327319497285033663200338334347177041650032909264660492636874, 61960654771574292452375807865324143949233806168715394444574080793584548916895
74371401306704614571788089523840576488719687579110563785929614219819000288356, 20193720773570147818268085078085141408868676450222804278143700790315149413805
9039537841347631768122404141926497321281261054894077303306511503031701235701, 73989751642399052179028197168285332086443793010546725221399999000566167870293
21148905552578663664658368643555245929758313893249617916047539801615525317963, 38050322566852735035092448359371816608587684679663605285661328343176126154412
21970817283616365147218446703418227155847884497421588461054826425135333409611, 18467511787356801135076251702415817647553678501111686327241113346578543060696
73808541700934769843835967847057997052737377900273221781986556712773916998181, 26191673010903109163244565515447985066149186004537688908188169316985630715110
55174056920881822578560580831456259845028374655899937220256320351452463021940, 63116022661340381647754829794794505499914547600897812801149439000306888807340
44699859294382228458198514278726642048212653576946074909132541230271849440073, 76092288232023561430366648088885689911395050561597235779832436141602755456106
37251760641767895428593161975269068228457909685221130689720507036022055878700, 48720966296452386616580170123506541361339324365331205647883986031479959851696
51247324429785830184437702515921080519884591987396062515790078609297208082508, 70068324534341384417980233944750914548693894245252840800150009712166382499737
34874707415691403033295187376872677954728756365497526723193697122175236748057, 33202460542832440333828169245687346952366846303752380024817754054862199013537
13953366343486093852832322752686524895235449313717311386193835308247978712249, 32970448988090665045731895880436657929344642626290812084958242193279572974373
507294637607623135141439442196769987287547823917849388828291747988067800428, 46863000903737626638933139698957285329294459111509566204475128420598314713938
59977232171511403403204485073487674237914822680319663779434952434959806549041, 32061340301813727571741795623172371253836612778328748755272760208415231641376
71071207601590170906894973065354491687640340369910880789283307053734015939081, 6043884946721792830650684344681501560460230924081912474494346098745094661350
2558637409578441517602478659056213147610320002215732871971602390541578528325, 54595811070559618964337583447270589117212638117788312479524992732330189943226
74009473323659665447775862779045767044210358614257953012045464304384901103802, 60896853855064504428898647831688744977800283796161168297291234000778648670360
26295169492483233438684683256079763988308554309490872269930313745800118181106, 45619387859691464529498870511625210236181049019079787412551217564835757189695
21689348725487978534181256730005349486905283128739095275031600441195075198743, 24056748146256118740323576179201309280811364398954297408754483891319802610080
58954211773316827342473036113036871046017076548073198619880391625712684083346, 67663284627069033480319658353420286637564064901637914776946585768368919500201
46147470116930696747331143991252259594569205320328200835374464073923073088785, 70905795620606823800468313171613668568984647663418382880149705478284306006097
29704018841738242110669292179313299999838495338304151106591442041136412555404, 18380233996163743994362523648506168693289353656184319030443607692121396196552
11381382047988896383278057016171292303621779932102257889492055969492928996652, 57962834335283682991555716474355508501197616336335050862961538427695177182424
